1.58692718,0.0199615024,2.6116488,0.000403690414
1.55043769,0.0964336544,2.58162713,0.000789248792
1.51464581,0.162550688,2.5927856,0.000184729448
1.55826843,0.016731916,2.64862776,0.000212565516
1.53879297,0.0131964218,2.64748287,0.000138028219
1.57096875,0.0148787946,2.58543992,0.000358825171
1.55800116,0.0185243636,2.61523628,0.000250428129
1.45045745,0.159440339,2.60398698,0.000812028826
1.54930556,0.0155693972,2.63187766,0.000197099085
1.51733804,0.0937054679,2.6371789,0.000153830144
1.55862057,0.012557975,2.57972765,0.000262171787
1.48327827,0.16151914,2.61102533,0.000283081667
1.53847241,0.0749111995,2.63019991,0.000334258744
1.5352695,0.0989448801,2.62380242,0.000401350349
1.52276623,0.105227351,2.62907434,0.000236572261
1.56271386,0.0110031674,2.6332221,0.000236822452
1.42634904,0.149605855,2.58910489,0.0197276212
1.45148361,0.146458417,2.61076665,0.000330590905
1.43855453,0.159743279,2.59474945,0.0147666764
1.46479595,0.157437459,2.60925508,0.000421103992
1.45394778,0.171639398,2.59758711,0.0186526906
1.55928063,0.0404961631,2.60852098,0.000371513423
1.55210459,0.0342543796,2.62497663,0.000270875898
1.42463517,0.0997783318,2.58490705,0.000181238691
1.41656005,0.124384135,2.57464552,0.00522330077
1.56155026,0.015580453,2.59741616,0.000272041507
1.59286618,0.0168544631,2.59150338,0.000459677802
1.5605855,0.0375859514,2.58151364,0.000433181762
1.43459487,0.117746606,2.60662675,0.000133514826
1.44929218,0.134060383,2.61482477,0.000163959063
1.54151905,0.0317407846,2.64151168,0.000185434779
1.55575502,0.0214334968,2.68858409,0.000150270585
1.58273947,0.0251009967,2.72354603,0.00013606147
1.54592669,0.0160625577,2.66729426,0.000144213554
1.58504152,0.018220298,2.64894986,0.00029312828
1.53356135,0.134668842,2.5955503,0.000598899787
1.51167035,0.151064306,2.60697865,0.000189578786
1.49782944,0.167493418,2.60076094,0.000510831189
1.55397177,0.073323451,2.60115647,0.000589822361
1.55479562,0.0797699913,2.58627391,0.000718024094
1.54670703,0.10360571,2.59708834,0.000695318799
1.54643309,0.11060077,2.58218694,0.000771035906
1.60656905,0.0166193545,2.60948753,0.000406294421
1.59928799,0.0240724385,2.68634272,0.000204891141
1.66457534,0.0326908119,2.59784698,0.000253753329
1.63108015,0.0277098883,2.63106632,0.000272640114
1.63250589,0.026834758,2.67671847,0.000141196826
1.60007918,0.0192450527,2.63409567,0.000341242092
1.54126799,0.1256437,2.58223867,0.000716891023
1.55130029,0.0885867774,2.59902096,0.000666873588
1.53696752,0.112911172,2.60970426,0.000553939608
1.55639374,0.0624143444,2.58625412,0.000594435318
1.55761302,0.0585956797,2.60501027,0.000494283624
1.5491612,0.066437237,2.61573529,0.00045274006
1.52698314,0.153855965,2.58176112,0.000306351547
1.50793934,0.180370197,2.57787728,0.0109485965
1.48423862,0.17490387,2.5966022,0.00577503582
1.52118039,0.13590917,2.60909915,0.000335968827
1.57842433,0.0173957702,2.68205619,0.000207099802
1.5410527,0.0471282788,2.63497233,0.00024149644
1.52901077,0.0459149517,2.6456821,0.000145036465
1.42677426,0.1297286,2.59291697,0.000215537104
1.61461186,0.0221552309,2.58080912,0.000516488391
1.54474354,0.0977213606,2.61174774,0.000578344509
1.53067696,0.0641389489,2.64146948,0.000197305024
1.49686694,0.149024755,2.61421728,0.000103452694
1.51402938,0.11874675,2.62670588,0.000168940329
1.50844073,0.136722699,2.61982107,0.000141718207
1.52296352,0.0778297633,2.64101171,0.000165055593
1.51832056,0.0600689501,2.64836264,0.000107420492
1.5461036,0.0824837163,2.61661434,0.000506945595
1.58134389,0.0145753445,2.57620811,0.000445259677
1.52340531,0.145982102,2.59642887,0.00043455683
1.4440968,0.167002887,2.57322979,0.241438285
1.46457446,0.178236187,2.57239318,0.240124583
1.55044818,0.0500820652,2.62067795,0.000347664696
1.54063714,0.118344583,2.59612727,0.000680942379
1.61204517,0.0218033325,2.65572667,0.000256022817
1.63444197,0.0246805213,2.59768724,0.000383268256
1.55652905,0.0262631793,2.57299614,0.000324835273
1.57086754,0.0131170638,2.61934376,0.000292797922
1.43514228,0.145677745,2.60505962,0.000945927692
1.45393527,0.156773254,2.62140775,0.000191018058
1.56967473,0.0336064436,2.62260246,0.000363684812
1.56061351,0.025787238,2.63375926,0.00026362206
1.41732979,0.108479246,2.57743502,0.000632806565
1.5745846,0.0134886578,2.60243368,0.00033913576
1.4270246,0.110151626,2.59686899,0.000192020205
1.53994679,0.0262712017,2.65647054,0.000147043305
1.60128832,0.0552247688,2.70277238,0.000175436711
1.56146181,0.107081898,2.59042501,0.000612021657
1.52846873,0.11371512,2.6203897,0.000360398612
1.554443,0.0702877417,2.57581329,0.000711706234
1.59667337,0.0356117934,2.60271811,0.000523398514
1.46952701,0.174587145,2.60134912,0.00355563103
1.49600327,0.179347545,2.58855867,0.00695643667
1.56521857,0.0229030382,2.66417336,0.000222563947
1.54762661,0.0600860678,2.63128948,0.000341167441
1.42377365,0.116368845,2.58547163,0.00074198714
1.51129735,0.109712064,2.6389904,0.000115460578
1.53083944,0.0896234959,2.63117528,0.000292048586
1.52944124,0.0577979907,2.65859652,0.000142461664
1.53182054,0.141082391,2.58389878,0.000635209552
1.44045973,0.174209148,2.5890193,0.0731676444
1.47518218,0.191717759,2.57895541,0.117468543
1.65017962,0.0596148856,2.62756014,0.000179142575
1.63554037,0.0502007306,2.58319998,0.000454624853
1.55818892,0.122130498,2.57627964,0.000498766021
1.48704576,0.187929034,2.58609366,0.0450796112
1.4697001,0.184940577,2.59061503,0.0622771308
1.42607582,0.166264117,2.58821344,0.045604527
1.45329189,0.179611742,2.58480501,0.131434634
1.43608499,0.170566827,2.60699248,0.00246179686
1.53834808,0.150704846,2.59337234,0.000471725827
1.54810369,0.0427688733,2.65121222,0.000222189541
1.53127193,0.0896472484,2.64601326,0.000227592885
1.54344583,0.0566942096,2.6487205,0.000242014459
1.54876328,0.0901297033,2.63207817,0.000436976232
1.51944375,0.0775543451,2.65661693,0.000113446004
1.42063212,0.116369277,2.60817218,0.000112930786
1.56352472,0.0615063421,2.6251061,0.000461300078
1.55101061,0.0376511738,2.6707015,0.000187039739
1.57130575,0.0346257463,2.64760494,0.000311402255
1.49656236,0.181463882,2.60330963,0.000618644117
1.47077715,0.169268399,2.61891031,0.000286476279
1.57741249,0.0294682719,2.59076858,0.000486408419
1.56542397,0.0726421028,2.59061217,0.000697116659
1.61055017,0.0378814451,2.61954808,0.000414734852
1.56565225,0.0791893601,2.57160521,0.000833785976
1.55256581,0.0858103186,2.57238746,0.000837675587
1.52548659,0.129609242,2.62313724,0.000286357041
1.55301642,0.11008554,2.61148214,0.000571139855
1.55849254,0.105870262,2.57427454,0.000683191116
1.56940222,0.0482483394,2.6945591,0.00020158515
1.6076299,0.0507961027,2.66825128,0.000241249101
1.57082891,0.0569821,2.73101997,0.000123575301
1.41546416,0.138250887,2.58197832,0.00709755486
1.56631577,0.0290295817,2.60339856,0.000359926256
1.57909667,0.0230620205,2.63432193,0.000331383868
1.44171834,0.156262144,2.61616254,0.000347346999
1.51018524,0.152729541,2.62307787,0.000111887894
1.5602361,0.0243469719,2.5882082,0.00031363382
1.40218806,0.130400166,2.57225943,0.00256679649
1.51453078,0.168131754,2.60875297,0.000163625999
1.52140212,0.142481968,2.62414241,0.000204421871
1.44023478,0.143893689,2.6231544,0.000138058836
1.46128416,0.141774714,2.6171577,0.000140871707
1.58905363,0.0431239642,2.62337089,0.000459638191
1.40061688,0.106239989,2.58846259,0.000129184176
1.5604459,0.046816241,2.59311318,0.000467739563
1.57956851,0.0436834991,2.60306764,0.000541203073
1.41513622,0.143244758,2.60105681,0.000906447647
1.41041267,0.153619945,2.58417892,0.0179289281
1.52607,0.0951220095,2.66287613,0.000136710252
1.55366457,0.0383450091,2.71292257,0.00011787418
1.58624005,0.0340080187,2.6627388,0.000287838309
1.63825166,0.0561913326,2.65815115,0.00014787956
1.60892189,0.0788370296,2.67696023,0.000194668522
1.56630051,0.0923138186,2.58460355,0.000696913456
1.55919027,0.0897096172,2.61548352,0.000573546567
1.54418993,0.111593261,2.62897134,0.00043834254
1.55791795,0.123662792,2.59759569,0.000509236881
1.53247726,0.127612919,2.60649395,0.000513797917
1.52486348,0.118384138,2.63835812,0.000205803619
1.57289886,0.0649583638,2.57551622,0.000796530396
1.62138224,0.0553270392,2.60550666,0.000416709809
1.61366236,0.0355055518,2.59544468,0.00050780864
1.56552255,0.0710729435,2.61068034,0.000576532329
1.59370422,0.0344943851,2.57922816,0.000633834163
1.48337173,0.177442968,2.61214519,0.000521623995
1.45272696,0.171755612,2.61283612,0.00112419634
1.50296843,0.194342881,2.57970834,0.0128514944
1.4783932,0.201457411,2.59111667,0.0126922093
1.55695987,0.0459310152,2.63845325,0.000310117437
1.55595577,0.0333375446,2.64899468,0.000239355082
1.53462505,0.029041633,2.67278719,0.000113373993
1.54984653,0.0566720702,2.66172385,0.000238889581
1.55527353,0.0746850371,2.62798762,0.000456616544
1.53412724,0.0758405477,2.65135622,0.000212008192
1.54711854,0.0727100521,2.64529347,0.000318800245
1.53250158,0.0406954959,2.65909982,0.000132350528
1.54727912,0.143576577,2.58236551,0.000466830388
1.5331012,0.14204818,2.60905313,0.000412501366
1.52910411,0.160234183,2.59732246,0.000345986657
1.46025264,0.194310889,2.58112884,0.0952530652
1.42855835,0.178208366,2.57690501,0.113412619
1.48734379,0.196638674,2.57174921,0.0927628577
1.68374431,0.0587343201,2.5885551,0.000197150148
1.53091955,0.185864195,2.57367301,0.00119490095
1.6518755,0.0775985271,2.58804584,0.000254085113
1.49172401,0.204003751,2.58570457,0.0112027256
1.43694341,0.192318708,2.58434582,0.0562302954
1.41250372,0.170406625,2.57684517,0.0462282747
1.45598423,0.18960391,2.59886026,0.00945227314
1.52423263,0.175529197,2.595505,0.000233062499
1.54854989,0.138699457,2.60313582,0.000474174711
1.53853524,0.143767104,2.62626982,0.000308053568
1.54364312,0.154935852,2.5784533,0.000402598147
1.54126155,0.0476553366,2.67336774,0.000156064401
1.53826725,0.0715378746,2.66724396,0.000185113851
1.54663563,0.0884486437,2.65582037,0.000291548116
1.56187677,0.0645279437,2.64123774,0.000391432986
1.56331265,0.0475020185,2.65467858,0.000299149455
1.53583479,0.0418681987,2.69137406,0.000105295047
1.53192735,0.0116794826,2.66310906,0.000100434016
1.57616782,0.0492809415,2.6364975,0.000410390872
1.47744966,0.190243244,2.60218263,0.00362077355
1.43801701,0.170501873,2.62387323,0.000312370074
1.45843434,0.171961933,2.62996292,0.000190043444
1.60059857,0.0571305901,2.58342385,0.000650494068
1.57341957,0.0470718369,2.58088493,0.00066253345
1.57371581,0.0584727861,2.59829926,0.000621146115
1.56955361,0.0838389397,2.60308504,0.0006249586
1.61090863,0.0737798661,2.64661431,0.000266718416
1.52848136,0.104870789,2.64244604,0.000224043048
1.53939545,0.124741688,2.61965346,0.000445179729
1.57388663,0.121125326,2.58530283,0.000345404667
1.5657357,0.0982033089,2.60438561,0.000588404539
1.57911944,0.0677874014,2.67735434,0.000279516185
1.61980653,0.0987911746,2.70587039,0.000107229949
1.60090864,0.0426581688,2.64255786,0.00035228327
1.41712022,0.160212591,2.60113096,0.00257896376
1.39963269,0.138749763,2.58943963,0.000902271771
1.41022205,0.122773372,2.59339738,0.000388258923
1.42138159,0.140224665,2.61852789,0.000144719408
1.51300561,0.131971776,2.63645601,0.000114451897
1.5009861,0.164953604,2.61795497,0.000121061355
1.50889313,0.179139391,2.59391975,0.000708671578
1.47996104,0.149643719,2.61858511,0.000107240347
1.49969578,0.193214908,2.59555769,0.00298481155
1.4893316,0.169005752,2.62699819,0.000110499772
1.53002262,0.135833248,2.64387822,0.000186839025
1.4413414,0.1568387,2.63250709,0.000115975738
1.40184712,0.133446947,2.60973096,0.000134270507
1.42357731,0.131032705,2.60680842,0.000182410397
1.39109242,0.122566648,2.58483338,0.00023714437
1.39269817,0.156930402,2.58238053,0.00267471513
1.4159193,0.177972585,2.59532785,0.00651594531
1.42692757,0.156990796,2.61787248,0.000350344373
1.58399189,0.0576856323,2.65426016,0.000355125114
1.62206805,0.0612331554,2.6275835,0.0003047465
1.58157694,0.087277621,2.7008872,0.000197244517
1.61289263,0.11812716,2.67269588,0.00013167999
1.5660069,0.0730332881,2.66075659,0.000335502351
1.70516634,0.114268713,2.58586836,0.000118415228
1.63512683,0.0951166674,2.63243866,0.000129408407
1.58434355,0.100807369,2.59343052,0.000429603388
1.57758176,0.0949824899,2.61607647,0.000486060715
1.57765138,0.105123699,2.57185483,0.000450823136
1.56569314,0.136248007,2.58610129,0.000320917141
1.55786526,0.129379332,2.62093258,0.000426692597
1.54828393,0.122021362,2.61034346,0.000543112867
1.53881526,0.111153513,2.65737391,0.000230097576
1.54096007,0.100487955,2.64075994,0.0003386272
1.59762669,0.0587333068,2.60753703,0.000533348299
1.58348429,0.0759617984,2.59041786,0.000640752609
1.58157802,0.0673462823,2.61723995,0.000536113803
1.46148896,0.186860308,2.61827421,0.000690451125
1.55130267,0.0567644984,2.68269372,0.000189686616
1.48860455,0.222389743,2.57584643,0.0109660672
1.56222224,0.0815849304,2.64250803,0.000423990889
1.55498362,0.15300931,2.5915966,0.000345926732
1.53260338,0.172870666,2.60982919,0.0001853008
1.51686883,0.192012846,2.5874536,0.00151364063
1.4440062,0.181594089,2.60477018,0.00447459379
1.44775784,0.206686884,2.58945084,0.0199886691
1.41714525,0.190703481,2.57399392,0.0546903275
1.58349383,0.137003422,2.58021688,0.000189795406
1.65081406,0.112924352,2.60071707,0.000105271778
1.51172948,0.210929975,2.57154512,0.00591496611
1.54862702,0.190542147,2.58093858,0.000328093243
1.43124485,0.204153627,2.5724864,0.0752203912
1.46345937,0.21239236,2.58110833,0.0293046739
1.39830828,0.181629702,2.58235073,0.00887138955
1.46594775,0.206519127,2.60786653,0.00133216905
1.43517816,0.199311435,2.60155272,0.00442738272
1.43049204,0.184051573,2.59947991,0.00803935621
1.51536143,0.187303171,2.60632777,0.000311265321
1.54360855,0.156386152,2.60888767,0.000338564743
1.54448509,0.170536488,2.59606004,0.000261762762
1.52243912,0.162399933,2.62811732,0.000120108882
1.55578542,0.167687416,2.58314681,0.000262123038
1.56300187,0.151339293,2.57766676,0.000255942112
1.56989098,0.142503574,2.60225248,0.000288580544
1.55884302,0.103023998,2.6481638,0.000381298771
1.58044744,0.0750509948,2.64013386,0.000428983767
1.55845463,0.0811807737,2.68316102,0.00023148449
1.47971785,0.181242317,2.62845612,0.000181900949
1.6013006,0.0938253626,2.57965207,0.000379595003
1.56783807,0.0502998903,2.6183207,0.000454634428
1.59883165,0.0812833235,2.60742903,0.00043293924
1.54411781,0.125552312,2.64306283,0.000309926167
1.56979918,0.117836326,2.60917306,0.00042804284
1.63205087,0.0810682699,2.6050601,0.000250900339
1.60998189,0.0961255729,2.65393376,0.00019528241
1.59044349,0.123704091,2.71023917,0.00013644369
1.42118895,0.174959928,2.61588788,0.000635629869
1.40716386,0.154910013,2.62012744,0.000194320353
1.38257098,0.136992797,2.5969913,0.000171809705
1.38632131,0.138397276,2.57923102,0.000815278385
1.44399595,0.182474047,2.64088035,0.000151032174
1.42361498,0.165693417,2.63493347,0.000133941692
1.37220228,0.126528084,2.58126378,0.0001605906
1.39531243,0.153856575,2.601758,0.000519865367
1.43861437,0.1881257,2.6191566,0.000698842749
1.41521943,0.194052383,2.61075425,0.00102917978
1.55711091,0.125200272,2.6614635,0.000265338807
1.54927456,0.065845497,2.70859814,0.00012729461
1.58017397,0.0928793252,2.66741967,0.000300387037
1.60240698,0.118305489,2.63734913,0.000187089536
1.6177032,0.108007446,2.60289645,0.000177045527
1.61305428,0.0973189846,2.62334371,0.000224147632
1.61212015,0.0769296959,2.58976579,0.000431796856
1.59571099,0.12160103,2.58466172,0.000201512739
1.56305826,0.105384625,2.62531996,0.000490839535
1.58187318,0.129231989,2.60055208,0.000252066471
1.49193144,0.199515566,2.6090014,0.000818075903
1.56033981,0.101402946,2.66741347,0.00029350142
1.56983638,0.0828694254,2.62639761,0.000510263024
1.55089307,0.175883263,2.617167,0.000182182732
1.57255483,0.158876687,2.58929777,0.000208793732
1.52671695,0.153712958,2.6137135,0.000256883504
1.53180599,0.188501701,2.59390855,0.00031618058
1.42901957,0.211648792,2.58809495,0.0107024834
1.47446966,0.222194999,2.59611464,0.002687403
1.46187246,0.204350352,2.59567475,0.00760189351
1.52815652,0.203144744,2.57724833,0.00142077415
1.50862348,0.210768461,2.59684014,0.00111973693
1.52103186,0.180399701,2.58199668,0.000931447721
1.53773558,0.211433768,2.59515738,0.000410620793
1.51186264,0.205118522,2.6219573,0.000233868792
1.57070684,0.174451634,2.57376766,0.000211186823
1.44191408,0.225269303,2.57860136,0.0275392942
1.40791905,0.207807183,2.57560277,0.0180879887
1.42957127,0.210215047,2.61769962,0.000646294036
1.53325939,0.194381073,2.61725879,0.00015482177
1.49968469,0.183008358,2.62034774,0.000191648302
1.52329779,0.180845514,2.62156224,0.000124157843
1.57992852,0.165842593,2.61381245,0.000188251463
1.56708276,0.184025392,2.59793735,0.000182414544
1.54225564,0.161930591,2.62761331,0.000205513439
1.58148158,0.0998072624,2.6386869,0.000377129676
1.55728781,0.109432086,2.688097,0.000189954138
1.53931582,0.0939805955,2.6761806,0.000171059422
1.47489178,0.201018348,2.62127972,0.000417595671
1.37277925,0.170663401,2.58093166,0.00128545472
1.53478158,0.0741519704,2.68962336,0.000116472693
1.59293556,0.109819576,2.61348939,0.00028981574
1.58104575,0.140198097,2.62371516,0.000237824526
1.56843293,0.126199901,2.64047217,0.000340224768
1.59362578,0.0879379958,2.63111782,0.000367556262
1.58924854,0.115522623,2.65761232,0.000250297482
1.59351552,0.0765160322,2.65897799,0.000310949719
1.5776397,0.121820621,2.68156672,0.000214205604
1.4195857,0.195762947,2.58944392,0.0111997612
1.40554523,0.177854061,2.63197756,0.000174310349
1.39919138,0.175886348,2.60677624,0.000754340144
1.32327604,0.145279974,2.57748461,0.000101034522
1.38258088,0.170978576,2.62132525,0.000168173661
1.35699844,0.144437522,2.59381342,0.000117835865
1.29417288,0.166666135,2.57487011,0.000118880147
1.40095103,0.167172536,2.59140348,0.00315015507
1.41998279,0.192568958,2.63162279,0.000253746635
1.39497054,0.202011332,2.59484982,0.00177266728
1.57697356,0.141532645,2.65670037,0.000229279467
1.5720464,0.151415586,2.69283557,0.000119998746
1.5982554,0.0651269183,2.62939429,0.000419948658
1.58046472,0.120146424,2.62243986,0.000322388165
1.5572027,0.144883469,2.64003801,0.000284034468
1.54119587,0.0934249908,2.69933319,0.000116458301
1.46827912,0.193538368,2.63812637,0.0001804903
1.49324441,0.19929114,2.63349152,0.000182339223
1.69355655,0.201269269,2.59983706,0.000137664159
1.56135035,0.153577119,2.62107944,0.000289258081
1.54882371,0.193862215,2.60604215,0.000175737223
1.59087455,0.181299478,2.58869982,0.000155924397
1.56747556,0.206311747,2.58249331,0.000307976094
1.59681666,0.150185123,2.5900085,0.000132255896
1.44190824,0.218944684,2.60422421,0.00204594433
1.41873658,0.233615741,2.59120917,0.00332201365
1.46391642,0.232660487,2.5785408,0.0133400541
1.5117538,0.225846916,2.58578777,0.00142458
1.61990643,0.123268008,2.58687663,0.000130862492
1.49161839,0.22150591,2.59581232,0.00160874578
1.48795199,0.243539453,2.58343983,0.00287722843
1.52042198,0.228937984,2.60790682,0.000437319424
1.44441938,0.241990417,2.598634,0.0020238352
1.39505363,0.229368269,2.58067513,0.00419321936
1.45204735,0.206713989,2.62381053,0.000441245647
1.60507977,0.136030868,2.61472464,0.000130981934
1.56101525,0.214395285,2.60703778,0.000211517196
1.5669055,0.192112625,2.62151361,0.000131989233
1.56356716,0.168388158,2.6421833,0.00017237525
1.66909802,0.247430548,2.61496282,0.000188386795
1.14591706,0.320158899,2.61086965,0.000137581112
1.25526714,0.27265659,2.6250174,0.000189051672
1.55603039,0.139896601,2.67775607,0.000157504692
1.53729093,0.158448502,2.64639425,0.000128602202
1.59547794,0.148239329,2.67149329,0.000152659733
1.37270081,0.185862333,2.60087085,0.000448431005
1.40694308,0.215220511,2.62494183,0.000377316086
1.38187504,0.166185737,2.59856176,0.000498690351
1.54971397,0.152167141,2.66072726,0.000149426822
1.43508768,0.206537977,2.64507675,0.000182235686
1.33649492,0.170169264,2.5952208,0.000159955642
1.29432213,0.206758618,2.59942842,0.000162020297
1.39102113,0.194070682,2.62519526,0.000258479005
1.41877317,0.2421913,2.61592412,0.000613184529
1.39435327,0.230986834,2.60997272,0.000639716105
1.36880314,0.203909069,2.58404541,0.0011810133
1.58993196,0.16165109,2.6391542,0.000162207201
1.61175311,0.140455648,2.64483047,0.00010964532
1.61960208,0.175367922,2.57279062,0.000173297478
1.65474892,0.180349112,2.57209802,0.000206569253
1.41642189,0.25142923,2.57455206,0.00864142552
1.5040977,0.21975027,2.65140486,0.000142877951
1.69160223,0.280142605,2.57911801,0.000355752156
1.27409875,0.307308942,2.66765976,0.000160149546
1.28875327,0.259240478,2.65289903,0.000135842769
1.52974212,0.210476667,2.64232087,0.000122418554
1.58568799,0.21076104,2.5994637,0.000197327288
1.54668212,0.232193753,2.58785558,0.000565026945
1.46086931,0.227290258,2.61726451,0.000652743853
1.45485139,0.257140726,2.57367253,0.00900860503
1.50063217,0.240657598,2.60560298,0.000647203706
1.48949528,0.219926849,2.61880612,0.000432847504
1.62679386,0.0981565788,2.58468294,0.000229318233
1.50997174,0.230362684,2.63001323,0.000258864718
1.47512233,0.225792795,2.64255834,0.000214098356
1.4755708,0.241301626,2.61161947,0.000712348963
1.51921344,0.250134647,2.58555794,0.00106025115
1.57091033,0.236879349,2.57778001,0.000593731296
1.42926681,0.270193458,2.5939846,0.00166720606
1.43899071,0.231866047,2.62973881,0.000360065285
1.5498451,0.231086984,2.61790204,0.000250009209
1.58997691,0.18814683,2.62265754,0.000128179032
1.58274746,0.217339918,2.63279271,0.000125504681
1.55010617,0.206604481,2.63180828,0.000119184209
1.33673501,0.246158332,2.66637492,0.000125354985
1.10658789,0.43876633,2.5897944,0.000284361828
1.30434036,0.306930512,2.61934137,0.000413948699
1.2720685,0.242491081,2.60378313,0.000208147132
1.27891171,0.431109995,2.71511436,0.000130535846
1.200459,0.376695186,2.61780858,0.0003202628
1.67677975,0.319069535,2.61464262,0.00021202171
1.35598731,0.182153121,2.63693285,0.000104082697
1.62933922,0.213022605,2.63874817,0.000100118537
1.64871109,0.214206114,2.59119725,0.0002118048
1.6023488,0.18393968,2.65725613,0.000103068916
1.36078179,0.166464597,2.61000228,0.000156799477
1.45826936,0.194464996,2.65869403,0.000100630059
1.4001075,0.206912056,2.65486836,0.000129778491
1.34074271,0.208571926,2.6021173,0.000344796921
1.60658789,0.240390494,2.58570695,0.000389579858
1.61963618,0.212629721,2.60937262,0.000151439104
1.2296108,0.312035114,2.59691715,0.000340035069
1.27182961,0.37370801,2.66265106,0.000252913072
1.3344065,0.284171194,2.66007924,0.000201504648
1.37219656,0.229213983,2.67657447,0.000100188241
1.53035843,0.241068497,2.63903332,0.000211499573
1.54708886,0.253367424,2.60180664,0.0004846995
1.44443059,0.259518504,2.62031293,0.000555608189
1.39433837,0.266436756,2.60027957,0.001029604
1.49463499,0.263962716,2.5970695,0.00097589771
1.46627963,0.254919022,2.59510112,0.00176844478
1.47589171,0.284819037,2.58752036,0.00169902295
1.47631407,0.266513497,2.62219644,0.000514779764
1.57630026,0.27027595,2.58412433,0.000641446677
1.51380968,0.263999492,2.61831403,0.000442887569
1.40876317,0.301353306,2.58441424,0.00198078481
1.36793578,0.236983657,2.59646201,0.000757924689
1.38372588,0.271788925,2.66057563,0.000212451807
1.57862878,0.244967997,2.61267281,0.000278828375
1.55734336,0.230924219,2.65836596,0.000114590592
1.50982571,0.24380216,2.66401982,0.00014877865
1.56036603,0.353913963,2.68031263,0.000144040532
1.41724265,0.231375307,2.6834712,0.000101352496
1.37583971,0.237532988,2.63692522,0.000247342628
1.32487357,0.335030526,2.69205666,0.000165451551
1.28337598,0.437023044,2.62317252,0.00062474655
1.33798373,0.387266934,2.72838759,0.000108804074
1.6759454,0.39624989,2.58474874,0.000266355317
1.34177387,0.211740106,2.6446979,0.000124118727
1.58043277,0.267420292,2.65969038,0.000154355977
1.5797224,0.294394881,2.68474507,0.000118009681
1.61728334,0.25612551,2.62974215,0.000194462409
1.6448617,0.289388329,2.58980441,0.000411535264
1.57236886,0.168095976,2.66603518,0.000129137537
1.3277657,0.244737715,2.6143434,0.000309286639
1.36922085,0.214157045,2.62309122,0.000260312634
1.44712651,0.23150067,2.66190672,0.000152875436
1.21470785,0.462396711,2.62264132,0.000470561645
1.48063016,0.241626665,2.67015696,0.000139479322
1.46256065,0.252792746,2.64046788,0.000289201562
1.35964358,0.276666373,2.6228776,0.000444074336
1.30558777,0.218046054,2.64443612,0.000101783655
1.61874604,0.309838623,2.64468074,0.00019340888
1.60676658,0.283098936,2.5925312,0.000480049144
1.62303519,0.34052369,2.59124184,0.00044156384
1.498312,0.265632957,2.69896007,0.000103619852
1.49841726,0.34484002,2.7053833,0.000125156148
1.53995574,0.304516554,2.66041684,0.00021718147
1.55685163,0.273447603,2.62688923,0.000319046114
1.61597419,0.432717919,2.63819504,0.000154603855
1.45835793,0.288350791,2.69207668,0.000144952442
1.42233992,0.274600893,2.67239523,0.000184232456
1.34706771,0.376688302,2.65030479,0.000406031701
1.42418039,0.420138687,2.73072815,0.000104722763
1.38268042,0.322796136,2.72125125,0.000103512786
1.40686619,0.238612965,2.64738822,0.000222535906
1.53847992,0.382472962,2.70115519,0.000105147592
1.42070651,0.293352932,2.6279397,0.000523337862
1.49404168,0.246205881,2.63319516,0.000307544018
1.53361797,0.284113228,2.59207511,0.000784206321
1.45460665,0.280577391,2.60395074,0.00103926903
1.47933197,0.302467793,2.61989331,0.00061256584
1.51936686,0.301070213,2.62542772,0.000442793593
1.49415708,0.275105983,2.65362525,0.000254679297
1.40488803,0.264851928,2.63018203,0.000406012201
1.42558575,0.335396707,2.66875601,0.000275268278
1.38557637,0.314739466,2.62109852,0.000613601296
1.54977155,0.403267056,2.63820004,0.000288366631
1.49019253,0.425343335,2.69526935,0.000139904747
1.61212671,0.486110061,2.61047816,0.000191695028
1.44480944,0.497966051,2.71318054,0.000116155039
1.37807143,0.312133938,2.66795707,0.000244532712
1.40086973,0.372431785,2.70182037,0.000167804552
1.32091916,0.387888342,2.60071421,0.000945409527
1.36008167,0.455615819,2.67029881,0.000329482806
1.46008062,0.267268896,2.66532278,0.000200928393
1.50845087,0.291924417,2.69315386,0.000131445253
1.58534408,0.289318055,2.62899399,0.000282581925
1.53074324,0.263487488,2.66196966,0.000178421193
1.63811767,0.364684403,2.63049269,0.000192808715
1.66241217,0.28506273,2.64342427,0.000149869957
1.36216974,0.296570897,2.58190346,0.00163069414
1.33876705,0.348524779,2.59016895,0.00112303603
1.57898831,0.369374543,2.60825586,0.000430787943
1.61123419,0.363882691,2.67374682,0.00011703412
1.58232772,0.324318379,2.64813399,0.000222269708
1.55906963,0.30666849,2.60002184,0.000598129118
1.61001372,0.416968614,2.58517408,0.000409712578
1.4848367,0.3185018,2.65752602,0.000292720448
1.45260715,0.288962901,2.64346075,0.000367477158
1.43134177,0.256461531,2.64526463,0.000276538369
1.42234135,0.421476424,2.65589094,0.000385998836
1.53086483,0.480526626,2.64343143,0.000220920803
1.46378112,0.383983791,2.66952753,0.000269934972
1.51085329,0.368580282,2.65699959,0.000266293471
1.42731404,0.335776508,2.60481119,0.0010044286
1.50095332,0.299453318,2.59781146,0.000878990337
1.48003304,0.331844658,2.5785439,0.00162680971
1.44935811,0.310764968,2.59174943,0.00169606321
1.52613831,0.335327536,2.59177256,0.000849427655
1.48027265,0.347742468,2.61859465,0.000633298478
1.41596758,0.370117396,2.61271286,0.000803394651
1.53892112,0.340233773,2.63039422,0.000384074403
1.47936344,0.424374223,2.62532902,0.000499051239
1.38370681,0.424861282,2.60630894,0.00105238846
1.58291519,0.328649223,2.60792637,0.00045983668
1.43233573,0.477084488,2.61194086,0.000713408634
1.44781148,0.395096958,2.57551956,0.00156024774
1.53305733,0.443858236,2.57796693,0.00077137386
1.5157342,0.385524631,2.59190536,0.000829993456
1.57164514,0.0258694347,2.57511592,0.000477123715
1.52574384,0.12123885,2.61345959,0.000378858851
1.58905184,0.0504619107,2.67674017,0.000264418195
1.56877303,0.0459713936,2.67189384,0.000259751483
1.37498176,0.151088417,2.5904789,0.000406529522
1.38404882,0.188866973,2.57173896,0.00691111805
1.63360131,0.249696478,2.59763622,0.000301493565
1.31013751,0.280554712,2.59352207,0.000590250536
1.45115936,0.329751521,2.63679099,0.000481316441
1.40117252,0.296300024,2.69565177,0.000136253759
1.34995902,0.265037745,2.57676387,0.00143806206
1.52105403,0.202462226,2.60488462,0.00039239382
1.41591358,0.214628085,2.60046625,0.0019126219
1.5625093,0.160649613,2.60303426,0.000267602154
1.45830083,0.226740882,2.59631824,0.00357049168
1.44801557,0.199149206,2.60890913,0.00177761784
1.53390634,0.214873359,2.61886716,0.000216028595
1.3392005,0.311490268,2.64283538,0.000344714324
1.54959548,0.0,2.67809081,0.000131161854
1.59701097,0.0,2.57872248,0.000415771472
1.59403777,0.0,2.61968374,0.000333399192
1.57555187,0.0,2.61272573,0.000289673917
1.57249641,0.0,2.63060164,0.000262851652
1.65094054,0.0,2.61583185,0.000236482199
1.61571646,0.0,2.63651228,0.000280771987
1.64648509,0.0,2.65387535,0.000146006889
1.59357393,0.0,2.6576674,0.000248639262
1.61553395,0.0,2.67667699,0.000185583616
1.55107927,0.0,2.64126611,0.000173712106
1.57206023,0.0,2.64993215,0.000232527353
1.69324231,0.0,2.59156489,0.000147846236
1.57127845,0.0,2.66912723,0.000198171649
1.61920214,0.0,2.59889293,0.000380439014
1.55766273,0.0,2.62248111,0.000209006204
1.56778288,0.0,2.69230223,0.00015424515
1.53382123,0.0,2.65383744,0.000106423176
1.53674746,0.0,2.66911602,0.000104287647
1.59106779,0.0,2.70469332,0.000160013486
1.61329365,0.0,2.71379018,0.000128204469
1.58824134,0.0,2.67984319,0.000202894153
1.57479739,0.0,2.57519126,0.00034504215
1.57753539,0.0,2.5940218,0.000320828869
1.56057346,0.0,2.58710647,0.000238146924
1.56142962,0.0,2.60428643,0.000231446393
1.55239546,0.0,2.65991116,0.000160959346
1.58949029,0.0,2.63925004,0.000288565527
1.562343,0.0,2.72031212,0.000103998675
1.59293652,0.0,2.60044694,0.000368371489
1.65432143,0.0,2.58195519,0.000321417465
1.54036295,0.0,2.62758613,0.000161433214
1.52922571,0.0,2.63864541,0.000108530032
1.54754686,0.0,2.61354542,0.00019192
1.54999995,0.0,2.59807611,0.000202358933
1.54792488,0.0,2.5838213,0.000188926671
1.44836712,0.152326822,2.57283831,0.277504772
1.46279383,0.16234228,2.57607388,0.274282515
1.45012927,0.164934024,2.58637834,0.207089081
1.43810308,0.155570805,2.58250999,0.19301483
1.46411252,0.171941504,2.58639669,0.183517233
1.47869766,0.175955236,2.58261061,0.209159821
1.49266303,0.176596627,2.5752883,0.167468086
1.42933047,0.144854307,2.57520056,0.168741226
1.54931986,0.0137095237,2.59089923,0.000215889857
1.54908597,0.0131245553,2.60625696,0.000216662898
1.54927886,0.0251986254,2.59815598,0.00025313723
1.54487526,0.0132070864,2.5760963,0.000196090114
1.54770517,0.027739007,2.58479452,0.000254195213
1.54419208,0.0132395169,2.62080646,0.000194723034
1.54667866,0.0304482356,2.61148858,0.000262556132
1.53505027,0.0134737175,2.63323665,0.000147393905
1.53862131,0.0283654034,2.62738895,0.000200781782
1.50337291,0.165874824,2.57866025,0.00597448833
1.51300287,0.153702587,2.5814178,0.000931847957
1.49059463,0.166918278,2.58735156,0.00606168713
1.50164545,0.15636681,2.59106421,0.000591248448
1.47625005,0.164436266,2.59308147,0.00636224449
1.43107128,0.127811179,2.57835007,0.00990910176
1.46188509,0.158911154,2.59503007,0.00714425743
1.52725971,0.0261245538,2.63835239,0.000121828612
1.4391017,0.139036015,2.58901691,0.00622602506
1.52758646,0.13421087,2.57258797,0.000858509331
1.52039075,0.141700894,2.58397484,0.000678061857
1.52767289,0.128019974,2.58509731,0.00075609074
1.51106369,0.145273671,2.59368348,0.000404150778
1.51933217,0.133467406,2.59544849,0.000512955186
1.4988569,0.146625176,2.60150385,0.000190958992
1.50866866,0.135521472,2.60445499,0.000237037471
1.4882915,0.15639542,2.59763551,0.000618021062
1.47439873,0.153469712,2.60103345,0.000728279294
1.48577452,0.145320997,2.60629368,0.000157011673
1.53266239,0.120445654,2.57288146,0.000924999767
1.49570036,0.135331139,2.61091208,0.000107724918
1.50572157,0.12376754,2.61450768,0.00015092679
1.51785481,0.124437414,2.60530353,0.000355261145
1.51646602,0.110474728,2.61624384,0.000243492672
1.46876013,0.130835578,2.61252522,0.000104410581
1.52723396,0.120472133,2.59564734,0.000628726033
1.52556729,0.112819798,2.60539198,0.000478990376
1.53352129,0.114566609,2.58467174,0.000820353453
1.53247845,0.107786797,2.59743762,0.000673514965
1.53667653,0.105627619,2.57308078,0.00093703426
1.53793478,0.100117475,2.58673882,0.000794679509
1.47175062,0.141559169,2.60789466,0.000195464396
1.53930616,0.0914469734,2.5727272,0.000872500532
1.53687739,0.0934957713,2.60027409,0.000647584791
1.54149055,0.0854874328,2.58858562,0.000717248535
1.52841485,0.102143437,2.60951853,0.000462175318
1.53206646,0.0875436813,2.61396027,0.000440091913
1.54048634,0.0794835016,2.60234284,0.000578129257
1.54223084,0.07620956,2.57692695,0.000692696136
1.54431462,0.0706592798,2.59024405,0.000585885486
1.543962,0.0606291555,2.57776475,0.000504476135
1.46053505,0.147051096,2.6013906,0.000896633777
1.4491117,0.151119441,2.59318805,0.00634333491
1.45855057,0.134811506,2.6062634,0.000264474394
1.45007813,0.139781684,2.59879327,0.00114650337
1.45821297,0.121482074,2.61121011,0.000108234432
1.4475503,0.127970293,2.60076356,0.000400983816
1.44665599,0.108861588,2.60402608,0.000109701046
1.54354572,0.0642440617,2.60436344,0.000476169516
1.54654121,0.0553751923,2.59220815,0.000443067082
1.53668165,0.0722005144,2.61554599,0.00042171852
1.53906095,0.0582989119,2.61814094,0.000348339294
1.5262301,0.07623142,2.62598085,0.000246902695
1.5305239,0.0633417368,2.62703776,0.000251354562
1.52051437,0.0924983248,2.62313986,0.00022901826
1.54559147,0.0489128344,2.60708427,0.000360420119
1.54527891,0.0440209396,2.57875848,0.000342135056
1.54827476,0.0392652042,2.59550118,0.000318935665
1.50868559,0.10059014,2.62588239,0.000127370178
1.51537824,0.0658638477,2.63632894,0.000114544426
1.51440132,0.0794012323,2.63228798,0.000129963009
1.43840933,0.11971429,2.59127378,0.000532522216
1.52381134,0.0538454168,2.63523936,0.000150610227
1.53093946,0.0410173126,2.63300872,0.000178376562
1.53380728,0.0522670597,2.62731934,0.000246000011
1.54011917,0.0438742824,2.62160516,0.000275716302
1.4385184,0.101502046,2.59012818,0.000182679069
1.43593681,0.0964604691,2.57704306,0.000223756026
1.43336844,0.111235596,2.57925701,0.00101990195
1.686323375,0.027594892774999998,2.641913325,0.00012791420537500001
1.350289375,0.42353285875,2.7111322275,0.00016838637225
1.6753169508333334,0.04658968808333333,2.6665990558333332,0.00012287193166666668
1.68744424125,0.07826824574999999,2.6600375175,0.000126793593375
1.4780082017683331,0.0030135947,2.5889973186083335,0.00013670445769166668
1.4754273060714287,0.0038167530892857142,2.5921895842857148,0.000119169255625
1.4991945932142858,0.0038167530892857142,2.6397288199999998,0.00011914861476785715
1.479281557522,0.00361631364,2.58498652438,0.00017142736332000002
1.4847299707404762,0.004305135285714285,2.58575433827381,0.00019984286557142862
1.1368400474999998,0.45345478499999997,2.6261659875,0.00017576778575
1.19003000875,0.4914594255,2.67073732875,0.00015427097437499998
1.1936591575,0.4298748225,2.65777177,0.00017131323725
1.33780271,0.45511345574999995,2.7229612475000002,0.00012002944475
1.292562605,0.48244480049999994,2.7191063775,0.00012704229475
1.6792937225000002,0.224489607,2.61505133,0.00014460469325
1.4752824412399999,0.0066823970625000005,2.5922284847125,0.00013750086965
1.473720934333333,0.006444976233333333,2.5934755443333337,0.00012966393149999999
1.68644786,0.2725654899,2.650550245,0.0001162300995
1.653127195,0.18567833225000002,2.6782103174999996,0.00011173002425
1.68202580625,0.17474925812500003,2.6657057699999998,0.000110167195
1.6645147224999999,0.076145586575,2.6807110612500002,0.000121759314625
1.6826973875,0.162094318375,2.66555026125,0.00011176041862500001
1.66804214,0.15706755687500001,2.669668615,0.000117725143125
1.66697085,0.18732976365,2.6377782225,0.00012431548175
1.7093934725,0.1708048284,2.623888195,0.00012479629900000001
1.6859276300000001,0.16264129065,2.62455827,0.00012888965450000002
1.6491525475,0.40792119525000003,2.6393634649999997,0.00011963451850000002
1.54698099375,0.45294362312500003,2.6762720025,0.00011789477875000001
1.3769958025,0.45120763799999997,2.7073304649999996,0.0001702241135
1.3645091375,0.482788235,2.719159485,0.00012186718599999999
1.3484844575,0.491657518,2.70405215,0.00017805719675
1.31139359,0.49506377449999994,2.68892622,0.00025209732875
1.3047038325,0.45883498375,2.6653156275,0.00037427019225000005
1.7046462,0.26405857875,2.6062302600000002,0.00020712490349999999
1.6974796049999998,0.37460078325,2.6186915025,0.00013879793750000001
1.6910256449999999,0.339038797,2.6317058199999996,0.000137624791
1.707412035,0.327835508,2.6169297699999996,0.0001613716885
1.664708765,0.33501544625,2.6357662674999998,0.0001634939815
1.4744155700000001,0.43148025875000007,2.7100833074999997,0.00011648253525
1.5010866800000002,0.44657724350000005,2.6882591275,0.00014553204525
1.4736141015375,0.019611296034375003,2.6020928042812503,0.00012986795153125
1.6716510675,0.0480697596375,2.6617449525000003,0.00012703582362500002
1.6841494475,0.091894200925,2.6510468124999997,0.00011579862075
1.669825555,0.076028357325,2.634314955,0.00011999851625
1.7037488225,0.022191910075,2.6016578074999996,0.00012909564425
1.6891777975,0.031952668912499996,2.64138895375,0.000122742091875
1.6905354275,0.039686046012500004,2.6447109287500004,0.00012444729625
1.2811340725,0.39529265474999997,2.6128473874999996,0.00072107893975
1.5979607975,0.2396943645,2.6601099374999997,0.00011888827774999999
1.6358666425000001,0.26237347564999997,2.672136305,0.00011859628274999998
1.62783658625,0.180582325125,2.6890033475,0.00011291311587499999
1.5799618325,0.24416976799999995,2.665014385,0.0001225062915
1.667274685,0.008715552275,2.6366500850000003,0.00013213173050000002
1.4863075600000002,0.45705255875000006,2.669302585,0.00024400795700000002
1.4830474204625,0.00753398675,2.585438477291667,0.00015916964129166668
1.4758288228285714,0.016235752575,2.5978352531071427,0.00012074902799999999
1.5873609775000002,0.006275249175,2.7155854125000003,0.000132069525
1.5759832850000002,0.006275249175,2.710213425,0.00013857969525
1.67215205875,0.12629895475,2.65970259875,0.00011630854975
1.70666203,0.104041432175,2.6110880974999997,0.00012168179825
1.596421005,0.469008282,2.6434363100000002,0.00013278006025
1.5206152225,0.4834871665,2.678308425,0.00012446754962499999
1.6774701475,0.4518406915,2.60778099,0.000134792013625
1.303399655,0.38177886625,2.6995524175,0.00016442613575
1.2242793449999998,0.3754180225,2.6516109125,0.00021032320749999998
1.182968915,0.3916826025,2.6333967475,0.0002181853965
1.2510190325,0.39249436574999996,2.61712098,0.000564792258
1.6373304725,0.24156878525,2.62027234,0.00019611532649999998
1.6249650125000001,0.2328685785,2.61887479,0.00018687840374999998
1.621914415,0.2846128495,2.614189625,0.00031986392425
1.6256282325,0.26957731325,2.602428495,0.0003468850955
1.6677206475,0.3028633595,2.5820275525,0.0004368191985
1.5987170625,0.22043062375000003,2.6471218475,0.00012076202775
1.5807180975,0.22490602724999997,2.6520262949999998,0.0001243800415
1.61225155,0.2247794385,2.6276639124999996,0.00014288118275
1.6024506975000001,0.23847708125000003,2.6402433524999998,0.000143610401
1.6486611375,0.24266848540000002,2.6645556675,0.000126805242
1.63423383375,0.17072983000000003,2.68521302875,0.0001170175955
1.659184755,0.2082781289,2.6486750249999997,0.00012736693125
1.6850258125,0.22812876664999998,2.6450337174999996,0.00013536514225
1.65241617125,0.163459970625,2.67545205375,0.000121297545625
1.6184556475,0.244104974,2.65604341,0.00011776677275
1.6715076275,0.24543797225,2.6259481325,0.00014765614275
1.697348685,0.26528861,2.622306825,0.00015565435375
1.6445331875,0.25041034824999997,2.6317193524999998,0.0001582094245
1.6465180525,0.3089413645,2.6565247750000003,0.00012925628474999998
1.6180287000000002,0.31329473125,2.661649225,0.0001445806595
1.6358258125000003,0.28510379799999996,2.6269128925,0.0002373191275
1.61297664,0.264975127,2.6566519725,0.000130588538
1.622366875,0.25540778425,2.6429012425,0.00014970172
1.610328345,0.28917913149999996,2.6581351150000003,0.00015391112375
1.6197185799999998,0.27961178875000003,2.644384385,0.00017302430575
1.6908744,0.29417500649999995,2.6153419600000003,0.000212438801
1.6889539675,0.27626525975,2.6154220100000005,0.00020653007225
1.67078239,0.315110028,2.6389991624999998,0.000152759292
1.6506999150000001,0.30083980425,2.62313801,0.00024170895275000003
1.6455987099999998,0.25957881650000003,2.621441365,0.0002085531815
1.6524933000000002,0.26789452125,2.61145693,0.00026282139525000004
1.6395396300000002,0.27006826175,2.6151517625,0.00026434029875
1.6689139625,0.29341579975,2.6067473275,0.00028229477175
1.66699353,0.27550605300000003,2.6068273775,0.00027638604300000004
1.647135945,0.33317483975,2.6405766,0.0001679336255
1.6326275175000002,0.33086711175,2.6480861300000003,0.000163280418
1.6490139075,0.31966382275,2.63331008,0.00018702731550000002
1.5980075875,0.3231086435,2.662826655,0.00016268059725
1.612606405,0.340681024,2.64926356,0.00018138035575
1.6026669725,0.35556500399999996,2.64015734,0.00024072512149999999
1.4594419025,0.305404976,2.7044178249999997,0.00011931030699999999
1.46679941,0.3217723295,2.6809355024999997,0.00020952432899999998
1.487817525,0.393198751,2.7081339975,0.00011873281250000001
1.6868691450000002,0.14882589324999998,2.5885173075,0.00014236813499999998
1.6791783275,0.1333917585,2.5796909925,0.0001544871885
1.6288693575000002,0.1866142715,2.6162623199999997,0.00014194305349999998
1.67426479,0.165345993,2.5850747225,0.00016440664125
1.6665739725,0.14991185825,2.5762484074999996,0.00017652569475
1.64734945,0.1837741585,2.61387843,0.00013849931725
1.65271816,0.15874959525000001,2.604370655,0.0001397876275
1.616096795,0.1534701549,2.6686426425,0.00011052434799999999
1.61408344,0.16388627325,2.6533826625,0.00011112819075
1.6388987325000002,0.15780255215,2.654287875,0.00011917315875
1.6368853775,0.1682186705,2.639027895,0.0001197770015
1.6578555125,0.13311407914999998,2.6410679225,0.0001237473315
1.60835451,0.18139119075000001,2.6408730774999998,0.00011025295125
1.612676355,0.188563701,2.6289021999999997,0.00012234549824999998
1.6011030975,0.20061225824999998,2.6378636374999997,0.00011421779149999999
1.6054249425,0.2077847685,2.6258927599999997,0.0001263103385
1.594512135,0.20721937725,2.6160716424999997,0.00015061252625
1.6042819925,0.044779235025,2.711494745,0.00013673314975000002
1.6932225225000002,0.35379169150000006,2.60707122,0.0001949326725
1.7136574075,0.38269258300000003,2.5964419825,0.00017612823675
1.6868488199999998,0.31362962725,2.5741052025,0.00042284061425
1.6829346125,0.3426564485,2.575512885,0.0004004914045
1.705614955,0.30602267400000005,2.594014645,0.0002638765435
1.7140367025,0.34573394075,2.5889768,0.00023563572550000002
1.4453809275,0.44123112425,2.698767245,0.00018669534624999999
1.4128532125,0.44879924525000003,2.6925246100000004,0.000234089861
1.7032268350000002,0.07078662054999998,2.5817820449999997,0.0001589348285
1.3204386549999998,0.368173443,2.683350025,0.00023330009950000001
1.331011205,0.41267026249999994,2.6910263875,0.00024371360675
1.30894819,0.3921933102499999,2.68911445,0.00022457117325
1.3278611299999998,0.41430387674999997,2.6361225824999996,0.0005764176460000001
1.305798115,0.3938269245,2.6342106449999996,0.0005572752125
1.3173592674999999,0.42510929,2.66472262,0.00037269922575
1.2952962525,0.40463233774999996,2.6628106825,0.00035355679225
1.3110392100000001,0.3613037915,2.6332528575,0.00050457574975
1.3138164575000002,0.27376997475,2.63666576,0.00026514568874999995
1.331539035,0.2781264485,2.6291604025,0.0003422035805
1.2367385924999998,0.414666541,2.6071185449999996,0.00061920440125
1.2724497625,0.485992603,2.6189436299999995,0.0007580839880000001
1.1540377450000001,0.489014238,2.6291089050000003,0.000259012919
1.210856855,0.46543427549999994,2.6607146875,0.00025455837050000004
1.2001666125,0.42724205550000005,2.636339665,0.00030143052975000004
1.258321375,0.48364046225,2.6764352925,0.00028654680525
1.2683603774999999,0.46053020675,2.653401255,0.000409539902
1.2622062875,0.42605943999999996,2.655894815,0.00036968927825
1.2414770425,0.41097747549999997,2.65455383,0.00029356834075
1.2425931099999998,0.41245573775,2.63156837,0.00041712101675
1.220506935,0.42187082025,2.584929525,0.00100247635375
1.1827338925,0.48570680600000005,2.5882440800000004,0.0008990240245
1.4895162549999998,0.470027134,2.6116656675,0.00055099392925
1.47184336,0.46998784699999996,2.6484704624999997,0.00038738392874999996
1.4659264075,0.462999292,2.585304975,0.0011635108959999999
1.461675285,0.45619202425000005,2.6614299425,0.00036712991475
1.4474197625,0.45546757449999997,2.6690704225,0.000338866814
1.4560582625,0.4370696175,2.6471075425,0.000434590864
1.404185295,0.49209735549999994,2.6608522525,0.00038912468725
1.4148920475,0.46303569549999996,2.6628277875,0.00038626132875000004
1.6233523774999998,0.3057123945,2.6045645475,0.000381639282
1.6391696625,0.33352906275000005,2.6202644725,0.00025995078625
1.64085567,0.31470504425,2.6100924025,0.00031463242349999995
1.6505788875,0.31795863074999997,2.58505851,0.0004582721195
1.6125387224999999,0.3728878125,2.6037911175,0.00036871826900000004
1.6534695025,0.3551318795,2.6052814725,0.0002781873955
1.6583498125,0.344674021,2.5837945925000003,0.00042197713275
1.6367779949999999,0.37960664925,2.5979143375000002,0.00032761011250000003
1.6331493849999998,0.26888592175,2.5861583325,0.000437725139
1.663232475,0.2675803565,2.5871366850000004,0.00037837419949999997
1.6487322450000002,0.25996882475,2.5917662375000003,0.00036480955175
1.5212256325000002,0.29919806875,2.695560575,0.0001195577335
1.490884515,0.29768704625000003,2.6973934775,0.00012629342375
1.48751569,0.310904257,2.687034965,0.00017356857275000002
1.55185604,0.23559191075,2.6837266674999998,0.00011405471775000001
1.57786524,0.2151685915,2.6733006825,0.00011391698375000001
1.7108911875000001,0.21779740599999997,2.5764120825,0.00028879105225000006
1.6837500925,0.19404487325,2.57580471,0.00023508671424999998
1.694147735,0.228163924,2.5962735425,0.0002165730765
1.6936591549999997,0.247882258,2.59109378,0.00027109507575
1.7130378175,0.25505484624999997,2.5750324725,0.00031731997675000004
1.6742058675,0.2521632425,2.5805948375,0.00037248840099999994
1.6718752399999999,0.11523881554999998,2.5778094525000004,0.00017570925800000002
1.6553217199999999,0.11461057505,2.57294935,0.00019779398475
1.6913892325,0.08562843507500001,2.5749697100000004,0.00020556990974999998
1.6565889450000002,0.202211775,2.600470125,0.00016403918725
1.6381088525000003,0.20505188800000002,2.6028540149999997,0.0001674829235
1.66017622,0.218982134,2.6111863250000003,0.00015949357275000001
1.6451874100000001,0.23108893625000002,2.610636115,0.00020045092425
1.63282195,0.22238872950000002,2.609238565,0.00019121400149999998
1.6714429575,0.205886092,2.5816923375000003,0.00023600757050000004
1.6750302325,0.22265645099999998,2.5924085375000003,0.00023146195600000003
1.6496945925,0.241173271,2.5921144475,0.00031487693575
1.6634830825,0.23567911974999997,2.5836146475,0.00033650156200000004
1.671165945,0.13089475035,2.6047152875,0.000122689893
1.6616855875,0.13219545235,2.62270999,0.00012929194599999998
1.6478126375,0.13744148409999998,2.6194558150000002,0.000120497416
1.6383322800000002,0.1387421861,2.6374505175,0.00012709946899999998
1.64958784,0.09109197189999999,2.64558214,0.000125733286
1.6265194125,0.09205658365,2.66728902,0.0001290494765
1.6432480825,0.10657592874999999,2.6492183225000003,0.0001216833935
1.698115945,0.050033926024999995,2.5749314450000003,0.00021278635
1.6167235975,0.04521267535,2.699787855,0.00013801698875
1.6229631,0.0592605085,2.6858780975,0.0001429357615
1.64542094,0.040122035425,2.6709372399999998,0.00012077514299999999
1.65209058,0.015424241775,2.65793848,0.000130469378
1.6516604424999999,0.054169868575,2.6570274824999998,0.00012569391575
1.6583300825,0.029472074925,2.6440287225,0.00013538815075
1.6370806975,0.027683994725,2.6549528225,0.00017693084725
1.5671550925000002,0.011633623374999999,2.7061861174999997,0.00013614397
1.4720122225,0.15224805475,2.7122894525000003,0.00010781875075
1.42734632125,0.23752209537500002,2.71677035125,0.000105665768375
1.5171776112500002,0.076124027375,2.71630078625,0.000105908712875
1.4634590150000002,0.1917612925,2.7252427325,0.000109972709
1.5171439625,0.12437169625000001,2.72813135125,0.000116774005
1.4230697175000002,0.25727871425000004,2.72324699125,0.0001067427475
1.4007213725,0.28951411325,2.7268151612500002,0.0001093883915
1.5129010075,0.09588064625,2.72277742625,0.000106985692
1.4289183625000001,0.29679596425,2.7278467400000004,0.000110153731
1.4762218783333334,0.21685800949999998,2.728904483333334,0.00011910144433333332
1.5235253941666667,0.13692005475,2.729962226666667,0.00011462758766666667
1.469026745,0.28618923575,2.7220956674999996,0.0001142417495
1.5029607999999999,0.20978685716666665,2.7250704349999997,0.00012046411716666667
1.536894855,0.13338447858333333,2.7280452025,0.00011735293333333335
1.4875596475,0.24756280325000002,2.7141536475,0.00011396602175000001
1.52919427875,0.152272451625,2.72258680875,0.000118770661375
1.5936658074999999,0.059024760025,2.7158021925,0.00013557585775000002
1.5966671399999999,0.045218567825,2.7185566425,0.00012376779725
1.50797662,0.30110844225,2.7170716524999996,0.00011465045100000001
1.5289273833333334,0.21973299483333333,2.7217210916666663,0.000120600351
1.5498781466666665,0.13835754741666667,2.7263705308333335,0.000117625401
1.51393062,0.395436548,2.6281085025,0.00047092619925000005
1.5125480875,0.43337781000000003,2.65055746,0.000287060855
1.5075452025,0.405391224,2.6539495,0.000298404022
1.545853795,0.37460000075,2.61718887,0.00048330560825
1.52882004,0.3744014355,2.6293748025,0.00044218199025
1.5273272075,0.42290249475,2.6695140024999997,0.00018858494325
1.5223243224999998,0.39491590875,2.6729060424999997,0.00019992811025
1.65607059,0.49359333525,2.5921670775,0.0001779203705
1.4070745933333333,0.06829651568333334,2.582848628333333,0.00010774831425
1.4719110266666666,0.03414825784166667,2.6259823241666664,0.00011120898149999999
1.3815014583333332,0.08842459316666668,2.5945007016666666,0.00011161023791666667
1.4591244591666666,0.04421229658333334,2.6318083608333334,0.00011893282883333333
1.4208745675,0.05920467327500001,2.57693529,0.0001046399595
1.4788110137500001,0.029602336637500004,2.623025655,0.00010446380325
1.3907941875,0.0893967895,2.6148300775,0.00011509289125
1.46377082375,0.04469839475,2.64197304875,0.000109690269125
1.3201071216666667,0.13084391733333334,2.585774701666667,0.00013716633975
1.4765685937500002,0.04469839475,2.66757109875,0.000109545783125
1.3301505425000002,0.13106332325,2.5912686000000003,0.00011874101625
1.4075480283333335,0.08737554883333333,2.634283106666667,0.00010891278875
1.4849455141666668,0.043687774416666665,2.6772976133333337,0.0001138269025
1.4490040225,0.43724273175,2.587694525,0.00136092407075
1.445463,0.42950802325,2.617170095,0.00078967661225
1.486047595,0.40057040775,2.6617813725,0.00029379610725
1.46391961,0.41379444325000003,2.66150421,0.0003237224485
1.4563407325,0.34190845475,2.6581501375,0.00032981003474999996
1.4501238475,0.41273555925000005,2.6878539925,0.00022514032950000001
1.4681552075,0.3456805795,2.6752982149999998,0.0002407699615
1.4894720925,0.35397647325000003,2.67235911,0.00023852625975000002
1.469142825,0.39357645825,2.7002270824999997,0.0001599296575
1.4977177075,0.384160027,2.6928338425,0.00016003586475
1.500826715,0.3900950925,2.680737915,0.0001953201955
1.5028828975000001,0.36996926375000005,2.6832664024999997,0.00019163304575
1.32777357,0.35500798375,2.61513233,0.00072210648925
1.48981947,0.280253537,2.684453965,0.000158674211
1.486450645,0.29347074775,2.6740954525,0.00020594936
1.4269299500000001,0.07228223975,2.6272852425,0.00010330075575
1.356141625,0.10806561237500001,2.58475673125,0.000103591467375
1.494636475,0.036141119875,2.67379868125,0.000103649715375
1.366286305,0.1139487735,2.603723765,0.00010694888075
1.4316385366666666,0.075965849,2.64258655,0.00010498207691666666
1.4969907683333334,0.0379829245,2.681449335,0.00010596547883333333
1.416949155,0.3107109145,2.6944339275,0.00016499681624999998
1.42686403,0.29866210375,2.6822199225,0.00018517673375
1.3864285674999999,0.3756583855000001,2.72054684,0.00012121104375000002
1.3616018625000001,0.35438134525,2.7108789675000002,0.00013639324075
1.352698685,0.36785438675000004,2.6931423525000002,0.00021202296950000003
1.42653695,0.365051657,2.7147957675,0.00012529906225000002
1.4468121250000001,0.38034857075000006,2.7018648374999996,0.00016690460875
1.447163465,0.35916307575000006,2.6863718025,0.0002095409875
1.4168734575,0.32974385475,2.6959760775,0.0001728845145
1.435081335,0.332104683,2.7051328999999997,0.000135356482
1.4458076675,0.33525482575,2.69200909,0.00017829535500000002
1.3807788799999998,0.40886330625,2.70780873,0.00017770354875
1.401868285,0.41741567874999996,2.6896845674999996,0.00024700223925
1.36150071,0.39800071000000004,2.68770289,0.00025303078325
1.3825901149999997,0.4065530825,2.6695787275,0.00032232947375000006
1.4277931475,0.39950767175,2.6894917475,0.00023211528074999999
1.4281444875,0.37832217675,2.6739987124999995,0.00027475165949999997
1.223076105,0.34446775924999995,2.6397472625,0.0002177266325
1.2426892825,0.3580714615,2.6640737074999996,0.00017029489399999998
1.2937855725,0.3307444975,2.6604272125,0.000248115717
1.28742841,0.36178936824999997,2.68437046,0.00017726250375
1.3003997200000001,0.2894127815,2.6499948499999997,0.00022786141549999999
1.31531763,0.264644459,2.6784889725000003,0.00013306629475
1.29711467,0.347877227,2.69680166625,0.000131801070375
1.230617345,0.292401679,2.64467931125,0.000135323703375
1.3770739725,0.19848334425,2.6889447593750004,0.0001112655799375
1.4388303150000001,0.1323222295,2.69940054625,0.00011853248487500001
1.5005866575,0.06616111475,2.7098563331250003,0.0001257993898125
1.3633342975,0.28142146775,2.7078684575,0.00012587203524999998
1.32112300375,0.356265731375,2.7114914087499997,0.000128203940625
1.4296705316666667,0.18761431183333332,2.712016345,0.00011128979508333333
1.4960067658333334,0.09380715591666666,2.7161642325,0.00011858091516666664
1.30396694,0.36517909925,2.7008045925,0.00014123525424999999
1.389276475,0.254343003,2.70940268,0.00011911627025000001
1.4469653166666667,0.16956200200000002,2.71303916,0.00010903787341666666
1.5046541583333335,0.08478100100000001,2.71667564,0.00011407707183333333
1.3299091175000002,0.3381006345,2.702338815,0.00013447948924999998
1.344673875,0.297039047,2.6849405175,0.00014895599249999998
1.3731961275,0.27361711875,2.6899631025,0.00011632744274999999
1.3637486125,0.2873564215,2.685839295,0.00014165654449999998
1.3179458975,0.26048043374999996,2.6658770450000002,0.00013038388525
1.341427685,0.27636934825,2.6829651,0.00012230138949999997
1.3295969375,0.302823484,2.6868356475,0.000138617217
1.3734574925,0.260865316,2.6747941975000002,0.000143562198
1.3640099775,0.27460461875000003,2.67067039,0.00016889129975
1.3084983825,0.2742197365,2.6617532375,0.000155712987
1.3175284575000001,0.2931672485,2.671542645,0.0001631151825
1.3536277425,0.269696206,2.6524768475,0.000245846444
1.3219151199999999,0.25857692975,2.6484241475,0.00019299726025
1.3396376975,0.2629334035,2.6409187899999997,0.000270055152
1.3233329075,0.4679761905,2.6274612525,0.0009122940682500002
1.3071298025,0.48731213075,2.6042075149999997,0.0012111014142500002
1.3813399375,0.48452454824999996,2.6234813325,0.0009307437650000001
1.3473674975,0.4931511954999999,2.6336653224999997,0.0008554704982500002
1.283247085,0.41087029875000003,2.582779705,0.0013013319392500002
1.3095012025,0.4321511985,2.58249098,0.00160667812425
1.2566942575,0.429497391,2.5882614825,0.0011826199687500001
1.303088725,0.468419008,2.5766333925,0.00175150379
1.268408685,0.46709948025000003,2.5913695074999996,0.0012984863637500001
1.2149835224999999,0.34796967375,2.5819515575,0.0005468699809999999
1.2375777375,0.36124738325000005,2.6105571375,0.00049361438775
1.24399954,0.34243681299999995,2.6362591374999997,0.00026834012175
1.26996988,0.32499564449999996,2.636642335,0.0002917615965
1.1893599025,0.33237159275,2.59345603,0.00031595360649999996
1.2125214025,0.32904953524999997,2.623313785,0.00023950713175
1.17704606,0.30651934475,2.5783140075,0.00027934714299999996
1.1566972450000002,0.37831640974999997,2.5880112075,0.00039349329774999997
1.17541346,0.34877412025,2.5776197925,0.000438886702
1.1738949424999998,0.41387586275,2.590954125,0.00047673843100000005
1.2018603075,0.4206443205,2.5771096350000002,0.0009451065639999999
1.4863008825000001,0.4987964035,2.60147232,0.0005968065452500001
1.4627110349999999,0.4917685615,2.5751116275,0.0012093235120000001
1.5955872224999998,0.346756637,2.6237022275,0.0003264257615
1.6057640899999999,0.35080796475,2.60947919,0.0003812492945
1.6055266549999998,0.331872657,2.6328084475,0.00026708099575
1.6157035225,0.33592398474999996,2.61858541,0.00032190452875
1.6078657499999998,0.31552761799999995,2.6090950375,0.00039371463600000004
1.5707880849999998,0.34064397949999997,2.6236776099999997,0.0003742421835
1.5658084150000002,0.32496746625,2.6216191049999997,0.00041607747725
1.61927718,0.23971055075,2.605614485,0.000259243734
1.61605978,0.2573278545,2.60140413,0.000341396244
1.6271341175000003,0.22923070175000002,2.59597826,0.00026357933175
1.63406706,0.23941325749999998,2.58480048,0.00036517520150000003
1.53673914,0.32126832025,2.690898715,0.0001296629035
1.5442464025000002,0.34390545650000004,2.6928990474999996,0.00012308848824999998
1.5270291249999999,0.36245180675,2.6859626774999996,0.00016015943575
1.572450635,0.34866612425,2.6849899274999998,0.00012105798125
1.5834125850000003,0.3341274785,2.6717346275,0.00015033851025000002
1.5398676975,0.37705856575,2.6691668625,0.0002009620565
1.5399779974999999,0.3664987685,2.65147662,0.00027069375925
1.5649629225000001,0.37588416799999996,2.67335367,0.00016364721875
1.565150795,0.3469601645,2.6417741749999997,0.00029529314650000003
1.5570117524999998,0.36669733375,2.6392906875,0.00031181737725
1.5832290625,0.352872394,2.6526123249999998,0.00022853307575
1.57509002,0.37260956325,2.6501288375,0.0002450573065
1.5235090850000002,0.1555904965,2.660263895,0.00014860014949999998
1.58352387,0.30193367600000004,2.60736835,0.00045514921675
1.577414155,0.31223853675,2.6212690475000002,0.00039070435775
1.6004515575,0.28067562,2.6407768149999997,0.00020620229775
1.6070350100000002,0.284595281,2.62398702,0.00028762558950000004
1.5910613224999999,0.29024296274999994,2.6545275449999997,0.00018708911575
1.59153506,0.3044674845,2.6516384475,0.0002040675485
1.5984429725,0.30272620925000004,2.618533075,0.00035396915725
1.5923332575,0.31303106999999997,2.6324337724999998,0.00028952429825
1.5399454849999998,0.35761512075,2.605582,0.0006235708642500001
1.5567407324999998,0.34339626875,2.6095872525,0.00053103167025
1.5517610624999998,0.3277197555,2.6075287475,0.000572866964
1.630598965,0.14243999499999999,2.60809255,0.00013811707124999998
1.622804495,0.16736633725,2.6102564375,0.00014965890275
1.6256934424999998,0.12113188385,2.62317771,0.00011882685975
1.6066114925,0.16931576674999999,2.6228963175,0.0001300613475
1.592950465,0.1600513535,2.6103007825,0.00014491708125
1.58818677,0.22604749325,2.5831393599999997,0.00040049198275
1.6724760825,0.086385567675,2.6006751675000004,0.00014999493225000002
1.6603217125,0.0954811545,2.6116460575,0.000133059497
1.6571811125,0.08129789964999999,2.6260045775,0.0001437114425
1.6774188275,0.066234285075,2.6147373925000004,0.00013797667275000002
1.68879199,0.06687003194999999,2.59733838,0.00015029431975
1.6414991300000001,0.035879026625,2.64266324,0.0001864172845
1.662748515,0.037667106825,2.63173914,0.000144874588
1.6896545300000003,0.024702738975,2.5838119375,0.00021047255175
1.6872800300000002,0.039386319,2.58305949,0.00022279852975
1.6786442400000001,0.046475556675,2.6003330350000002,0.000184128845
1.6800951075000001,0.016888255249999998,2.6076642850000002,0.0001635189455
1.6693294350000003,0.03179197665,2.6166630975,0.00017134303025
1.626954645,0.0067086895,2.6802652475,0.00015024795
1.6068637375,0.0314045362,2.6067996,0.00046305910675000005
1.6170670999999999,0.0722610764,2.6859385375,0.0001563036855
1.6199681774999999,0.0879866742,2.6784194125,0.00014536450525
1.6237982524999999,0.08706804739999999,2.6600614800000004,0.00015090911975
1.5957817475,0.07261845285,2.6437801125,0.00035665014
1.563625515,0.02121987565,2.7113412025,0.0001270512275
1.551899345,0.02541167615,2.70329821,0.00011935962175
1.5673939875,0.03010702645,2.7219501724999997,0.0001203774065
1.51475826,0.08113527302500001,2.7102072825,0.00011140909925
1.4434774099999998,0.1551746280125,2.6933908762499996,0.000105798670125
1.5798897125,0.1654875819,2.7120711799999997,0.00011809913299999999
1.55918481625,0.27398027195,2.706613185,0.0001116233625
1.5899910325000002,0.24221272965,2.6977528925,0.00011646383774999999
1.57997,0.29111365625,2.6924715624999997,0.00011915877075
1.585206745,0.20740887362500002,2.7013553662499996,0.00012780123037499998
1.6003016525,0.22019320939999998,2.6936503624999997,0.00011967936
1.5517657675,0.2863529885,2.7003806825,0.00012118927775
1.5711046287500001,0.20502853975000002,2.70530992625,0.00012881648387499999
1.549542395,0.22699979325000003,2.7119494074999997,0.00012258068275
1.5601856525,0.141990946625,2.72148468875,0.000123077991875
1.5440111575,0.30473637762500005,2.70655229875,0.000113864137375
1.5417237875,0.25714298725,2.6998319025,0.00012080734275
1.539500415,0.19778979200000002,2.7114006274999998,0.00012219874774999998
1.5189588375,0.271314906,2.7083919637499996,0.000123677447875
1.5861402724999998,0.1883635595,2.686268985,0.00011938025825000001
1.5601310725,0.20878687875000002,2.69669497,0.00011951799225000001
1.6087317149999998,0.2217753455,2.67391616,0.000126848061
1.6130961474999999,0.20048821915,2.686069725,0.00012788831925
1.61048451,0.15486438765,2.6780284649999997,0.00011171527299999999
1.62113592,0.2014322765,2.662416935,0.000122375275
1.6255003525,0.18014515015000002,2.6745704999999997,0.00012341553325
1.5478874725000002,0.4771545305,2.59945947,0.000488646183
1.5146966550000003,0.461720571,2.603172185,0.00056548523575
1.51948163,0.41425603650000004,2.6083503375,0.0005971962965
1.5232642875,0.43800653525000005,2.621231855,0.00044492813325
1.4939916125,0.412213512,2.5926802175000003,0.00091516657375
1.4911068075,0.454692729,2.5768114925,0.0011780022024999999
1.4741844225,0.42893616875,2.5792010425000003,0.00137541537725
1.6107734724999998,0.39593636975,2.6155294175,0.00029697827275
1.5886869424999999,0.405582033,2.617456255,0.00032086775175
1.61107859,0.382664889,2.6376726025,0.00022380865825
1.58899206,0.39231055225,2.63959944,0.00024769813725
1.6350127449999998,0.40265520650000003,2.6096526375,0.00025587011625
1.5772041975,0.42420295625,2.6098840225,0.00040601423100000006
1.5927929875000002,0.4449137075,2.6029535525,0.00038184633025
1.655961335,0.39898952849999997,2.628640055,0.00015031266425
1.6672838625,0.45689499375000003,2.598042785,0.0001762895555
1.6461121424999998,0.43000382925,2.5948725324999997,0.00026318178050000005
1.63015747,0.452468872,2.6013048875,0.00024451670825
1.5788649625000002,0.395585157,2.6628242725,0.0001662880495
1.5587726225000003,0.42474614075,2.655245425,0.00019225972025
1.5574169750000002,0.44009245925,2.62444836,0.00035881628725
1.573005765,0.4608032105,2.61751789,0.0003346483865
1.6832385349999999,0.434429951,2.59161043,0.00019495462775000002
1.6721391374999999,0.40708132825,2.606390535,0.00018764296350000002
1.6392121925,0.452696249,2.624689935,0.00014239226425
1.6394353225,0.4832530915,2.60887277,0.00016105749125000003
1.5825217075000002,0.49471647275,2.62669921,0.00018208670025000003
1.552624435,0.41925990575,2.6815693975,0.0001232351515
1.5607847300000002,0.4685194865,2.6599536525,0.00013723003225
1.532532095,0.44842088950000003,2.67399055,0.00014920682225
1.5406923900000002,0.49768047025000006,2.652374805,0.000163201703
1.6276903724999998,0.4698366075,2.5776764725,0.00034042710099999995
1.59032589,0.462281443,2.5793251375,0.000477756723
1.566697715,0.48257008925,2.5745219575,0.0005679773387500001
1.4775695500000001,0.04107210785,2.5805072200000003,0.00010930136874999999
1.4263481500000001,0.060054976375,2.5916482800000002,0.00010997735275000001
1.4719603075,0.0328869577375,2.5951373275,0.00011544861
1.4522149725000002,0.0416487017,2.58872628125,0.000108950234
1.332343905,0.33590846525,2.6256626225,0.0005719326885
1.334397735,0.29481458675,2.6362833974999997,0.00035106050175
1.3207428475,0.3492292765,2.6619619725,0.000292277662
1.31006101,0.331789829,2.6542211175,0.0002942569115
1.315609545,0.342204273,2.64378315,0.000354401949
1.310628295,0.315190062,2.6554732925,0.00027106602999999997
1.31814483,0.30950023249999997,2.66565776,0.00021795501725
1.3130115275,0.302475229,2.6474789375,0.00028007930425
1.4397226875,0.296827823,2.6691721675,0.00024298258349999998
1.4553468825,0.30780304975,2.665454865,0.0002701045815
1.4535472399999998,0.31815323225000003,2.6516334425000005,0.00035419558125
1.5068500974999999,0.2975121885,2.6661804925,0.00022400661699999998
1.5186417125,0.33295810225,2.6513341675,0.000290067448
1.537524045,0.341811143,2.6570308199999997,0.000252897469
1.5471237599999998,0.31118745375,2.6796570999999996,0.00015266923399999998
1.5079151425,0.31494569775000003,2.679120005,0.00019162582975
1.526797475,0.32379873849999996,2.6848166574999994,0.00015445585075
1.5085157475,0.334109664,2.6700814375,0.00022533788424999998
1.52739808,0.34296270475,2.6757780899999997,0.00018816790525
1.5553926525000001,0.33074566725,2.6548144199999997,0.00024189152825
1.5655929725000002,0.31928594425,2.6684021325,0.00017537534775
1.5713637475,0.2889124455,2.65846157,0.00019303226325
1.571837485,0.30313696724999994,2.6555724725,0.000210010696
1.5550685524999999,0.318934299,2.6347417225,0.00035541367475
1.5666742925000001,0.3062053695,2.634391665,0.00033004055525000004
1.3935844025,0.25716955975,2.6790682675,0.00013756157575
1.4061202425,0.26851628725,2.6780234574999997,0.0001585726295
1.4247782549999999,0.27265675375,2.68589872,0.00014169778825
1.467265995,0.219196625,2.7086756225,0.00010801510875
1.5190474525,0.1380893625,2.71984779625,0.00011579520487499999
1.4357371349999999,0.21009188150000002,2.7030792225,0.000107157206
1.5032830224999998,0.13353699075,2.71704959625,0.0001153662535
1.43914825,0.27703879775,2.6989397999999998,0.000113359394
1.41486338,0.2847055645,2.6981127249999997,0.00012151787075000001
1.3933230374999999,0.2699213625,2.6942371725,0.0001103268205
1.55941412,0.1410398705,2.61185008,0.00036967648325
1.3708246949999998,0.21550579749999998,2.6498079875,0.00015359952325
1.49772814,0.056005329925,2.6794337625000004,0.00010441601650000001
1.426857725,0.1190792254625,2.65818330625,0.00010424935675000001
1.4445884525000001,0.08185827375,2.6509614,0.00010335088525
1.38393224625,0.11356912387500001,2.614223005,0.00010219270362500001
1.50346572625,0.040929136875,2.68563676,0.000103674780125
1.46104786,0.11242802827500001,2.6866855024999996,0.00010653594825
1.51169543,0.056214014137500004,2.70349881125,0.00010526731162500001
1.5019574175000001,0.0655915822,2.6903854000000003,0.00010781264975000001
1.42897236375,0.1238723516,2.663659125,0.000105947673375
1.4544208075,0.12289507795,2.6794509875,0.00010686004125
1.3675163099999998,0.20750481650000002,2.653268395,0.00011454203900000001
1.3667723825,0.203740582,2.6398975825,0.00015457313725
1.3254717875,0.27722232799999996,2.61252111,0.0004393900525
1.3077492099999999,0.27286585425,2.6200264675,0.00036233216075
1.4215488425,0.429629788,2.612415075,0.0009280109175
1.36096737,0.41976822925,2.5793137575,0.0018574018617500002
1.4014939974999998,0.4555089625,2.5799838299999998,0.0016798542785
1.3996163899999998,0.44475950324999997,2.6361098875,0.000620319684
1.3823880549999998,0.45630910275,2.6130613675,0.0010944778125
1.425089865,0.43736449650000003,2.5829395049999997,0.001499258376
1.35730213,0.38998071850000005,2.5859317799999997,0.0015675030317500002
1.3476151825,0.38449067625,2.6118742225,0.0008817164295000001
1.3529438374999998,0.41126343625,2.6319066875,0.0006833281235
1.378299385,0.41966045674999997,2.6457008699999998,0.00054347545075
1.337020905,0.42634712175,2.62512362,0.0007380068357500001
1.3451481175,0.44629374175,2.6158692825000003,0.0010723122915
1.33535749,0.4293618725,2.5984731324999997,0.00122629397175
1.26142219,0.35046036550000004,2.5966650825,0.00076254369025
1.275404395,0.33155518775,2.6102874849999997,0.0006007192125
1.28424928,0.36942367249999997,2.5976143475,0.00091388730475
1.298231485,0.35051849474999996,2.6112367499999998,0.000752062827
1.314965845,0.344222687,2.5931162225,0.0009695935665
1.3122704324999999,0.3173892795,2.5913181874999998,0.00088080381875
1.319625855,0.3126720115,2.5747736674999997,0.0014890649039999999
1.2806148800000001,0.2865341305,2.64122939,0.0002247481715
1.2658292625,0.29973278949999993,2.62723392,0.00027579624649999996
1.28962457,0.279845573,2.6226949674999998,0.00033227341899999996
1.2410090550000001,0.28984122724999994,2.63911146,0.00015565627475
1.2262234374999998,0.30303988624999995,2.62511599,0.00020670434974999998
1.1954996574999999,0.29453419924999996,2.5975111725,0.00021012619975
1.1827802049999998,0.269959964,2.5801978725,0.00016216819850000002
1.5784086875,0.21752780649999998,2.5823359499999996,0.00038009104175
1.563934775,0.16592278325,2.6235605475,0.0002080168815
1.472726585,0.15052751475,2.609192075,0.00036302200725
1.5618643474999998,0.15174285325,2.649912235,0.00020877900174999997
1.6155448875,0.1180012411,2.646828535,0.00013945581325
1.6135916725000001,0.1224771681,2.632335725,0.00013928129925000002
1.5818701375000002,0.28734035775,2.60141784,0.000500551716
1.5453889975,0.360180922,2.5897063025,0.0007842821585
1.562184245,0.34596206999999995,2.593711555,0.0006917429644999999
1.5864084649999999,0.34726110849999997,2.593578875,0.0005897770107499999
1.557204575,0.33028555675,2.59165305,0.00073357825825
1.5846187150000002,0.24741499849999998,2.5742172625,0.00066979853775
1.6591533725,0.0772180212,2.6012195375,0.0001839124035
1.6729000525,0.09088147804999999,2.5907965925000003,0.00016873056675
1.669145795,0.099755264825,2.5836879625,0.00019269544300000002
1.6773783574999999,0.08620775685000001,2.5806474699999997,0.00021566503550000002
1.65893388,0.05480609742499999,2.589411975,0.00028990336075
1.6625936925,0.057159636175,2.600502015,0.00022103279125
1.6505427075,0.055026238799999995,2.599163235,0.0002854014675
1.64210892,0.100108802225,2.58496845,0.00019885731475
1.652592275,0.09912702432500001,2.57882786,0.00021478016975
1.6365814825,0.091241460275,2.5776220575,0.00027697949899999996
1.6470648374999999,0.090259682375,2.5714814675,0.000292902354
1.6469990025,0.08631360802499999,2.6121904275,0.00016697696825
1.632637295,0.138143085,2.59360409,0.00014342136425
1.6470656725,0.1390185505,2.58105588,0.000157210974
1.6431165075,0.12187021025,2.5796383625,0.0001572571945
1.6341166525000002,0.11152617245,2.5846761475,0.0001680516595
1.5819204775,0.14968234675,2.6074471475000003,0.00021172810725
1.590717675,0.14806417025,2.6105651875,0.00017232845475
1.5730539000000001,0.15053034575000002,2.6152148825,0.0002509786535
1.567538085,0.1414145305,2.6169949150000003,0.000310588937
1.5696502925,0.13247933225,2.61401832,0.00034528512675
1.5661366599999997,0.13516519975,2.63128948,0.00032219408975
1.564366015,0.14200950425,2.6264412975,0.000309452418
1.570913735,0.13820352800000002,2.6402314275,0.00027284080724999997
1.6000714024999998,0.1337475255,2.6301548500000003,0.000166385329
1.59304485,0.13512296975,2.6406487825,0.00019095971225
1.582214805,0.131559033,2.6395592074999996,0.00024860457425
1.6085737349999998,0.17804383525,2.604886355,0.000145974387
1.6028688549999999,0.16243268575,2.600045325,0.000141178585
1.6247667375,0.17609440575000002,2.592246475,0.00016557194225
1.6356745675000002,0.19563821725,2.5863646275,0.00018577765875
1.6248343,0.1537539775,2.5866224775,0.00016042778924999998
1.610351235,0.14621298024999999,2.5911000975,0.00014184944999999998
1.6392626774999999,0.154629443,2.5740742675000003,0.000174217399
1.6064735625,0.04327378235,2.5812112075,0.00061319487575
1.60115963,0.0406855801,2.5902037,0.0005788838462500001
1.6206930875,0.057687726825,2.5761758675,0.000545880517
1.6169326,0.047200368725,2.5822041625,0.00056839254825
1.5873044725,0.08926621085,2.583553135,0.000526215219
1.585846245,0.096556686,2.5789123775,0.00047873285075
1.6041006150000001,0.008966101800000001,2.624944805,0.000340426923
1.61336121,0.015893573875,2.62779045,0.0003252371535
1.6120696375,0.02536393515,2.6235494,0.00035872786975000003
1.67479792,0.007814483725,2.57196027,0.00028961274075
1.674215465,0.0159871867,2.5824582549999997,0.000264209586
1.6611850549999998,0.022597656124999997,2.5746561275,0.000357261255
1.6446713499999999,0.021831193475,2.632083415,0.00020856794425
1.6530451474999999,0.023076424375,2.6237785799999997,0.000203846248
1.6491939125,0.03000389645,2.6180763225,0.00023550455425
1.63605556,0.006927472075,2.63432145,0.00023397529725000001
1.6638108200000001,0.008172702975,2.6147797675,0.00019602216324999999
1.6657699049999999,0.008172702975,2.5967997274999997,0.00023987480725
1.64506927,0.036174026775,2.61354017,0.0002722010685
1.6452594999999999,0.021270305375,2.6106080975,0.0002865359745
1.620660335,0.0267228023,2.6144472925,0.00036923441075
1.6163058875,0.028671718175000003,2.6055418825,0.00042802654225
1.6439195875000001,0.033503485374999996,2.584772645,0.00040292483749999994
1.6486148525,0.020953302724999998,2.5844614475,0.0003696229905
1.6510698199999998,0.0143428333,2.598330315,0.00029873031225
1.6047958450000002,0.006018109625,2.6953758025,0.000169673178
1.61515537,0.012726799125,2.68838209,0.000164969013
1.6115939625,0.026532991324999998,2.6949059374999997,0.00016243228675
1.596597225,0.012293358800000001,2.7070930625,0.0001572926415
1.5991523575000002,0.026099551000000002,2.7066128275,0.00016114844775
1.6224451675,0.005450833125,2.6556978224999996,0.00021709632724999998
1.6266425250000003,0.012159522625,2.66574937,0.00018220253699999998
1.630529075,0.0190869947,2.6543467025,0.00020396666150000002
1.6263317174999998,0.0123783052,2.644295155,0.00023886045174999998
1.6147302399999999,0.017189568375,2.6393502349999998,0.00028766925249999997
1.6092173775,0.005450833125,2.656645835,0.00024275442049999997
1.6053536849999999,0.0102620963,2.646000505,0.00028166903949999997
1.6284707175,0.03313482785,2.6554156525,0.00020443482925000002
1.60511026,0.01146894275,2.6691034449999997,0.00022378420900000002
1.61484325,0.01817763225,2.6738662125,0.00019692359999999999
1.5976849499999999,0.014817170800000001,2.6491099,0.00028475811275
1.596903295,0.0139564774,2.618728935,0.00037115652975
1.5900352,0.0155671439,2.624937535,0.00035242889149999997
1.6001799425,0.027518523850000004,2.6108506300000003,0.00043702955025
1.601031395,0.023426838675000002,2.6186950199999997,0.00039149044475
1.6040753150000002,0.12310273,2.65312195,0.000169678082
1.5950955475000002,0.12895410125,2.6491230725,0.00019407795125
1.5842655025,0.1253901645,2.6480334975,0.00025172281325
1.5482194725,0.1382743155,2.6609562625,0.00018977733649999998
1.5599572075,0.13969916475,2.6641617999999996,0.00020038744699999998
1.572941485,0.12711386025,2.65406209,0.000271285131
1.560250285,0.14094588175,2.6547322849999997,0.000232019891
1.5649300250000002,0.13445407175000001,2.6496685125,0.00027971937749999995
1.5706725125,0.13866636325,2.6772146825,0.00018024712725
1.57108474,0.1159866155,2.6670140025,0.00025583582825
1.56693864,0.13211253475,2.669371665,0.0002165821425
1.5752431775,0.12601904025,2.6643357275,0.00023978033999999998
1.5454947950000002,0.1280209085,2.6601179249999998,0.00020994502499999996
1.63084167,0.381874077,2.5779162025,0.00048494605300000005
1.6066023975,0.37515524024999997,2.5837929825,0.0005260542095
1.59427276,0.35853733125,2.57922232,0.00068035596
1.5343818675,0.2229437305,2.678545355,0.00012174696
1.4200055575000001,0.072347747275,2.574293555,0.00012434564825
1.4703927024999999,0.041909301649999994,2.57882005,0.00011146168425
1.451271325,0.062589989975,2.5837304,0.0001122959965
1.4961185449999999,0.028478374699999996,2.5763267900000004,0.00010595813174999999
1.3783359825,0.090635185875,2.5716687425,0.00010814952125
1.45754172125,0.0453175929375,2.6203923812500003,0.000106218584125
1.4428111625,0.0577391815,2.6063178175000004,0.000112314436
1.4015102675,0.08141007465,2.57304585,0.00012026212625
1.46536798875,0.040705037325,2.60584563,0.000114396079125
1.37063846,0.10286244925000002,2.5868890275000003,0.00010260576350000001
1.45369296,0.05143122462500001,2.62800252375,0.00010344670525000001
1.439304085,0.054672939625,2.59577304,0.0001093114845
1.46361445,0.0391719163875,2.6005732412500002,0.000112894603375
1.45729661,0.08256532717500001,2.64647138,0.00011071239175
1.4041569225000001,0.10841827100000001,2.6179990175,0.0001096472605
1.4704521912500002,0.054209135500000005,2.64355751875,0.00010696745375
1.4586711225,0.05371896925,2.61375165,0.0001193058035
1.4272738075000002,0.075236851375,2.587402165,0.00012262209024999998
1.399454355,0.09346020025000001,2.59844762,0.00010893126275
1.4681009075,0.04673010012500001,2.6337818200000003,0.000106609454875
1.410658955,0.08429917875000001,2.5937721125,0.00011747797199999999
1.4737032074999998,0.042149589375000004,2.6314440662500003,0.00011088280949999999
1.601448415,0.045150179425,2.5718523849999997,0.00068959401675
1.4809628425,0.36505217875,2.5911408675,0.001162587346
1.4807954425,0.38818457,2.6028371475000003,0.00088064772825
1.50054455,0.35010982325,2.5952041175,0.00098488232475
1.496555895,0.381555401,2.6232071550000002,0.000557159161
1.483567625,0.381170191,2.6426126975,0.00041714454
1.48493594,0.35470208524999997,2.6506619475,0.00036556184225
1.4700124575,0.34499489499999997,2.6456097975,0.00041931758475
1.5114453149999998,0.3605202885,2.624473455,0.000528414952
1.5152665699999999,0.352207102,2.6081666974999997,0.0006741984980000001
1.50372094,0.34376458075,2.64087862,0.0003940967
1.4083253425,0.39718102675,2.585269095,0.0016413022402499999
1.381916045,0.36358841524999996,2.5796337725,0.0018664224627499997
1.3810642349999998,0.385537982,2.5889314425,0.00153199931275
1.4527951775,0.357898794,2.6344065075,0.0005469861355
1.417456805,0.402888015,2.612608075,0.00095050742175
1.3713772874999999,0.38004793975,2.6148738849999997,0.0008462127105
1.4558537875000002,0.38433276125000004,2.6080390225,0.0008739980270000001
1.4598461975,0.38155446950000005,2.631541015,0.000551419835
1.43191895,0.37774357950000004,2.651721835,0.00043364918425
1.4391234524999998,0.35481235375,2.6469468474999998,0.00045747858550000003
1.4413709625,0.40276625025,2.617363095,0.0008121731165
1.4453633725000001,0.3999879585,2.6408650875,0.0004895949245000001
1.3922708625,0.39828585099999997,2.6313043824999998,0.0006619534119999999
1.4161911025,0.374855578,2.659795045,0.00040811657925
1.3973726924999998,0.36365854750000004,2.6583985075000003,0.0004131247955
1.3965615925,0.38517847675,2.6551822400000002,0.000440807435
1.4248086224999998,0.19961144400000003,2.657991765,0.0001164256845
1.4032904224999998,0.20829869075000002,2.662461875,0.00011631523
1.3879765874999999,0.19599314424999997,2.6508272875,0.00011699778025
1.3963137549999998,0.18315316375000001,2.63967806,0.00013552830724999999
1.412312625,0.18575712300000002,2.6383505449999998,0.00017294429175
1.5597794075000002,0.142615087,2.5957715475,0.000357399782
1.5541264425,0.14288333775,2.590799805,0.000401962243
1.5638683425,0.128345506,2.6074884525,0.0004131382155
1.5585560200000002,0.13356128875,2.6059791425,0.00042467118325
1.56051299,0.1352784575,2.5972713200000004,0.00039822731925
1.554860025,0.13554670825,2.5922995775,0.00044278978025
1.363986045,0.2580366545,2.6466883425,0.00025730593900000003
1.3810243,0.26271005350000004,2.6376401200000004,0.000327470243
1.349996,0.251273852,2.635130285,0.000281514647
1.36712429,0.246173557,2.66011256,0.00017133441525
1.3577961925,0.24898018325,2.6176520575,0.00043965707299999996
1.3601905100000002,0.23335285125,2.6177054625,0.00039371664749999997
1.3455285725000001,0.23504228525,2.64058536,0.00020152574474999998
1.3536500325,0.2270419635,2.6297644350000002,0.000235265157
1.3566362875,0.23116135225,2.6561431275,0.00014925114525
1.3647577475,0.22316103050000002,2.6453222025,0.0001829905575
1.3768374025,0.229915131,2.6166127925,0.000476324014
1.3836774225,0.26137201125000004,2.6225661049999998,0.00053175829125
1.3923548449999998,0.2499521265,2.619339885,0.0005806687335
1.3793411549999999,0.22195401799999998,2.6478648175,0.0001844054985
1.37443936,0.25440494350000004,2.6141360999999996,0.0006197364132499999
1.3831167825,0.24298505875,2.61090988,0.0006686468555
1.38162011,0.221034717,2.6060939425000003,0.0008576551770000001
1.3752325774999998,0.21426527574999998,2.5996121150000002,0.00099297947575
1.294400155,0.19995904325000002,2.5764093425,0.00028259955250000004
1.3713449225,0.13249804075,2.6292757399999998,0.00010642424975
1.46684396125,0.066249020375,2.67479393,0.000105211462375
1.38679853,0.13636978725,2.644791425,0.00010272488725
1.4745707650000002,0.068184893625,2.6825517725,0.000103361781125
1.39902866,0.1573532895,2.66956389,0.000102513317
1.48068583,0.07867664475,2.694938005,0.000103255996
1.321986645,0.21137847374999996,2.6608194124999995,0.000125878247
1.2339518525,0.26576868637499995,2.63584453125,0.0001317296795
1.40210543,0.14091898249999998,2.680650315,0.00011129186566666666
1.482224215,0.07045949124999999,2.7004812175,0.00011858505633333333
1.2535892125,0.27618859324999995,2.64396614,0.0001338392705
1.298145205,0.1879857815,2.62582046,0.0001228916265
1.2384390975000001,0.20086197725,2.576742205,0.00013554734525
1.2220311325,0.25407234025000003,2.618345055,0.00013023636924999998
1.3862111366666667,0.12532385433333335,2.65731768,0.00011029632549999999
1.4742770683333335,0.06266192716666667,2.6888149,0.00011659397599999999
1.3352091600000002,0.1496125905,2.616820575,0.00011821638525000001
1.256971075,0.18167538175,2.5722422625,0.000133209724625
1.4109204400000002,0.099741727,2.651317756666667,0.00010873791175
1.48663172,0.0498708635,2.6858149383333334,0.00011347714850000001
1.3101590875,0.25345236424999995,2.660392345,0.00012449105275
1.3258181525,0.23816471174999998,2.660071135,0.00011579241249999998
1.2819418900000001,0.194939833,2.590298475,0.00013204232175
1.253044605,0.19668472174999999,2.5723573575,0.0001285880135
1.2488813099999998,0.26752550524999996,2.6333055499999998,0.000141064802
1.4057019375,0.19251404325,2.6906434900000002,0.00010237083925
1.48402246875,0.096257021625,2.705477805,0.000103184757125
1.381177485,0.21203778299999998,2.6884148124999996,0.00011736116549999999
1.44156599,0.141358522,2.699047248333333,0.0001084528385
1.5019544950000001,0.070679261,2.709679684166667,0.000112907002
1.333640875,0.26934127874999997,2.6774804,0.00011640855699999998
1.3390733025,0.22628961875000003,2.6580208525,0.00011286140199999998
1.3438863774999998,0.21028831600000003,2.650660335,0.00010754332999999999
1.2213762400000001,0.256149929,2.60199678,0.00014415487575
1.24331817,0.2231823355,2.58489418,0.00014613089475000001
1.3147104375,0.24204564475,2.6445133675,0.000168067012
1.3279655875,0.23017055175,2.642463085,0.00016513600149999997
1.3790841974999999,0.19932322600000002,2.6350219225,0.00018816320675
1.3881652924999999,0.19024748000000002,2.6372435075,0.0001666626355
1.3837836375,0.18126411,2.62885773,0.000176261428
1.4041641625,0.19285143924999998,2.6359159925,0.00020407862000000002
1.3873914475,0.21030647325,2.613277255,0.000732793756
1.4366534624999998,0.243891567,2.616152465,0.00088817330075
1.40308821,0.2511167045,2.6140896099999997,0.00067212920875
1.406792405,0.30460789050000003,2.67619002,0.00021007180124999998
1.3963274374999999,0.288705945,2.674144925,0.0001943676835
1.39687753,0.31665670125,2.688404025,0.00018989188374999997
1.3743440825,0.29109852025,2.6710659275,0.00019868573150000002
1.3639618475000002,0.2861901075,2.652872385,0.00027564087575000003
1.3528305025,0.29611544325,2.6484373225,0.000308706505
1.344138,0.3107064815,2.6657320875,0.00023905080875000003
1.3968018325,0.3356896415,2.6899461749999998,0.00019777958199999998
1.3878986549999999,0.349162683,2.6722095599999998,0.00027340931075
1.3473033025,0.33383575849999997,2.663288475,0.00029018257200000004
1.3550079800000001,0.3135329485,2.685336055,0.00017875042425000002
1.3740827174999999,0.30385032300000003,2.6862348325,0.00017145097625000002
1.3716237875,0.33559809625,2.6957713375,0.00017032540025
1.36272061,0.34907113775,2.6780347225,0.00024595512900000004
1.383458465,0.282011673,2.633683445,0.00041903491
1.3767543150000001,0.2938321755,2.643127205,0.00037866503775
1.3935493525,0.34923546775000003,2.638218045,0.0005245739815000001
1.384075315,0.33473960324999996,2.6520290975,0.00038485849675
1.3861115875,0.28067363075,2.6186094300000002,0.00062332295825
1.36562297,0.30375751125,2.6386921425,0.00041173066699999995
1.3624790025,0.3287629935,2.6455489400000003,0.00040222000825
1.3526529075,0.33786070375,2.62610191,0.00062184583775
1.3718446775000002,0.35251748575,2.61857128,0.0007365159195
1.3818562625,0.342611164,2.5982746475000003,0.00123252825925
1.3362090875,0.303427957,2.5796894425000003,0.0015477434365
1.3340727975,0.2901806235,2.604411125,0.00076974192775
1.328853665,0.30814522499999997,2.5962339625,0.00093948235125
1.3616475475,0.29986675100000004,2.61717874,0.0007582710239999999
1.3564284149999999,0.31783135250000005,2.6090015775,0.0009280114475
1.3684068025,0.32422453925000005,2.5905722974999996,0.0014393531315
1.3413385450000002,0.2979145125,2.6167394525,0.00070835787475
1.3361194125000002,0.315879114,2.60856229,0.0008780982982500001
1.375432015,0.28860337300000005,2.6065397875,0.000929493443
1.3877119125,0.29477510625000003,2.5969239475,0.0013136710615
1.3859058325,0.312431671,2.58913362,0.0016537903264999998
1.2163393175000001,0.279038966,2.5845592025,0.00025641769725
1.2776886825,0.30862320200000004,2.5854453425,0.0007170868405
1.29782036,0.3007531015,2.5845965724999997,0.0007796407072500001
1.267546265,0.29340057075000003,2.6011396025,0.000415354756
1.2876779425,0.28553047025,2.6002908325,0.00047790862275
1.2487801,0.28121243425,2.5860697025,0.00039255435675
1.5712722825,0.21708685525,2.5916937,0.0003276379685
1.5703153900000002,0.203873366,2.5967330349999997,0.0002248087805
1.56109932,0.19964865975,2.5983776475,0.00021941126425
1.5584262599999998,0.18647087375000002,2.6106650275,0.000168080933
1.5541821125000002,0.19211564600000003,2.61913276,0.00015227334924999998
1.5662024625,0.17946596825000002,2.6126076025,0.000171209493
1.5759734225,0.18253186000000002,2.6139802375,0.000157708568
1.560956805,0.19609887925,2.6081327225,0.00017541454899999999
1.5578679750000002,0.18574713175000002,2.6281680475,0.000151432856
1.5567126575,0.2017436515,2.616600455,0.00015960696524999998
1.5653235625,0.17555665975,2.62366909,0.0001686996695
1.5750945225,0.1786225515,2.625041725,0.0001551987445
1.57741329,0.19376147175000002,2.61039305,0.00015997752425
1.5701728750000001,0.2003235855,2.60648811,0.00018081206524999999
1.5658315725,0.1961112955,2.632074475,0.00013726334325
1.5651935950000002,0.20761307725,2.623288095,0.00014704882974999998
1.581329465,0.20209010324999999,2.61910689,0.0001457500585
1.5740890500000002,0.20865221699999997,2.61520195,0.0001665845995
1.5854946675,0.19538476324999998,2.6335549975,0.0001221854655
1.57889223,0.19044509524999997,2.6384364375000002,0.00013323452000000001
1.5806995925,0.18314682324999998,2.6359026450000003,0.00013390310775
1.5580022624999998,0.19368537525,2.5918528475000002,0.000248555276
1.5605505100000001,0.17917664725000002,2.5839476,0.00024595441200000003
1.561876625,0.19077971575,2.5746829525,0.00033474771775
1.563473045,0.18883273,2.583784225,0.00025741767600000003
1.5760268549999998,0.18359386525,2.6686232100000002,0.00011669894775
1.5656558875,0.15754598,2.6564115275,0.00017005476899999999
1.57870212,0.20007494825,2.653612495,0.0001180754315
1.58025807,0.18444093299999997,2.6495668300000004,0.000132521596
1.5656414625000001,0.20574114850000003,2.6472505324999998,0.00012210425475
1.5671974125,0.19010713325,2.6432048675,0.00013655041925
1.562539905,0.152893826,2.67433852,0.00013901694925
1.5693548025,0.150235202,2.6733317975000004,0.0001589801105
1.563771695,0.15042309075,2.66530472,0.0001663371295
1.5519436899999999,0.1559718175,2.647335705,0.0001836096855
1.543557555,0.14783309,2.6477594349999998,0.00018722562925
1.55573523,0.16177494425,2.6538349974999997,0.00014488545274999999
1.51882422,0.16022847175,2.6524234399999997,0.000141374527
1.60561812,0.14769045425,2.6615689425,0.00012426348975
1.602343055,0.13058619,2.66165799,0.00016107063125
1.5933632875,0.13643756125,2.6576591125,0.0001854705005
1.5805344,0.14075204525,2.6756489875,0.0001790358875
1.5900791575,0.1518246715,2.68295604,0.00012804277125
1.5938147025,0.12592743325,2.6708420525000003,0.00018721070225
1.584834935,0.1317788045,2.666843175,0.0002116105715
1.5855605000000002,0.16292264275,2.6719050425,0.000126216233
1.57921669,0.152320884,2.6717661025,0.00015776887075
1.59411344,0.12797280025,2.683998765,0.00015874725425
1.5839018825000002,0.13629490675,2.6890336875,0.00015582694325000002
1.6076314749999998,0.1372743359,2.6768289225,0.00012365964700000002
1.60201919,0.13866856865,2.686214745,0.00012485057200000002
1.6046551475,0.12221543865000001,2.6900746825,0.0001320033405
1.5946243425,0.07832122222499999,2.6442109950000003,0.000343552041
1.5958093125,0.07547394375,2.6368150700000004,0.00037080177575
1.5884766600000002,0.0738655478,2.6294714800000003,0.0004381506225
1.5813719050000001,0.07830117457500001,2.62872231,0.00046072921399999996
1.5112088925,0.2409894395,2.615459265,0.00044656885424999995
1.5615208150000002,0.22244503349999997,2.58879167,0.00041956288275
1.5774208,0.39793414625,2.5966082774999997,0.0005215212439999999
1.5659380550000002,0.4165550695,2.5890360450000003,0.00060666772325
1.5935710049999998,0.39055591075,2.5746833049999998,0.0006549677054999999
1.5565818249999999,0.376880631,2.580463945,0.0008112297007499999
1.55385092,0.3900731505,2.5982910974999998,0.0006265914635
1.542368175,0.40869407375,2.5907188650000004,0.0007117379427500001
1.5907096275,0.3338084745,2.5813217175,0.0007169892204999999
1.6022274800000003,0.316958964,2.5877316599999998,0.0005802716115
1.5747182375,0.3253446745,2.5835167175,0.0007561305399999999
1.5862360899999999,0.308495164,2.5899266599999997,0.000619412931
1.6199212075,0.29477697625,2.5722162725,0.000683273225
1.62398836,0.30913316475,2.5718939325,0.000673651899
1.6177141074999999,0.30714374050000004,2.5832011699999997,0.0005681962575
1.5845823575,0.29390184575,2.58397615,0.00066481543025
1.5761744974999998,0.29329925025,2.57283509,0.00087572132175
1.6288779375,0.23321474325000002,2.57161951,0.0004920159809999999
1.59925285,0.26520744325,2.5784722575,0.0006131034242500001
1.6265882249999999,0.2732279005,2.574630915,0.00059768625225
1.6237731274999998,0.26330493775,2.5765888675,0.0005701758275
1.6135781125,0.26006257525,2.58185023,0.00052811514625
1.6237284549999997,0.25262782725,2.574882805,0.000547558506
1.6569750025,0.061311420075,2.5799725075,0.00034396259799999995
1.66527173,0.072318604225,2.5742026575,0.00030355879799999995
1.6601499625,0.050084491275000004,2.5824227925,0.00034387965199999995
1.6724455649999999,0.04534879235,2.5762392875,0.00031367876725
1.6432150025,0.0659915861,2.5756666074999996,0.00039911518975
1.6494940525000001,0.042011380675,2.5753731125,0.00042460534300000003
1.642308205,0.0783495875,2.613276185,0.00020338410850000003
1.6348561350000002,0.08356959,2.587280095,0.00028801605
1.6370427625000001,0.07158062795,2.586909355,0.000344342705
1.6403835725,0.09243693195000001,2.5946264875000002,0.00020989386575000001
1.6424668150000001,0.0916769541,2.6065654175,0.00018491640925000002
1.627180965,0.11301983335,2.612694205,0.0001356769115
1.6233758649999999,0.1200576685,2.6013036975,0.00013604043275
1.6288043875,0.1105890962,2.5937932725,0.0001606245075
1.6150791949999999,0.11436511760000001,2.62185222,0.000156131351
1.6318404975,0.100039161675,2.59833914,0.00019063396925
1.63392374,0.09927918382499999,2.61027807,0.00016565651275
1.6164260225,0.10581434885,2.5885270224999997,0.00022920531375
1.6043784625,0.13277125725,2.5940678725,0.00014890326525
1.6096000975,0.122226838,2.59728986,0.000160100673
1.5897516299999999,0.10533936515,2.582399785,0.00036538356649999995
1.599764585,0.1060603019,2.5901601899999998,0.00029693916424999996
1.608655305,0.11167546165,2.5885217175,0.00022225394024999998
1.5922493049999997,0.1286702195,2.6245571975,0.00021957104025
1.5830875949999998,0.12621247775,2.63099408,0.00027188174875
1.5722937275,0.12689004475,2.619065165,0.000353737032
1.571952165,0.1289809385,2.6268899425,0.000331782514
1.589926095,0.14595936999999998,2.64110005,0.0001847391285
1.571918845,0.1541138405,2.64451897,0.00021197409649999997
1.5762884924999998,0.14706632525,2.6399019349999997,0.0002283364155
1.5998779525,0.15857143675000002,2.6531835225,0.00013189529249999998
1.5935341424999998,0.147969678,2.6530445825,0.00016344793025
1.582054195,0.170518726,2.6511572025,0.000141697226
1.575710385,0.15991696725000001,2.6510182625,0.00017324986374999999
1.5969526474999998,0.14458392574999998,2.6306061175,0.00016016474525
1.5889965,0.150930662,2.6228516125,0.00017981628099999998
1.5736944975000002,0.16236474,2.6290573475,0.00020302299875
1.5780641450000001,0.15531722475,2.6244403125,0.00021938531774999998
1.5680130425,0.157124959,2.6356137375,0.00022696874999999996
1.57238269,0.15007744374999998,2.6309967025,0.000243331069
1.598502695,0.16854831199999998,2.6409745850000004,0.00012577511725
1.5864562075,0.1755314395,2.6403127925,0.00014145759974999999
1.5808511375,0.17100716775,2.6294518725000002,0.0001627532365
1.59003189,0.16548151875,2.6584847000000003,0.00013676834675
1.58368808,0.15487976000000003,2.65834576,0.00016832098449999998
1.5991854375,0.15657110899999999,2.6303417125000004,0.00013275337175
1.59122929,0.16291784525,2.6225872075,0.0001524049075
1.6254504325,0.20097405475,2.5857650050000003,0.00020665836574999997
1.6221968850000001,0.21722969775,2.5889940875,0.00026072896075
1.60644111,0.21636842925,2.5910607,0.00025710958275
1.5989222825,0.2172507715,2.58111924,0.00032458217899999995
1.620499045,0.22029787275,2.5728790175,0.00042508335549999997
1.6342286175,0.1929039025,2.5764463550000003,0.000220440903
1.58939916,0.171368506,2.6037945775,0.000151152697
1.59931755,0.17374983824999998,2.59353912,0.00014741420075000002
1.6006298650000002,0.16927777249999998,2.57881093,0.00016753178325000002
1.581965685,0.17982857325,2.60577679,0.00016369235900000003
1.5834055525000001,0.191058185,2.6021896024999998,0.00016596131525
1.604888795,0.18215460725,2.5737336875,0.0002069908295
1.5965439075,0.19820926725,2.6050484199999997,0.00015821745525
1.60502243,0.18936098775,2.59838015,0.00015221000275
1.5777802150000002,0.19559941425,2.5921485449999997,0.00021091058075
1.5740349275,0.18652206275,2.585724535,0.0002143754645
1.6025127750000001,0.20159567525,2.5918089175,0.0001986957175
1.6109912975,0.19274739575,2.5851406475,0.000192688265
1.5833997425000002,0.20363283875,2.5850659025,0.000270639317
1.5949939475000001,0.2024780175,2.5818674575,0.00026616831375
1.6295736424999998,0.14412011949999998,2.571671305,0.0001640295195
1.6130794874999999,0.14678321775,2.5780404800000003,0.00015055840025
1.607106715,0.13334149475,2.581008255,0.00015761221550000001
1.6069094225,0.1585308575,2.5722575175,0.00017000511775
1.5958010875,0.034144676275,2.6143214699999997,0.00045036549274999997
1.5887891650000001,0.02634813495,2.6258593224999998,0.00038398864125
1.59665254,0.030052991100000002,2.62216586,0.00040482638725000003
1.6105670349999999,0.041081457375000005,2.6058043825,0.00046566295375
1.617795885,0.049540977925,2.5918937925,0.0005074093425
1.6262567350000001,0.041428460725,2.59545964,0.00044060288950000003
1.620009185,0.03834863935,2.604546665,0.00043063038925
1.6397444325000001,0.060685295624999996,2.6010781549999997,0.0003261405875
1.6352122450000002,0.06604864170000001,2.595453145,0.00034408002849999997
1.6388720575000002,0.06840218045,2.606543185,0.000275209459
1.6429193925,0.049458366824999996,2.60352844,0.00032605764149999997
1.63898498,0.04072477575,2.596060215,0.00037708906175
1.6426447925,0.0430783145,2.607150255,0.00030821849225
1.634270995,0.0418330836,2.61545509,0.0003129401885
1.6243636325,0.03639972347499999,2.613452075,0.00037183825775
1.639716325,0.01278059975,2.57657355,0.00041405046075
1.5600787100000002,0.075472298975,2.581076145,0.0007401582407499999
1.55686417,0.078764352925,2.5765199675,0.00077529797275
1.599830925,0.004811263175,2.6323854324999996,0.0003109946995
1.599714965,0.004811263175,2.6418813474999996,0.000289804717
1.59204623,0.009366337675,2.6449907425,0.00029289379025
1.5906759775000001,0.0105767683,2.6318378449999997,0.00032364766975
1.588426915,0.0151318428,2.639154375,0.00031357994175
1.5727310775,0.017138007349999998,2.575950265,0.00041151575
1.5735191400000001,0.010670648675,2.5759691,0.00037849535874999994
1.581026435,0.02610185905,2.5803301925,0.0005106564934999999
1.5753425675000001,0.021197961425,2.5818831325000002,0.0004419042455
1.59511763,0.009145214225,2.6103167525,0.000377938879
1.6228233275,0.017252441025,2.609283505,0.00036066045125
1.6339161999999998,0.0130976024,2.610869585,0.00031820739575
1.61814195,0.0110823107,2.618989765,0.00033503638399999997
1.6292348225,0.006927472075,2.620575845,0.0002925833285
1.63972652,0.006170130325,2.5985918025,0.00033040173349999997
1.6342366925,0.006170130325,2.5862076875,0.00037914698625
1.608881355,0.004154838625,2.61614412,0.00035022615349999996
1.60318637,0.004154838625,2.607127785,0.00037212602899999996
1.5985327675,0.006018109625,2.686889055,0.000188345599
1.5991593025,0.006018109625,2.6751325749999997,0.000210502043
1.5881795,0.03816163584999999,2.7018050575,0.000179493618
1.58106473,0.046389051225,2.71297437,0.000159164658
1.5691587925000001,0.0421691113,2.7155119175,0.00014477402525
1.5653903200000001,0.0332819605,2.7049029475,0.00015144784625
1.5536641500000001,0.037473761,2.696859955,0.0001437562405
1.6101780250000002,0.039232017,2.6835212124999996,0.00019069344475
1.6199189425,0.047261740525,2.67647332,0.0001764405495
1.6140229425000001,0.060262308425,2.6765337600000003,0.0001898084735
1.6128672375,0.030876657925000002,2.671759785,0.00021083997125
1.622608155,0.03890638145,2.6647118925,0.000196587076
1.6164280199999999,0.06490108274999999,2.6624942425,0.00021262889975
1.605243985,0.06998225764999999,2.6627009525000003,0.0002533964395
1.5611029575000002,0.0053583742,2.68202609,0.0001584623095
1.5588690950000001,0.0053583742,2.6948223124999995,0.000134919066
1.56046188,0.011084133749999999,2.6749938725,0.00017554200875
1.5461301825,0.010467049675,2.6897232525000003,0.00011118580575
1.5508820725,0.015825423875,2.69459027,0.00012268154025
1.5730444200000002,0.07272890675,2.5956035825,0.00064599349575
1.5609362425000002,0.0773936212,2.5952818974999996,0.0006574804285
1.5574053225000002,0.08137978985,2.597384095,0.00064991966075
1.5768505050000001,0.1079063788,2.668503045,0.00026459788575
1.58998871,0.1120874323,2.6698236475000003,0.00022414252824999999
1.5511864725,0.09125323972499999,2.6706438649999997,0.000246898362
1.54627663,0.09874642454999999,2.6641970875,0.0002465516335
1.49962935,0.0294798679,2.63983327,0.00011060896775
1.5404556975,0.003368429375,2.6208758975,0.00016255071749999997
1.5441972899999998,0.0066783086,2.61641616,0.00018409896799999998
1.5326567574999999,0.003368429375,2.6051958825000003,0.00014096428824999997
1.538537055,0.006667534825,2.64015776,0.0001419160655
1.5240560775,0.250961706,2.6708288775,0.00013635257175
1.54153025,0.26360988625,2.67601019,0.0001286603295
1.5293071275,0.27885993575,2.684707165,0.00013287399475
1.5079157975000002,0.27403771125,2.67692721,0.00016704139875
1.5082595075,0.262007147,2.6696437,0.000171374748
1.5620604425,0.26405671999999997,2.6661927675,0.00014134436075
1.5183267325,0.2837586105,2.6672914025,0.00019543180325
1.5577135375,0.28245480375,2.6667054875,0.00016699208025
1.5397180625,0.288580835,2.6750713575,0.00016126439925
1.5523901275,0.20402533575000004,2.6496325725,0.000121332723
1.5539460775,0.18839132050000001,2.6455869075000003,0.00013577888749999998
1.545176595,0.185979452,2.640676675,0.00013564505375
1.5507422675,0.17635232574999998,2.6492334,0.00013813338575
1.54727897,0.1722970715,2.65386939,0.00013239627874999998
1.557875185,0.190228112,2.664889395,0.00012153635724999999
1.5559678375,0.1705388425,2.66547972,0.00013024541475
1.5510955750000002,0.078084874875,2.5941738475,0.0006401513822499999
1.428267775,0.111657646425,2.63123542,0.0001128731765
1.501678705,0.0574964771,2.652754485,0.00010652008525
1.4734578125,0.066119366175,2.6392812125,0.000112924414
1.50628543,0.042479239575,2.65794283,0.00010573687400000001
1.4724809525,0.05857218715,2.6322149625,0.00011170915625000001
1.3545171000000003,0.12956958075,2.57962197,0.00011231831725
1.3592196675000001,0.14452765150000002,2.5991733674999997,0.00011303431499999999
1.5670502475,0.016633664975,2.5768301499999997,0.0003657437775
1.56783831,0.0101663063,2.576848985,0.00033272338625
1.47390017,0.3246158955,2.6332012425,0.00050497530175
1.4650305225000002,0.3226816875,2.616757095,0.00085581099225
1.466983795,0.30992100375,2.6394177675000003,0.00043851997175000003
1.4581141475,0.30798679575,2.6229736200000002,0.00078935566225
1.4722489425000003,0.32320497175,2.6021953225,0.0011421843095000001
1.477733225,0.29625961925,2.6436263325000002,0.00038186068575
1.45938575,0.2344354615,2.6325073850000003,0.000379027264
1.4471774974999998,0.2401663065,2.6164875625,0.00089806313175
1.451712815,0.24286688875,2.6269460325000002,0.00046440472225
1.44433093,0.250159707,2.6339460624999997,0.00037035335125000003
1.44773504,0.26443392050000003,2.6373765474999997,0.00037220631949999995
1.4333840599999998,0.2475093455,2.6278101224999997,0.00045134909300000004
1.4248583899999998,0.25575581575,2.6279209275,0.00046283582199999995
1.4957312375,0.25654194124999996,2.671690525,0.00016163928025
1.4636135425,0.23327498125,2.6778205649999998,0.00011127043225
1.5023144800000001,0.213285051,2.6801616575,0.00011593199475000001
1.463635685,0.25674643,2.6861662275,0.000122351028
1.469332455,0.15856364775,2.5996000175000002,0.0036639713015
1.4784737499999998,0.15844076875000002,2.5893692374999997,0.07180070771149999
1.4767142349999998,0.15895122287500002,2.57754787875,0.17564749685574998
1.4400239875,0.11611488625,2.6075087800000003,0.0001160952725
1.45886457,0.125279883,2.5755619425000003,0.14004353936949998
1.4705798625000002,0.122458024,2.5924798275,0.070087417567
1.447932005,0.16401894,2.6269377475,0.0002023518285
1.4584180125,0.15880440150000003,2.6256157174999997,0.00015106939675
1.4314026825,0.17780957375,2.63282746,0.00021277264375
1.4314969475,0.187386129,2.6473440525,0.000128845604
1.4219253049999998,0.18691211949999997,2.6405762425,0.00016712474800000001
1.4572446925,0.185609836,2.6419159175,0.00015554899425
1.4418054224999999,0.17486779,2.641753735,0.00012539491575
1.4505102625,0.176434919,2.6405110975,0.00013942035375
1.436742335,0.16887700925,2.6330485350000004,0.0001783299195
1.445447175,0.17044413825,2.6318058975,0.0001923553575
1.4580495925,0.183708664,2.6318109625000004,0.00030300426075
1.5665324625000001,0.17126028225,2.5860373975,0.00021612953425
1.577610165,0.17251103750000002,2.5974368475,0.00018384603400000001
1.575304745,0.17466329775,2.58742565,0.000189579874
1.58504364,0.16405097024999998,2.5954546350000003,0.000171306372
1.5797977475,0.15435199425,2.5988428000000003,0.00020447040875000005
1.5657806425,0.14765939449999999,2.592312035,0.00029105453725000003
1.5290585775,0.1420959905,2.5736441,0.0008426070707499999
1.52527702,0.141277019,2.577582955,0.000859875945
1.5361698549999998,0.009959447425,2.6027813575,0.00016608853
1.5444120449999998,0.013386828350000001,2.612799825,0.0001936674235
1.5477062149999998,0.0065910180499999995,2.6096712375,0.00020141621625
1.55248901,0.010603633000000001,2.598162115,0.00022673829875
1.5487537375,0.1328956315,2.5913339225,0.00054178325075
1.5531072925,0.1318996955,2.5817462775,0.00050085114325
1.55303955,0.132282769,2.58707529,0.00050346885825
1.5557670000000001,0.12692124925,2.5855538225,0.0005114527665
1.351931185,0.2041555495,2.6267098175,0.00020832774475000002
1.3448757825,0.219801698,2.6210624550000006,0.00025962873025
1.3289675125,0.22077395025,2.6263986800000003,0.00021999648549999998
1.3171045774999999,0.21952857824999997,2.61508131,0.000229471878
1.3202830250000002,0.21656537424999997,2.5955777775,0.0003436945335
1.3514162600000001,0.22611258574999998,2.6090034825000004,0.00041808022074999997
1.3616756200000002,0.21590542425,2.601428985,0.000636011886
1.3584485050000001,0.21654319775,2.5860055675,0.0012892783124999999
1.3432054225,0.23425636824999999,2.591811895,0.0010467248072499999
1.350342095,0.22724897424999999,2.5785754325,0.0016877477325
1.3307968675000001,0.22655876349999998,2.58430189,0.00099691220425
1.394584655,0.17969741675,2.6213185775000003,0.00033882578975
1.3628668775000001,0.20312509324999997,2.602531195,0.000558638465
1.3764238350000002,0.20148494474999998,2.600714325,0.00091560605475
1.3819783325000001,0.199025348,2.6110017875000002,0.000684972481
1.357553155,0.18576299424999998,2.61248082,0.000263527525
1.3596629199999999,0.19768610625,2.615753055,0.00028940581425
1.3680126975,0.17636465675000002,2.6172828075,0.00021937170999999998
1.3755725325,0.183266178,2.6210810525,0.000244791592
1.3722325249999998,0.19406079525,2.621522545,0.00026782633525
1.3863735499999998,0.18169948475,2.6135419,0.00040735595374999996
1.389470965,0.18945767375,2.6069230425,0.0008084793585
1.4045136249999999,0.20219305175000002,2.63415706,0.00025483005425000005
1.396822005,0.21057233974999998,2.6137399075,0.000762044619
1.388027785,0.21845565,2.6349566575,0.00025368745975
1.3918231399999998,0.20759007349999997,2.6320241675,0.00025647155400000004
1.3865892275,0.2244743445,2.6237327475,0.00038117186325000005
1.3903845824999999,0.21360876799999998,2.6208002575,0.00038395595750000003
1.4375146925,0.31186601525,2.6442368624999997,0.00041184993475
1.4303098324999999,0.29807835825,2.6531379225,0.0003375789385
1.4434577825,0.3057080805,2.6249852175,0.0007670486677499999
1.4116759024999999,0.3038711175,2.6592620025,0.000306842827
1.402485015,0.31390576075,2.646437825,0.000414185037
1.401210935,0.28796917200000005,2.6572169075,0.00029113870925
1.3920200475,0.29800381525,2.64439273,0.00039848091925
1.4317488375,0.27834456425,2.6472650775,0.00033789646125
1.4198190575,0.272316821,2.6439453975,0.000347530222
1.407915085,0.27614866950000005,2.6477731474999997,0.0003315085815
1.3987241975,0.28618331275000003,2.63494897,0.0004388507915
1.437271505,0.27457396700000003,2.6342445025,0.00043074039450000004
1.425341725,0.26854622375000003,2.6309248225,0.00044037415525
1.40137732,0.2848452705,2.619874955,0.0006431388397499999
1.402346105,0.293970615,2.6084330075,0.001036831992
1.40399301,0.33942409625,2.6019352075,0.0012028764017499999
1.4021919075,0.32223307375,2.5948605525,0.0014972239415
1.4158913475000001,0.34924259049999995,2.58236265,0.00272032698525
1.4265354575,0.3103119285,2.60222864,0.0013011536205000001
1.4105900225,0.311305553,2.6095659125,0.001030538142
1.4474687275,0.33309989425,2.5794782025,0.0027526762875000003
1.45202604,0.33100886625,2.612986565,0.00095377668225
1.4436784075,0.34584697324999997,2.6182274225,0.0007306095424999999
1.437134505,0.31741148225,2.6153228275,0.00092628652825
1.4300066825,0.342760533,2.6307677624999997,0.0006411019925
1.413610935,0.33900751924999994,2.6268446450000003,0.0006741732062500001
1.44708207,0.35418289174999995,2.575420735,0.00271872242
1.431065705,0.36375107624999997,2.583962975,0.00251286865525
1.4592444599999999,0.3315321505,2.5984247925,0.0012401499995
1.431191415,0.32356941699999997,2.6345744724999998,0.00057108779525
1.4147956675,0.31981640325000005,2.6306513550000004,0.000604159009
1.4588578024999999,0.35261514800000004,2.594367325,0.001206196132
1.4428414374999998,0.3621833325,2.602909565,0.00100034236725
1.3390070799999998,0.2825561985,2.5763381725000003,0.0016264999440000001
1.3368764524999999,0.26674913624999996,2.6018767350000003,0.0006954183927499999
1.3454774624999999,0.27970743175,2.5937667500000003,0.0010257702679999999
1.3455095,0.248372823,2.5854735375000004,0.001320041092
1.3526461725,0.241365429,2.5722370750000003,0.00196106401725
1.3513260200000001,0.2558563725,2.60261172,0.0007373369309999999
1.3679691875,0.26128113275000003,2.5990957625,0.0009174162712499999
1.3665276775,0.27617794275,2.595456125,0.0011356086339999998
1.24757403,0.24040354049999998,2.5825803874999997,0.0002163577735
1.267719865,0.2144391015,2.5776469125,0.0002016190265
1.2632787525,0.250716824,2.57276106,0.00038502532675
1.259394525,0.26382642599999995,2.5877861975,0.00035958237250000003
1.2764157950000001,0.2138960695,2.5975267300000002,0.00015435906800000002
1.2666520475,0.23037056250000001,2.603923975,0.00016111691175
1.2796099775,0.2694206125,2.5964012725,0.00042645823100000005
1.28041917,0.24810855075,2.63153392,0.00015870630700000001
1.29854381,0.24112883200000002,2.62886542,0.00018876504875000002
1.299936025,0.228008367,2.6154977675,0.00019530943075000002
1.299681245,0.25675599649999997,2.6161369075,0.00031088176899999996
1.281556605,0.26373571525,2.6188054075,0.00028082302725
1.5484628675,0.207433835,2.6159388425,0.00018061680574999999
1.519040675,0.21982313725,2.6196861275,0.00028652038225
1.52137071,0.21520780800000003,2.6282896399999998,0.00020779516475
1.5289077475,0.14700726425,2.5759373875,0.0007045676247499999
1.52512619,0.14618829275,2.5798762425,0.000721836499
1.5204217725,0.14934334175000002,2.5792559975000002,0.00079599610025
1.525649935,0.145655338,2.5865159025,0.0005135449465
1.5209455175,0.148810387,2.5858956575,0.00058770454775
1.536753505,0.20658389500000002,2.627563775,0.00015311328199999998
1.5271926224999999,0.20621240525,2.6251010299999997,0.00018178442775
1.545770585,0.192682758,2.618069055,0.00015798148349999998
1.5415239025,0.20243028200000002,2.618494095,0.00016644294925
1.555517615,0.13631274525,2.577742695,0.00041483048700000004
1.5607058725,0.1344905345,2.57308352,0.00036120718875
1.56645021,0.12894789125,2.5778531425000004,0.000354356256
1.5639216599999999,0.12579165575,2.5863198625,0.0004185811775
1.5828981375,0.11216435599999999,2.5838124749999998,0.0003568359825
1.48097843,0.148246884,2.6416618825,0.000111629568
1.5096471299999998,0.1551796305,2.6463556274999998,0.00013263079575
1.514331995,0.15054165525,2.6541960824999995,0.00013985641825
1.52328521,0.12216765025000001,2.6441746349999997,0.000161712269
1.4677626775,0.16380935125,2.6394050125,0.0001302752845
1.4731855974999999,0.152604032,2.6293777824999998,0.0001319278565
1.499696165,0.1240717395,2.6256198275,0.00012131246149999999
1.4587039625,0.13029738525,2.611205875,0.00016026961750000002
1.52771607,0.11934355825,2.5834925799999997,0.00075314895375
1.4854903225,0.12319685899999999,2.5910031825,0.07014917424525001
1.4735943675,0.11170609672500001,2.5724025975000004,0.07017947586550001
1.47752449,0.109947323825,2.5985760125,0.00018120012825
1.465628535,0.09845656155,2.5799754275000004,0.0002115017485
1.53848225,0.1362428775,2.5860133149999998,0.0006044576875
1.5426645875,0.135647144,2.590822575,0.00056419897725
1.5560939624999999,0.15719483425000003,2.632728515,0.00023779530949999997
1.5500791074999998,0.15841268,2.6390572175,0.00019763133974999998
1.5495269025,0.16194428125000002,2.618686855,0.00025387974875
1.554516555,0.16494478275000002,2.6270107625,0.0002123323755
1.5441285675,0.184699852,2.623461845,0.0001654255375
1.5517055100000001,0.17820162325,2.6296929725,0.0001698139075
1.548304975,0.173842933,2.636999785,0.00015641877499999999
1.52568957,0.14716336475,2.6387114499999997,0.00013750050149999998
1.5206791450000001,0.18265406050000002,2.63758099,0.00013836721524999998
1.5180445925,0.19862632449999998,2.5768489199999998,0.0057906246225
1.520680965,0.2168422675,2.576005695,0.0025798015425000003
1.60363251,0.112020211225,2.6553977724999998,0.0001910873545
1.602007955,0.08358986674999999,2.64766097,0.00028512670175
1.6151020825,0.10691872232499999,2.6491043574999997,0.00016086508574999998
1.61673081,0.097051607475,2.6590071325,0.00016275983224999999
1.6058319824999998,0.08131462519999999,2.6591215725,0.00024190476675
1.5981483175000002,0.08608948997499999,2.6643229125000003,0.00025032192199999997
1.6235672525,0.08030335975,2.64778447,0.00018482219825
1.6230705675,0.08156765062499999,2.65537095,0.00016680972475
1.6170160175,0.07623345029999999,2.6589148625,0.000201137227
1.6029925950000001,0.096492271925,2.667752385,0.00020550448975
1.5980742575,0.105663670275,2.6629154075,0.00021941172975
1.5930727125000002,0.075423629975,2.6212952725000003,0.00043913949075
1.5833618925000001,0.077107585975,2.6045429700000002,0.000558691063
1.584053275,0.08547285765,2.5985906125000002,0.00053206345925
1.5919900225,0.087969463375,2.5927323700000002,0.00047072255999999995
1.60054475,0.095980875275,2.5958520175,0.00035479578949999997
1.56430912,0.232109096,2.5963365449999998,0.00041227595299999997
1.5747880925,0.2401631065,2.6408804649999995,0.00016831990625
1.5897730875,0.24646342924999998,2.6337245124999997,0.00018828786049999999
1.5904222425,0.2644579635,2.6327748325,0.00022755717149999997
1.597005695,0.2683776245,2.6159850374999998,0.00030898046325
1.586759925,0.2719152345,2.6045805824999997,0.00042072653025
1.583106815,0.2481284475,2.590071025,0.0004758965515
1.5770198700000002,0.22186605999999998,2.61299175,0.000203294385
1.5740605875000002,0.22675091775,2.5992385749999998,0.00032035103875000003
1.59957394,0.2327657865,2.6211450725,0.00018755864224999998
1.6055340475,0.2385284305,2.6093736325,0.0002535774365
1.6023166475,0.25614573425,2.6051632775,0.0003357299465
1.5920708774999999,0.25968334425,2.5937588225,0.0004474760135
1.5854537475000001,0.23324972,2.5939058674999997,0.00036486670425000005
1.5916751025,0.22142466900000002,2.61357546,0.000188274862
1.59763521,0.227187313,2.60180402,0.00025429365625000003
1.5071919275,0.25715037799999996,2.6532024725000003,0.00022235578950000002
1.50818792,0.262199711,2.6417760250000004,0.00029588301925
1.4946636575,0.25168517225,2.6552492975,0.00021262032175000002
1.5046138175000001,0.24530641375,2.62178135,0.00041412500275
1.4780887049999998,0.24160452175000002,2.646594585,0.0002375808145
1.4828473924999999,0.25393281875,2.6493613125,0.00024772604975
1.5532271275,0.21608363825,2.5931360125,0.00037378525699999996
1.553762525,0.20650075375,2.5976826550000003,0.0002764628265
1.5506654675,0.20053746925,2.591157855,0.00030560683825
1.54537022,0.20864115675,2.6067761175000004,0.00025347595175
1.53181389,0.224230468,2.5845605724999996,0.000989778412
1.52718249,0.21696821574999997,2.5819087599999997,0.00120371521325
1.5417480749999999,0.19608495774999998,2.594011665,0.00030765795975
1.5365812775000003,0.19840559,2.58681321,0.0006189171915
1.52914837,0.22460310525,2.5941768874999998,0.0007093867905
1.5384312549999999,0.20363760375,2.60933137,0.00023930209525
1.5135193175000001,0.24593243025,2.6043454425,0.00064691546225
1.5130053475,0.23639428625,2.5962138775000003,0.00089233857
1.524517835,0.23427832499999998,2.5917770275,0.00087179437975
1.527183355,0.23390568774999998,2.5821607125,0.00115218600125
1.5009529599999998,0.21579259625,2.5797209725,0.007377084727499999
1.5059576925,0.21288727575,2.5849694,0.00491550216
1.5163445775,0.2042140065,2.5832717975,0.0024922794550000004
1.5150658200000002,0.21267252399999997,2.58285534,0.0024700142975
1.5196337100000001,0.21924678225,2.5964230274999998,0.00084806428675
1.521567345,0.21279847224999998,2.5887584049999997,0.0010939279682499999
1.597673325,0.11005885524999999,2.5986195199999997,0.0002744943485
1.6028573799999999,0.11886473,2.60394305,0.000199838985
1.59845349,0.09997942862499999,2.6043113475,0.00033235097375
1.6045313774999999,0.11804084474999998,2.6171149025,0.00019623318425
1.5952217575,0.12107558925,2.622000755,0.00023256884375000002
1.5841012024999999,0.0651285434,2.6033735250000003,0.0005828402065
1.58885634,0.06257462035,2.5949195,0.0006114352727499999
1.6021402475,0.04674531052500001,2.5972809175,0.00055376238025
1.607336165,0.046294422800000005,2.60280162,0.0004953163155
1.608317465,0.05167412197500001,2.597978055,0.0005270902040000001
1.591628435,0.0585826179,2.61938554,0.00048726223775
1.5903801624999998,0.07083117775,2.6056559675,0.00053578848775
1.59407294,0.068122457725,2.615400075,0.0004805875
1.598475965,0.043837627375,2.6132935274999998,0.00048277996399999996
1.6065581175,0.046888396125,2.60882747,0.00047204786849999996
1.5988714725,0.0512164086,2.6199625725,0.0004569175
1.579045355,0.03422598215,2.5814993975,0.00056497493675
1.4324011799999998,0.32830420875,2.5721797325,0.00558560946
1.4262995424999998,0.31513917449999995,2.58258122,0.004409954755
1.4107385275,0.32171368624999996,2.5769234275,0.0045834592175
1.6071250775,0.0557437064,2.621015725,0.00041819457725
1.6129067875,0.053293736625,2.6150438174999997,0.000417384865
1.6041954475,0.066594176,2.6179859625,0.00042274567425
1.6099771575,0.064144206225,2.612014055,0.00042193596199999997
1.6185832025,0.069727947,2.6113948225000003,0.000351323972
1.6314201950000002,0.064310837525,2.6164275999999997,0.00028787480575
1.631177515,0.050971242124999996,2.622929155,0.0002933097495
1.6212701525,0.045537882,2.62092614,0.00035220781875
1.6348563425,0.074258244575,2.6231606000000003,0.00021604945525000003
1.63539487,0.051187315475,2.6360902775,0.00022610218725
1.6364065399999999,0.06803901024999999,2.6364333625,0.0001902942605
1.6265887925,0.071580255375,2.641196905,0.00021218822075000002
1.5743358425,0.108534573,2.5852532975,0.000459463212
1.5563012075000002,0.09936942357499999,2.5977299799999995,0.00064065464575
1.5703350600000001,0.105982225475,2.59935355,0.000514518106
1.5723727925,0.11171272974999999,2.594582855,0.000453768138
1.5657663925,0.1174265855,2.5956241475,0.00047367651125000004
1.5628638275,0.1185001285,2.5874007925000004,0.0004913573065000001
1.5567302400000003,0.10474411422499999,2.6008452749999997,0.0006167212125
1.5547758025,0.111108985,2.599147795,0.0005969292980000001
1.5625032775000003,0.108301768225,2.603866455,0.00054990222275
1.56054884,0.11466663899999999,2.602168975,0.00053011030825
1.6063052425,0.11190209514999999,2.5782331225000004,0.00024522427675
1.6099782874999997,0.123023709,2.5739416475,0.00019177995975
1.61627543,0.0945877264,2.574352145,0.000323900156
1.623488875,0.11052357945,2.5749323975,0.00020896543324999998
1.6140759599999999,0.10604098235,2.5782384275,0.00025217565025
1.58273229,0.014035146674999999,2.6212495575000005,0.000340317849
1.6204359225,0.038456528925,2.5815504799999998,0.000534891129
1.62456414,0.03313550865,2.589285255,0.000465547535
1.609976885,0.03452994255,2.5805575249999997,0.0005796934565
1.6273005,0.036190610399999996,2.5727784049999998,0.0005379521969999999
1.6314287175,0.030869590125,2.58051318,0.000468608603
1.6297889325000001,0.018319407475,2.5762870325,0.00046281819225000003
1.6243093,0.01170893805,2.5859211699999998,0.00042791471775
1.61732131,0.024740164625,2.5958571425,0.00045346492700000003
1.618706255,0.015863776675,2.596719205,0.0004216225205
1.576161355,0.007363534775,2.5827152724999998,0.00036748896675000006
1.581379085,0.00434894255,2.6897237325,0.00018106314774999998
1.5892553625,0.010367052175,2.688233855,0.00019372464549999999
1.5800036175,0.010624191724999999,2.7006494424999996,0.00016435497700000002
1.5878798950000002,0.01664230135,2.699159565,0.00017701647475
1.571175425,0.015982565925,2.696622135,0.00016191925174999998
1.57158026,0.028044650775000003,2.6971863524999997,0.00017375425175
1.5824635025,0.0287043862,2.6966260099999997,0.00018740939075
1.5683101700000002,0.00970731675,2.683017435,0.0001774467965
1.5676690925,0.0154330763,2.6759852175,0.00019452649575
1.57643175,0.00434894255,2.68083221,0.00019060268850000002
1.5749907175,0.014629776600000002,2.66607666,0.0002302409195
1.5898818975,0.010367052175,2.6764773749999997,0.00021588108949999998
1.5828795125,0.00434894255,2.6721735025,0.00021420121650000002
1.5820795575,0.00890401705,2.66445017,0.00023675974825
1.5722126375000003,0.080637134625,2.6527045375,0.00037221601100000004
1.5800359575000003,0.079369910075,2.6568220275,0.0003439557185
1.5671857300000003,0.087225122425,2.65952444,0.00033834542425
1.5588011449999999,0.08611745204999999,2.656624615,0.000336135694
1.5662438275000001,0.08712408325,2.6696876874999997,0.00029021882450000003
1.5578592425000002,0.08601641287499999,2.6667878625,0.00028800909425
1.60289842,0.0800326485,2.69662255,0.00016864492475
1.5807740975,0.0619332073,2.7073096625,0.00017446041975
1.6057994975,0.09575824629999999,2.689103425,0.00015770574450000002
1.5958913575,0.09428028395,2.679490745,0.00020599501650000004
1.58807081,0.1050261818,2.6806423675,0.00021087928700000002
1.593375175,0.0745689161,2.710137485,0.0001508716195
1.5906639674999998,0.09168874664999999,2.7120041825,0.00014112336425
1.6011798975,0.10697501165000001,2.69742316,0.0001431495365
1.59063819,0.11273237325,2.6913472425,0.00016989345025
1.58411217,0.064201284225,2.6308164,0.000448859275
1.5862637175,0.056219526575000005,2.6266256575,0.000456522881
1.578659385,0.052512769575,2.62385726,0.0004651943235
1.5380464474999997,0.003368429375,2.6282534025,0.00015231928774999998
1.54178804,0.0066783086,2.623793665,0.00017386753824999998
1.5389295499999998,0.003368429375,2.635183575,0.00014776731425
1.5815312225,0.010320579625,2.6382808675000002,0.00029398233175
1.583780285,0.005765505125,2.6309643375,0.00030405005974999997
1.5791245975000001,0.009044771075,2.6259877675,0.00030510815849999997
1.5702152550000001,0.080026769975,2.5843096975,0.000717142175
1.5738816249999998,0.083483822625,2.5793346775,0.0007065904792499999
1.5711905950000002,0.081189164875,2.5921796550000002,0.0006649353309999999
1.5630430875,0.0809788182,2.5832737100000003,0.0007364600462499999
1.5640184275000002,0.0821412131,2.5911436675,0.00068425320225
1.57855445,0.08888832484999999,2.584791005,0.00060554483225
1.5759204900000001,0.08823048142499999,2.5928842425000003,0.00059805701325
1.5598285475,0.08427087215,2.5787175325,0.00077159977825
1.5770962225,0.0961788,2.5801502474999998,0.000558062464
1.5724393125,0.10133169615,2.5850784775,0.00054734040925
1.5714833425,0.09379085905,2.59637618,0.00058496999575
1.5694603925,0.099601598625,2.5932111725,0.00058173576
1.5604875075,0.08612738175,2.593245865,0.0006766924345
1.5632225275000002,0.09073571115,2.5977737899999997,0.00064428754575
1.5611995775,0.096546450725,2.5946087825,0.00064105331
1.5653947600000002,0.09472279990000002,2.6563762425,0.00034979452925
1.572151335,0.10320722305,2.660152315,0.0003063711775
1.56840885,0.1174866985,2.6519279475,0.000309289957
1.56638557,0.11128745975,2.6586632725,0.00029760911999999996
1.5570101750000003,0.09361512952500001,2.6534764175,0.000347584799
1.5541160425,0.09079681885000002,2.6446425925000003,0.000383453502
1.55377725,0.11019518225,2.6586036699999998,0.0002925591435
1.55115843,0.101007275175,2.6571928875,0.00029911147075
1.4999496350000001,0.078087182725,2.6363336475000003,0.00011127799199999999
1.4762631050000001,0.09071354005,2.6292944575000003,0.00011087458199999999
1.4612362074999998,0.10606682102500001,2.6200063250000003,0.000111078067
1.4985578050000001,0.07396519272499999,2.6511314525,0.00010977308225
1.5607925649999999,0.052355236375,2.711774945,0.00014258231025
1.5677706575,0.06458838935,2.7087661025,0.0001624248945
1.5646770875,0.070638057775,2.696801365,0.00018940219175
1.50274262,0.09381817195,2.6973673099999997,0.0001126630195
1.43746959,0.16151607747500002,2.6869708899999996,0.00010642563025
1.5114911500000001,0.097596647275,2.7072787875,0.000117233083
1.4418438550000001,0.1634053151375,2.69192662875,0.00010871066199999999
1.47738567,0.14585422175,2.6999159450000003,0.000113102662
1.530320495,0.042918569425,2.6679059275,0.000114610015
1.5301769375,0.0356645661,2.6689082375,0.00010663088700000001
1.529343635,0.0353713904,2.6608396775000003,0.00011339475724999999
1.5347836625,0.020647328575,2.6740965825000003,0.00010584767575
1.5392006950000001,0.017727457925,2.67784202,0.00011352963525000001
1.543952585,0.023085832125,2.6827090375,0.00012502536975
1.5329304375,0.00291987065,2.6561769825000003,0.00010491871775
1.5334418150000002,0.006218976100000001,2.650768695,0.00011335386075
1.538722875,0.00291987065,2.66149342,0.00011802604625
1.5392342525,0.006218976100000001,2.6560851325000003,0.00012646118925
1.538229795,0.00329910545,2.6453079575,0.00013167338325
1.5440222325000001,0.00329910545,2.6506243950000004,0.00014478071175
1.5373315500000002,0.003368429375,2.591489855,0.00016106344799999997
1.5442917950000001,0.0066783086,2.6089851299999998,0.00018335063575
1.5420669025000002,0.0066783086,2.601866665,0.00017347215175
1.5478007200000001,0.0065910180499999995,2.6022402075,0.00020066788399999999
1.5455758275,0.0065910180499999995,2.5951217425,0.0001907894
1.549082665,0.00670851975,2.5947634,0.00020595958975
1.5468577725,0.00670851975,2.587644935,0.00019608110574999998
1.537430615,0.031391850225000004,2.5929635775,0.00021323613325
1.5047941225,0.213630654,2.6342167274999997,0.000204487671
1.5139185499999999,0.21642703575000002,2.636424065,0.00018950750375
1.5097367174999998,0.20865914975000002,2.6372936375,0.00017037613
1.4958083625,0.23052790750000002,2.6392928975,0.00023084626075
1.5044842075,0.23503024875,2.6446582675,0.00021451633425
1.4982256,0.192988727,2.6474961649999997,0.00013861235874999998
1.51609379,0.19699164475,2.643402875,0.00014405948249999998
1.4884729675,0.23334390275,2.64932883,0.00020099991175
1.4971488125,0.23784624399999998,2.6546942,0.00018466998525
1.4795298875,0.22040868149999998,2.6557035475,0.000149271422
1.503760905,0.20181437925,2.6682728549999997,0.0001257465195
1.51234299,0.18120772725,2.6543050999999998,0.0001303842585
1.53021118,0.185210645,2.65021181,0.00013583138224999998
1.5389000474999999,0.183452416,2.66182214,0.00013368051825
1.4764421275,0.20838660725000002,2.6476958999999995,0.00015952416649999998
1.48518589,0.20959314325,2.6413952724999996,0.0001799514575
1.4809726475,0.2017611935,2.6454291949999997,0.00015158438324999998
1.5210704525,0.22015024325,2.67680508,0.00012881879975
1.513771565,0.2196063695,2.678339365,0.00012649396775
1.4982163925,0.242703013,2.6711354275,0.00013368894375
1.5226109625,0.17638186325,2.6701726325,0.000130252862
1.545472115,0.1658073995,2.6706809399999996,0.00014245205275
1.517027855,0.176569752,2.6621455549999995,0.000137609881
1.5358282925,0.21147305875,2.6666565524999997,0.00013156148475
1.540807395,0.2031416855,2.661231815,0.00012497146075
1.5252522225,0.22623832900000002,2.6540278775,0.00013216643675
1.549155205,0.32671702675,2.5787239675,0.0009715424382500001
1.538738905,0.315942362,2.5796778199999997,0.00108481972575
1.5648056849999998,0.29300202425,2.5720807925,0.0009937354762499999
1.4711537075,0.307474114,2.5944267500000002,0.0014086154275000002
1.53782964,0.033596092375000004,2.5889667275,0.0002273310165
1.550213335,0.047592367975,2.596976695,0.00039754060724999995
1.541766585,0.034438134175,2.6023739575,0.00024629787
1.547518255,0.07801325245,2.5981910799999994,0.000605177673
1.5510088175,0.0780194029,2.5778504025,0.0007400255127500001
1.54894602,0.0742316432,2.58231455,0.0006770779875000001
1.549925385,0.076683377825,2.57256347,0.0007612995977500001
1.541374175,0.0734846685,2.5835740549999997,0.0006087458462499999
1.5385862275,0.06977599765,2.57801771,0.0005470439795000001
1.4681621775,0.15617702525000002,2.576331615,0.20860803882349999
1.47128045375,0.154823368625,2.5886825325,0.10466815905874999
1.4720993324999998,0.15992748375000002,2.5839788300000004,0.14021683119599998
1.468831925,0.159789853,2.5913047175,0.0721293240535
1.4658128774999999,0.1610660665,2.58368929875,0.17320591952675002
1.4667964574999999,0.14787860225000002,2.59320283,0.07043686311675
1.46364894375,0.148656517125,2.5778477200000003,0.17518196905837502
1.4628344174999999,0.14321405075000002,2.5945103174999997,0.07032091189175001
1.4616679237499999,0.146324241375,2.57850146375,0.175123993445875
1.4678700875,0.14987935900000002,2.6048934475000003,0.00056037036475
1.465403705,0.15421735525,2.6016773000000004,0.00229756862325
1.4649031750000001,0.1554435605,2.593382,0.07076292137525
1.4638485025,0.15889292025,2.58472794,0.172522718187625
1.46455726,0.15307438,2.585247635,0.13895862576775
1.5002060250000002,0.058695026224999995,2.6233776825,0.0001131762655
1.5211924625000002,0.0514756921,2.6395708325,0.00012360093925
1.5246005950000001,0.0464884681,2.6419091225,0.000131223949
1.4988456975000002,0.03500951315,2.5982085475,0.000110021714
1.4953838300000002,0.051475475075,2.59762943,0.0001115253125
1.5163702675000001,0.04425614095,2.61382258,0.00012194998625
1.526773155,0.043200987875,2.6478742375,0.00012665902425
1.5275023,0.0346421206,2.6522309775,0.00011550841199999999
1.52775532,0.041725558725,2.6380706425,0.00014896296650000003
1.5202605725,0.038044507175,2.612992525,0.00013790802025
1.5318014350000002,0.01275011455,2.6468974325,0.00011720521974999999
1.532582165,0.013198673275,2.63942933,0.00012894519199999998
1.5321822475,0.036199400675,2.6396387225,0.0001576691045
1.5356555,0.021133869425,2.6401458975,0.00014817137875
1.5325727775,0.0361189465,2.6461614975,0.000146162596
1.517967075,0.014328824825,2.5932981975000002,0.00010918740174999999
1.5269716975,0.009899567825,2.6152649525000005,0.000120831708
1.536944925,0.016673418225,2.60646516,0.00016261470775
1.53895548,0.016636827975,2.6208236825,0.00016995885199999999
1.542464405,0.016549537425,2.61407876,0.00018727610024999998
1.4342046675,0.13248485042500002,2.6454420675,0.000122009711
1.4334589524999999,0.120153815425,2.638751745,0.0001167569845
1.3695226600000001,0.11593119975,2.5718090525,0.00013155371025
1.36674866,0.12488160825000001,2.5805667625,0.00012720733675
1.3780971450000001,0.12854959800000001,2.5901327724999996,0.0001448550865
1.561083375,0.053057265475000004,2.5825561274999997,0.00057904391
1.565993755,0.0536938021,2.5896378725,0.0005864636115
1.550305335,0.065443066875,2.5924656974999998,0.0005533025617499999
1.5577640825,0.07127854505,2.5847383725000004,0.00068032057625
1.552486745,0.07078283930000001,2.5846463425,0.000652512783
1.5576462750000002,0.072037472375,2.5910741675,0.000649849608
1.5523689375,0.071541766625,2.5909821375,0.0006220418147499999
1.5634403225,0.019479761149999997,2.5737192049999997,0.000357246303
1.4863204075,0.100380148725,2.578706625,0.0002751101365
1.4839756199999998,0.101371468975,2.5811206725,0.00020674391450000001
1.5058177124999998,0.1108088139,2.5874158175,0.00033669753974999996
1.5058493325,0.3268870635,2.6329856525,0.0004382217305
1.490952045,0.3174455685,2.630360425,0.00049534458975
1.520770105,0.31608058499999997,2.6434412,0.0003341924785
1.5161747349999999,0.3310934975,2.6165472875,0.00057739853225
1.5095790949999999,0.29979863749999996,2.6492489575,0.000301843702
1.4944231525,0.29928644725,2.639118075,0.0004006897945
1.5393283374999998,0.3131222575,2.6290651549999997,0.000410544646
1.5016663975,0.28566087025,2.6293150775000003,0.00043823157475
1.5358739799999999,0.320825003,2.611904085,0.00056860619225
1.52105573,0.28604505950000003,2.6503598674999997,0.00027326888825
1.5145192150000002,0.275915794,2.639834165,0.000329695413
1.3816907725,0.21806808175,2.5890080925,0.00197620615725
1.388078305,0.22483752299999998,2.59548992,0.0018408818585000002
1.3879202625,0.240943879,2.5968473575,0.0016551160385
1.4030451175,0.2157116905,2.607557655,0.0011755803427500001
1.408995775,0.2257566825,2.61282623,0.0008857096550000001
1.400072755,0.21924863,2.59649098,0.00212955616125
1.3928299525,0.2531967015,2.643767775,0.0002720856355
1.404455005,0.26246367775,2.6526352775,0.0002563080925
1.4163589775,0.25863182925000006,2.6488075275,0.00027232973299999997
1.40754366,0.2540945225,2.6659575699999998,0.00018014316625
1.4194476325,0.250262674,2.6621298199999996,0.00019616480675
1.39500782,0.242747795,2.66700238,0.0001591321125
1.384657085,0.24428721525000002,2.655365885,0.0001956296455
1.41546729,0.250529431,2.6346897499999997,0.00037956775124999996
1.39743912,0.22456963000000002,2.6410309075000002,0.00024424327775000003
1.399103225,0.22652857775000002,2.6655755625,0.0001384637835
1.38875249,0.228067998,2.6539390675,0.0001749613165
1.3954868,0.24299617874999999,2.6311170475,0.00037890171
1.406220165,0.24416075675,2.6258667725,0.00047036218525
1.3960005625,0.2305883245,2.6298069975000002,0.00037172768125
1.4067339275,0.2317529025,2.6245567225,0.0004631881565
1.4239929599999999,0.24228296075,2.634578945,0.00036808102225
1.4178932874999999,0.23197270575,2.6294982449999997,0.0003932754515
1.448346405,0.27979587024999997,2.6683138599999996,0.00022439761225000003
1.4395052799999999,0.26539897175,2.6783164724999997,0.00015786644675
1.45407784,0.25715541475,2.677756905,0.00014667816325
1.4743571275,0.2591985725,2.6573932175,0.00022107214349999997
1.467351375,0.2710326315,2.650719165,0.0002780716025
1.4415923649999998,0.27182355525,2.6566108475,0.000257294094
1.4516475475,0.2663715185,2.64862901,0.0002835363705
1.4777269075000001,0.27408965675,2.677496195,0.00017604499600000002
1.4743451775,0.26571982725,2.6816291225,0.00014724500225
1.483294965,0.26240862524999997,2.672016265,0.00017467671599999998
1.4743580825,0.2873068675,2.6671376825,0.000223320145
1.4639706,0.290771097,2.6645965575,0.00025151961025
1.4729203874999999,0.28745989499999997,2.6549837,0.000278951324
1.4669800675000002,0.1834007315,2.628704905,0.00031072145449999994
1.4661751675,0.1853019035,2.63880986,0.00016326618799999997
1.474877685,0.19213420525,2.63969201,0.00016134013274999998
1.482522725,0.16180291025,2.585948765,0.07313405967049999
1.4787387225,0.16063229362499998,2.5758376425,0.17631417283524997
1.447869005,0.12290028675,2.58572489,0.07025465526949999
1.452819915,0.12334223275,2.5907089725,0.07014858332349999
1.4418026225,0.11857319425000001,2.6006725425,0.00029418047600000006
1.4467535324999998,0.11901514025000001,2.605656625,0.00018810853
1.45579356,0.12982971225,2.5912683025,0.0701872766605
1.44741258,0.125314839,2.6083562975,0.00020167303424999998
1.453401505,0.129581064,2.6082654599999997,0.00023441292624999996
1.459630905,0.114824846275,2.6247884050000003,0.0001181675145
1.4455836999999998,0.129295688,2.6139540075000003,0.00013594178924999998
1.4384186849999998,0.12487291149999999,2.6122908600000003,0.00012318472
1.42921084,0.12955855924999998,2.614120305,0.000132305964
1.4822972124999998,0.113160543025,2.6324929600000004,0.0001187999625
1.4514080275,0.194253847,2.645694375,0.00015359705475
1.4343651225,0.19759726900000002,2.6498798725,0.00014091910249999998
1.42479348,0.19712325949999998,2.6431120625,0.0001791982465
1.4276767975,0.20982258399999998,2.660527585,0.000128499183
1.4155302625,0.20530987550000002,2.6391274325,0.00023576922449999998
1.4148260049999999,0.22085957625000002,2.6577011324999997,0.00015897564475
1.4122511125000001,0.21682087725,2.64306879,0.00022796654225
1.421971915,0.223059375,2.6367864025,0.00028553824075
1.468114525,0.163843006,2.599678935,0.0043708092355
1.471242935,0.1624826455,2.60117978,0.0027668147015000003
1.54234016,0.166767668,2.6158742925,0.00022789042849999998
1.53629613,0.16122509175,2.6150109175,0.0002465656215
1.5310037724999999,0.162728537,2.61981833,0.00019195165625
1.5413948874999999,0.18424930425,2.6125742825000002,0.00017451063125
1.5366231174999998,0.18740391374999998,2.60675967,0.00020801009325000002
1.56367031,0.163988147,2.6137732875,0.0002318236075
1.5684197875,0.15564322475,2.6100446575,0.0002584230605
1.5712209075,0.15696811675,2.60209924,0.00023830697325000005
1.5649846825,0.153759796,2.5965452774999997,0.00027772579050000003
1.5545903175,0.16162403675,2.6125420925,0.0002694019275
1.5651034125,0.17160021525000002,2.607987765,0.00020511272325
1.5705188525,0.16734857125000002,2.6010204574999998,0.00021176547325
1.5644830775,0.16780977700000002,2.5933540475,0.00023023336700000001
1.5614582925,0.1600557565,2.5917688599999997,0.000271111414
1.5605751300000001,0.14885744075000001,2.6073755000000003,0.0003299038725
1.5540045225,0.15232808525,2.6090342975,0.00034239992224999996
1.5589834475000002,0.1487154885,2.6000047900000003,0.00034407103525
1.5524128400000001,0.152186133,2.6016635875,0.000356567085
1.5904019775,0.16464083275,2.578433455,0.00016798054600000001
1.5847341424999999,0.16179536275,2.5848217024999998,0.0001680166385
1.5838745225,0.1707074605,2.574373245,0.00018771327775
1.5782066874999998,0.1678619905,2.5807614924999998,0.00018774937025
1.5169656550000001,0.1466648135,2.5888762475,0.0006121543555
1.5137020025,0.14446038775,2.6003864974999997,0.00031633096624999996
1.5075649000000002,0.14462115625,2.6016552424999997,0.00025543150675
1.5000047075,0.14584244775,2.6230840675,0.000109258208
1.5040157125000002,0.14555892725,2.6067886925000003,0.00018025698575
1.5049271575,0.1544430515,2.6155571925,0.00013149518225
1.495461195,0.15488469225,2.603529395,0.00035581598425
1.5018382075,0.15813402075000002,2.6099779599999997,0.000231231006
1.5013059075,0.15355191375000002,2.60586518,0.00024870541525
1.5349642325000001,0.0065910180499999995,2.584034205,0.00016285873599999998
1.5411515525000001,0.0065910180499999995,2.5887284275,0.0001771764145
1.5314553075,0.0066783086,2.5907791275000003,0.00014554148775
1.5376426275,0.0066783086,2.59547335,0.00015985916625
1.5323885074999999,0.003368429375,2.5815328375,0.000144092397
1.5385758274999999,0.003368429375,2.5862270599999997,0.0001584100755
1.545805095,0.0067291525250000005,2.58010477,0.00019093790975
1.5501851425,0.009868646275,2.58263612,0.00021576960725
1.5460953674999998,0.010010291349999999,2.585713685,0.0001978719665
1.5413223475,0.006582910425,2.5775508875,0.0001775181845
1.5351350275,0.006582910425,2.5728566649999998,0.000163200506
1.5527951999999998,0.016937851925,2.5727440725000004,0.00025902961374999996
1.5331066225,0.010016670450000001,2.5808826700000003,0.00015360118975
1.53634065,0.0099513398,2.5916038175000002,0.0001664303
1.5413488124999999,0.013444051375000002,2.5909011375,0.00018118008325
1.54458284,0.013378720725000001,2.601622285,0.0001940091935
1.53208697,0.13223923375,2.5809556825,0.0007416751614999999
1.5268676600000002,0.13625353225,2.581389725,0.0007319678699999999
1.5322974325,0.12708004950000001,2.5782013525,0.00081412271525
1.5335806925,0.13235372675,2.586696265,0.0006767727754999999
1.5263560125,0.12334379375,2.58973241,0.00066626942125
1.5124797525,0.127155984,2.575864435,0.070504289913
1.4580493575,0.1527886575,2.57819885,0.20815274894425
1.45929220375,0.14991987675000001,2.589794725,0.104524691360625
1.3823442750000001,0.11229009175000002,2.5739350925,0.00016532883825
1.3349609675,0.19552713625,2.6303219175,0.00012248518025
1.3437497025,0.19315860425,2.6197422125,0.00018323849674999998
1.3311498175,0.2021318375,2.62161803,0.00018266373625
1.3192868825000001,0.2008864655,2.61030066,0.00019213912875
1.3076444249999999,0.19041001775,2.6034888625,0.00013565993525
1.3485016825,0.181839727,2.6110683075,0.00019140868424999998
1.3148829025,0.17504035675000001,2.59800291,0.00012041349149999999
1.33033651,0.17891210325,2.613518595,0.000116714129
1.3525656149999998,0.165806126,2.6089923375,0.00013466842025
1.3431891774999998,0.16050997025000002,2.60086292,0.00012072718149999999
1.3108228725000002,0.18744681375,2.58398533,0.00024988259075
1.32246533,0.1979232615,2.5907971275,0.00030636178424999996
1.3526800575,0.18276703,2.6020528075,0.00027749576125
1.4175829875,0.17776909100000002,2.628605425,0.00029940713624999996
1.4257009324999999,0.17593104400000004,2.6265793425,0.0003339220675
1.3897399325,0.16672680899999998,2.6071053125,0.00048526738075
1.3840870275,0.1747282485,2.606883525,0.00046740879025
1.37448463,0.17237281075,2.607690035,0.0003180236235
1.3769521725,0.16015542675,2.6067201475,0.0002488682985
1.3855848325,0.15700342125,2.6046590775,0.000339634771
1.3629833775,0.24313381699999997,2.576132535,0.00229215326725
1.3724898724999999,0.25556597124999997,2.58585304,0.0018312096822499999
1.383763525,0.24664860225000002,2.586830855,0.00251999900725
1.3710483624999998,0.27046278125,2.5822134025,0.002049402045
1.3958850525000002,0.2502599955,2.5813533674999998,0.004490874215
1.29727617,0.22077885625,2.5735765725,0.00048273534050000003
1.285717905,0.229853317,2.5829168575,0.00039510355425
1.322030425,0.23690212875,2.5746573225000002,0.0011405687987500002
1.2823790625,0.24865867925,2.573880375,0.000534194376
1.2922124275,0.26374281175,2.58103168,0.00060905113775
1.3039121625,0.25443222375,2.5937969075,0.0005067769015
1.3115165825,0.22690873949999998,2.5859332100000003,0.00048735112800000005
1.2999583175000002,0.23598320025,2.595273495,0.00039971934175000003
1.3233847924999997,0.26006888975000003,2.5870420925,0.0008142556335
1.3299447899999999,0.2516132555,2.5772427925,0.0013604157445
1.3248838799999998,0.270899821,2.5717470650000003,0.00144868223375
1.556556405,0.20013554025,2.5730012675,0.000500000868
1.55081603,0.20504064849999998,2.5814075475,0.00047972238850000005
1.5409862699999999,0.20424889775,2.5800963025,0.0007579219025
1.5366005299999999,0.21347521975,2.5772220475,0.00106562006925
1.5586234925000002,0.22181494524999998,2.578792455,0.00058473343975
1.54123193,0.220737472,2.5798738599999997,0.000851683268
1.550329805,0.21545355,2.5831367975,0.000538955814
1.5186404575,0.24109216425000002,2.62381685,0.000337642821
1.5236646225,0.22881063100000001,2.6239551325,0.0002809280775
1.5259946575,0.22419530175000002,2.632558645,0.00020220286
1.5320676850000001,0.24482059099999998,2.65584719,0.000163322502
1.531817405,0.23156788574999998,2.6509349925,0.00014932184225
1.5418875200000002,0.222268466,2.6428821074999997,0.00014192323199999998
1.5110493900000002,0.2403598055,2.6415653825,0.00023167173975
1.5120453825,0.24540913849999998,2.6301389349999997,0.0003051989695
1.516242265,0.24864100649999998,2.64955449,0.0002115608585
1.5172382574999999,0.2536903395,2.6381280425,0.00028508808825
1.513563395,0.23374590275,2.6461178075,0.000190505223
1.5185424975,0.22541452950000002,2.6406930699999998,0.00018391519899999998
1.51850599,0.2287743985,2.6491947175,0.000156393682
1.53956494,0.1461429,2.5782342524999997,0.00052840611175
1.534490945,0.148712747,2.578083155,0.0004882864015
1.544337125,0.146696277,2.5738156425,0.00046280582325
1.5195092825,0.1540228355,2.5880983475000003,0.0004643714455
1.51552942,0.151877262,2.5910789375000003,0.00048882125325
1.51519629,0.15121769175,2.5974691500000002,0.00030325396050000003
1.5497243125,0.1615422665,2.5873141875,0.00031810266975
1.5332817725,0.176859513,2.5988256950000004,0.00024907666025
1.5428975225,0.16891914225,2.607985975,0.00024195275925
1.5544408575000002,0.16297070675,2.5934594275,0.0002843536715
1.55139664,0.16014539075,2.5998946425,0.00030346409775
1.5394295425,0.1814427675,2.6014599825,0.00023474534125
1.5503740025000001,0.165863879,2.6062872425,0.00026252809775000003
1.5442013125,0.178288158,2.6072745950000003,0.00020124587925000003
1.5434354525,0.18586063775,2.59423733,0.000270443452
1.556242555,0.172773689,2.6035496625,0.00022349054800000002
1.5574656425000002,0.17072472725,2.595044615,0.00024347562450000002
1.5528211575,0.1810768395,2.604301635,0.00020052431525
1.5539950725,0.17819786075000002,2.589520695,0.00025859839675
1.5522546449999999,0.1847415605,2.59524453,0.000237001943
1.4975641674999998,0.21110019825,2.57467395,0.0161200497525
1.51062584,0.14939073474999998,2.5718298550000003,0.0707069884635
1.50806418,0.14868067224999998,2.5777831675000002,0.070491095398
1.5727764375,0.13266612225000002,2.5788374525,0.00027711360225000003
1.58699742,0.14599023025000002,2.5746381275,0.00017430418650000003
1.5963229825,0.141363144,2.57243949,0.00017198548800000004
1.598003565,0.13677534825,2.5793433175,0.00017234544400000003
1.5828889625000002,0.15072134875,2.5827009675,0.00017648439074999998
1.580689075,0.1471422015,2.5904439075,0.0002048563945
1.5729081950000001,0.1436579225,2.589467105,0.00025202170575
1.5171253075,0.13993959095,2.6680598250000003,0.00012226123725
1.543839335,0.109613925075,2.6776609425,0.00016877999775
1.4661054025,0.15260552595,2.656366945,0.00011675144750000001
1.531885505,0.14480054344999999,2.6821547150000002,0.0001236479495
1.460080715,0.1712396777,2.6691079725,0.00011309563699999999
1.4385625149999999,0.17992692445000003,2.6735780825,0.00011298518249999999
1.46997741,0.15496494445,2.69199425,0.000111323412
1.5174559075,0.17623463244999998,2.687455715,0.00011017673950000001
1.47875497,0.1962245627,2.6851146225,0.00010551517699999999
1.5710113025,0.09034720069999999,2.7103698824999998,0.00014343045224999998
1.5607190699999998,0.0758825522,2.709959625,0.00014114318225000002
1.5576254999999999,0.081932220625,2.6979948875,0.0001681204795
1.55049944,0.1585444062,2.700342,0.00011913014725
1.5501950675,0.13493603469999998,2.7098881,0.000120024286
1.5068948574999999,0.16185383869999997,2.7031961075,0.0001112514875
1.5196354975,0.1119069737,2.705605625,0.000117170177
1.46843907375,0.17164114035,2.6945384125,0.0001092613365
1.5324867375,0.1554526465,2.6239284875,0.00022263984825
1.5351302325,0.1566365325,2.632098675,0.00019056952275
1.537779095,0.15394920125,2.619121075,0.0002772538135
1.5407628725000002,0.14573308075,2.639145075,0.00022688231574999996
1.5438211275000002,0.1522574165,2.6350788475,0.00023155091924999998
1.5537383875000002,0.142901756,2.6270799625,0.00032700967849999996
1.5498359824999999,0.15103957075000002,2.628750145,0.00027171488899999997
1.546437445,0.1539152415,2.6209625599999997,0.00028534745775
1.5515751850000001,0.14135575300000003,2.617854415,0.00037454473924999996
1.5480110075,0.148107458,2.6148431875,0.00035251277574999997
1.5162311775,0.1421192625,2.6042404149999996,0.0002992854785
1.52074325,0.146667134,2.6065550424999997,0.00030424698675
1.5133563574999997,0.129908899,2.6083413374999997,0.00026979855825
1.4594506325,0.13609566174999999,2.5764739524999998,0.1401561875525
1.45986089,0.13969052575,2.5803880699999997,0.14014410280250003
1.45374432375,0.13386084312500002,2.5831474075,0.10523641076000001
1.4621163,0.134473607,2.57908559,0.1400830002065
1.4645912325,0.1334187575,2.59550786,0.07011524935175001
1.46871624625,0.13998231475,2.573770285,0.17504956367587501
1.46591097,0.14308774475,2.582170845,0.14009272294750003
1.4679756449999999,0.13843803125,2.5946789975,0.07013705684275001
1.4704084525,0.142491951625,2.57335585375,0.17506046742137502
1.46181192875,0.12809151400000002,2.5868868550000004,0.10506015902
1.46788582,0.1336461045,2.5789858700000003,0.14004433275325
1.4978576275000002,0.14349154775,2.5879187574999998,0.07020400631025
1.51212284,0.1376194025,2.5734232075000003,0.070569134982
1.527347385,0.09657351295,2.626797975,0.000289747364
1.5267412375,0.09970349822499999,2.6213837875,0.00033227904699999997
1.5287298275,0.10500769702500001,2.6206962474999997,0.000365124135
1.5197972650000002,0.1239753065,2.6394206875,0.00015563877975000002
1.5262496775,0.11877074074999999,2.6446501625,0.00018455019949999998
1.5531542575,0.12844073574999998,2.6080018875,0.000488304264
1.5572411974999998,0.11983064,2.61298281,0.00049224703975
1.55846658,0.123224953,2.6095111975,0.00047677129625
1.5572543699999999,0.11840150499999999,2.6071485875,0.00051288311075
1.5190944075,0.12037422125,2.6052126325,0.00040347608600000003
1.501957745,0.106234427575,2.5908618,0.0004189657395
1.44446969,0.182673201,2.58226669,0.11506083119999999
1.5269377225,0.1923808715,2.5830708725,0.0011113740775000002
1.52284211,0.1923598795,2.5773808925,0.0046106083325
1.53487727,0.19201319674999998,2.5814421175,0.00081498723075
1.5389594125000001,0.18386113275000002,2.586145045,0.00052523438375
1.5372512649999999,0.19329638775,2.5724912275,0.00114489130075
1.5340231949999998,0.167674225,2.5737628325,0.0008299044135
1.50208515,0.17415224025,2.5742726925,0.08857804920750001
1.4979936774999998,0.2018756715,2.5967759499999996,0.0040313374957499995
1.5062541674999999,0.1629107705,2.6086118825,0.00024627433225
1.509669095,0.1623100415,2.60231954,0.0002621913555
1.5240725575,0.16427882775000002,2.615103245,0.00018147979625
1.5093431174999998,0.15921980125000001,2.6141911149999997,0.00014653850849999999
1.51577583,0.15640963975,2.6131307474999996,0.00018049404575
1.51203531,0.16205370800000002,2.6194757825,0.0001291710325
1.5184680225,0.1592435465,2.618415415,0.00016312656975
1.590221495,0.101083695875,2.6544131625,0.00028077415125
1.5774367775,0.10280830214999999,2.6529706725000004,0.00032727824150000003
1.5957797475,0.107440236825,2.6468955275000003,0.000252449776
1.5968740575,0.100544080025,2.6402719025000003,0.00028176447099999996
1.5946511925000002,0.090096715825,2.6456791175000003,0.00031272951675
1.59128824,0.09133204817500001,2.65475458,0.0002959372105
1.5872675800000002,0.0848280713,2.6422291425,0.000371154856
1.5839046275,0.08606340365000001,2.6513046050000004,0.00035436254974999996
1.5745015175000001,0.1111384461,2.6462337975,0.00033723767425
1.5760813075,0.08733062820000001,2.6471871150000004,0.00038262284225
1.5706802025000002,0.094323879,2.6491946000000004,0.00037070159325
1.5853925075,0.11495881885,2.6435301300000003,0.0002886853655
1.5831965525,0.1161147691,2.634737015,0.00030670803625
1.5926124750000001,0.1039675808,2.63016081,0.00030539780350000005
1.5893222100000002,0.11201968785000001,2.62799132,0.00029410577925000005
1.5734969100000002,0.08482815325000001,2.6369316,0.000435091839
1.5813477950000001,0.08641641959999999,2.6340840475,0.00042098318224999997
1.6160962275,0.07365208212499999,2.6019403949999997,0.000383086561
1.6079319125,0.062030158,2.5965583325,0.000508087258
1.6074901825,0.06806834135,2.6025596275,0.00045369855099999996
1.61924085,0.0654290002,2.58193028,0.000488669073
1.6174103325,0.05989701395,2.59047407,0.0004884063965
1.6271039250000001,0.07141342015,2.5873393425,0.00038877064075
1.6252734075000002,0.06588143390000001,2.5958831325,0.00038850796425
1.5984574249999999,0.0671888478,2.5927861325,0.000564097958
1.598015695,0.07322703115000001,2.5987874275,0.000509709251
1.611733525,0.07059066185,2.57556516,0.00054711853575
1.6119090324999998,0.079764354975,2.5746222149999998,0.0004793937695
1.5989341725,0.0820000451,2.5918161875,0.000471270927
1.61722973,0.08659165537499999,2.581358075,0.00036461765175
1.6249172975000001,0.0834023822,2.5877100825,0.00033244398575
1.6144794525000001,0.094229770825,2.5892493125,0.00030443890475
1.6074889,0.090011457,2.594935835,0.0003553441565
1.6221670200000002,0.09104049765,2.59560132,0.00027226523875
1.6151764675,0.086822183825,2.6012878424999997,0.0003231704905
1.48176837,0.26015452675,2.6373711825,0.00034155116025
1.4714097375,0.27084378175,2.6399375800000002,0.00035653444525
1.4756025675,0.2832625435,2.6347939375,0.00043737551475
1.4909032,0.27702169125,2.6285072575,0.0004562281175
1.4945806275,0.26295621325,2.6318327200000002,0.00037997266199999997
1.4589781149999999,0.266946912,2.6316095,0.00043176666825
1.4685307724999999,0.23679435625,2.6279775499999998,0.0004670981834999999
1.476823865,0.24152326200000002,2.6319602125,0.00038079822475
1.48663968,0.24866965049999998,2.6181535125,0.00054546911275
1.4771218,0.2517034375,2.6268697375,0.00045596857675
1.4608578374999999,0.2452257835,2.6224161974999998,0.0005524756417499999
1.4647190274999997,0.25503159325,2.62364918,0.0005179846195
1.4656487724999998,0.25556316225,2.61230749,0.000887795424
1.45632252,0.24252520125,2.6119577275,0.00098613405125
1.4576751,0.24943239225,2.6064168800000003,0.0012650592829999998
1.52513349,0.24910988674999998,2.6033963575000003,0.00060628941075
1.5333516,0.241158452,2.595781745,0.00063682425475
1.5279197375,0.24684334924999998,2.6167652025,0.00039410151650000005
1.5682320575,0.25137268,2.5940959475,0.000499676462
1.5608275225000001,0.24185213074999998,2.59502876,0.00048057152899999995
1.5042075525,0.22349121049999998,2.5748191449999998,0.00599595884
1.51482743,0.2247556335,2.5732179275,0.0036441635175
1.51669842,0.2345568015,2.5767211325,0.0024304847775
1.47889635,0.233980421,2.574349105,0.0171330169575
1.49826318,0.23164358000000002,2.5777928224999997,0.005236524420000001
1.50488785,0.2400446535,2.59009713,0.0015023158215
1.5059154024999999,0.238579806,2.5802207,0.0027600704075
1.58126816,0.11925857875,2.6114135975,0.00032307830400000006
1.5900883074999999,0.12380721424999999,2.6128014925,0.00024881307750000003
1.593899875,0.12417086575,2.6033569575,0.00021859422100000003
1.5756522725000002,0.13244249649999998,2.608923195,0.00030162859525
1.5782957075000001,0.126853209,2.61397004,0.00031008050049999996
1.587115855,0.1314018445,2.615357935,0.000235815274
1.59487015,0.13426225249999998,2.597486735,0.00017920426000000002
1.5824066425,0.14052969575,2.604132055,0.00022768185925
1.59120384,0.13891151924999998,2.607250095,0.00018828220675
1.5774756349999999,0.1172502525,2.5971146225,0.0003637793415
1.5822378675,0.114423815,2.6041612625,0.00034988210975000003
1.5839535875,0.1181914285,2.5909867875,0.00030714681625
1.58871582,0.115364991,2.5980334275,0.00029324958450000003
1.5698703225,0.12830867024999998,2.6023933275,0.00036948168400000004
1.570869235,0.12296410825,2.598155915,0.00038368771475000003
1.5837411575,0.12724044175000002,2.5876833775,0.00024719482075
1.5830186625000002,0.139731027,2.593257485,0.00021567457925000003
1.589473665,0.134505391,2.588859795,0.00019390762800000004
1.5688438125,0.13291159049999998,2.5966253850000003,0.00034270025925000003
1.569842725,0.1275670285,2.5923879725,0.00035690629
1.5752377825000001,0.136246748,2.5922806825,0.00026283989050000003
1.576236695,0.13090218600000003,2.58804327,0.00027704592125
1.5831222575,0.057058968575,2.6065359700000004,0.0005579528225
1.5869567125000001,0.0532217631,2.6128038775,0.0005175758415
1.5756751025,0.054950614450000004,2.6092318875,0.00053827435475
1.5795095575000002,0.051113408975,2.615499795,0.00049789737375
1.59073055,0.045288140875,2.6091734175,0.00051439701925
1.593616785,0.048789797350000004,2.5991866575,0.0005621109885000001
1.5878773949999998,0.054505045525000004,2.598081945,0.00058654788875
1.5818256149999999,0.051589678050000004,2.5914189199999997,0.0006188441765
1.5880556725,0.035595189775,2.61020136,0.00048198254800000003
1.5926361675,0.042730066925000004,2.5921094399999998,0.0005872324545000001
1.5868227175,0.0455950778,2.586651145,0.0006220161885
1.5851453875,0.0321812667,2.6020507825,0.0004886751050000001
1.5775559875000003,0.030535713774999997,2.602220895,0.0004478070405
1.5709356675000001,0.037249398425,2.59758699,0.00046381932774999996
1.5868396475,0.035814487375,2.5939456224999997,0.00054621104225
1.5810261975000002,0.03867949825,2.5884873274999998,0.00058099477625
1.5727116175,0.041759962224999995,2.5919585824999998,0.00053947112625
1.5717874474999998,0.049011090775,2.5938412525,0.00057315555025
1.5926011775,0.047344664125,2.571839035,0.00073156635325
1.5875656275,0.048359838324999994,2.57755792,0.00069384841475
1.4704580600000001,0.24266816674999997,2.57380563,0.016643651415000002
1.4728826874999998,0.25508541625,2.57926935,0.005120657645
1.4682498575,0.24706492199999996,2.58268857,0.006748583085
1.4698676174999998,0.26540531224999997,2.5802894825,0.004826106275
1.457366705,0.246677663,2.5864871125,0.0065352347775
1.584576875,0.023684730049999998,2.5741732699999997,0.0005284319635
1.6255750075,0.083684269325,2.6221064925000004,0.0002273007195
1.6165012125000002,0.08022593335,2.6158540850000005,0.00030318342775
1.624483795,0.09537784197499999,2.61593473,0.00019537547625
1.6154100000000002,0.091919506,2.6096823225000003,0.0002712581845
1.6202894475,0.08186216837499999,2.632495045,0.00023125523875
1.6009417775,0.08291680555,2.6228212125,0.000361147948
1.6080523450000002,0.07624059545,2.6219376325000003,0.00034544550750000003
1.6170728225000002,0.10468714674999999,2.6240069875,0.0001794227755
1.5996118175,0.094089969975,2.6188449875,0.0003286147185
1.6056311725,0.09910733252500001,2.611789645,0.00028098703475000004
1.6172679075,0.09058527275,2.63908261,0.00020388921625000002
1.606892645,0.08879060485,2.6387524,0.00026342618
1.6039610225,0.0810409412,2.6326175325000003,0.000319592742
1.61107159,0.0743647311,2.6317339525000003,0.0003038903015
1.615142495,0.10171667847499999,2.636766315,0.00018398199625
1.6047672325,0.099922010575,2.636436105,0.00024351896
1.6005056500000001,0.10334551135,2.6263250125,0.0002671522925
1.606525005,0.1083628739,2.61926967,0.00021952460875
1.6161517525,0.042370664399999994,2.63018894,0.00033610118399999997
1.607945565,0.0517249219,2.6297709325,0.00037292832
1.6147088425,0.04286223415,2.65617174,0.000249358687
1.600147905,0.035727157700000005,2.629893125,0.00039197460125
1.5996919600000001,0.0471976241,2.62871778,0.00041165124275
1.6106545349999999,0.031873638725,2.6318169825,0.000345225082
1.611028285,0.027854110575,2.64086163,0.00030554707325
1.620571405,0.03709068055,2.6468755,0.00025720644025
1.623077125,0.046948136275,2.6398397075,0.000269387361
1.6080351800000001,0.06069952715,2.6365374900000003,0.000335924211
1.6144247075,0.05585636755,2.65389365,0.00025203258675
1.618034245,0.058465630725,2.643726705,0.0002679069365
1.5910963725000002,0.0500474982,2.632955135,0.00041056524775
1.5995186275,0.025481713,2.6453325149999998,0.00031066911475000005
1.5912815025,0.025796385,2.63998133,0.00032950937750000003
1.5922845300000001,0.03202230155,2.6335865875,0.00037113685525
1.5863066900000002,0.03953127375,2.634187045,0.00038842405024999997
1.5840881450000002,0.0296415584,2.6433586475,0.00032204941825
1.58186972,0.037406719275,2.6402455575,0.00035136506625000003
1.5509519875,0.12050944,2.584575235,0.0006239824577499999
1.5560004425,0.11586898949999999,2.5866218200000004,0.00059776511625
1.5746737725,0.018899201425,2.6092062,0.000348887588
1.5711597499999999,0.01098697635,2.59482789,0.00032270782674999993
1.5711290249999998,0.018354044325,2.594014585,0.00036410271425
1.5763100099999998,0.022987003449999998,2.602062405,0.00039729021225000003
1.56996578,0.0218917411,2.598504245,0.0003643779855
1.5497065175,0.01122210895,2.61396128,0.00021343351525000002
1.5494894675,0.01883416785,2.61344707,0.00023109254825
1.5651129475,0.019155764025,2.60462117,0.000305382913
1.5674422675000002,0.018539916725,2.61010307,0.00031057201675
1.5992265325000001,0.03061654835,2.5922235825,0.00053117977975
1.603711155,0.027252407724999997,2.586746335,0.000529452249
1.6024427399999999,0.0261477907,2.599788425,0.00047429484425
1.6069273625,0.022783650075,2.5943111775,0.0004725673135
1.590164065,0.029107228375000002,2.5910545574999997,0.0005258297245
1.595758945,0.022261778350000004,2.603839455,0.00044826528775000003
1.5948247325,0.013358830000000002,2.6032716625,0.0004095085315
1.6028934725000001,0.0083684544,2.600082695,0.0004036956815
1.6083123075,0.013907262125,2.5951732400000003,0.000440724907
1.586331695,0.023848116149999998,2.5844270575,0.00050629501525
1.588469805,0.025474007700000002,2.5991597175,0.00046829378725000005
1.589882135,0.02143098715,2.578270135,0.0005240704852500001
1.5981991275,0.02332595875,2.5794203875,0.00054187766375
1.5829476125,0.0199432238,2.59908861,0.00042222809875
1.58682862,0.012576155825000001,2.6015081999999996,0.00039271886625
1.5806478275,0.018944218525,2.5859799975,0.00043754276724999994
1.578958005,0.01867254685,2.59253639,0.00041101178799999997
1.5844806725,0.007585780225,2.59710145,0.00037200348
1.5806785525000002,0.01157715055,2.5867933025000003,0.00039614787974999997
1.5789887299999998,0.011305478875,2.5933496949999997,0.0003696169005
1.5687749674999998,0.0072672777,2.5995395175000002,0.00029086313225000005
1.5520155999999998,0.003281138825,2.60554123,0.00021059705599999997
1.55551645,0.007176252075,2.601508915,0.00023062743275
1.5638914099999999,0.0118983686,2.6048431374999996,0.00027326294725000004
1.56622073,0.0112825213,2.6103250375,0.000278452051
1.5540159025,0.007912229725,2.6098312724999997,0.00022261435499999998
1.5575167525,0.011807342975000001,2.6057989575,0.00024264473175
1.6013007775,0.0326699731,2.6682648674999996,0.00024750034200000004
1.589381575,0.018869056850000003,2.6722012774999997,0.0002371171285
1.5858199575,0.017406021725,2.6628530625,0.00025917641325
1.5977867849999998,0.019970947425000003,2.6656188974999995,0.00024934788225
1.5942251674999999,0.0185079123,2.6562706824999998,0.000271407167
1.596058845,0.0291724545,2.6524932975,0.000297318169
1.60170594,0.037316405675,2.6573186525,0.00028434837425000005
1.5858739899999998,0.032378057950000004,2.6504628649999997,0.00031116302850000004
1.5787311175,0.023131781275000003,2.6644795525,0.0002526575845
1.5769514725,0.027439275300000003,2.65586674,0.00027873319775
1.6017229875,0.05882995295,2.681181015,0.00021894313225000002
1.5997797875000002,0.06415276880000001,2.6702324175000003,0.00025282138425
1.5897575925,0.04450186435,2.6901035925,0.00021158279925
1.5993145125,0.045138805175,2.6835266375,0.000221498787
1.595552445,0.03983461765,2.6735182425,0.0002495991865
1.584041595,0.035044614700000004,2.6849245449999994,0.000219498572
1.5882510525,0.031484534524999996,2.6769694699999995,0.00024106186175000001
1.5360557425,0.03981516605,2.6741572025,0.00012677099225
1.5602607125,0.060433830125,2.65459919,0.00031624359325000003
1.5676383375,0.07354928925000001,2.646159055,0.00039497749825
1.5685957075,0.07600832357500001,2.63756931,0.00043866766649999995
1.5501340325000001,0.00748208445,2.6493219750000003,0.00017131629675
1.5617902275,0.00990873855,2.6604598775,0.0001985651145
1.5699585675,0.023120249625000002,2.65233898,0.0002599149995
1.5734280925000002,0.023159995200000002,2.6448761225,0.00028711997975
1.56732109,0.0250517302,2.6410784725000003,0.00027974342475
1.5411669625000002,0.018495080275,2.638527215,0.000166988997
1.5469715025000002,0.0193096299,2.6423749924999997,0.00018328189975
1.5524266375,0.022457333950000002,2.63894409,0.00021468036
1.5435570175,0.010559884124999998,2.6384658224999997,0.00016405832875
1.5493615575000002,0.01137443375,2.6423136,0.0001803512315
1.542227715,0.010570657899999999,2.628376725,0.0001751623095
1.5439495125,0.007260778674999999,2.6334916375,0.0001699095775
1.5645792775,0.051810479725000004,2.6427167675,0.0003527726875
1.5669365225,0.044334930375,2.6443085675,0.00033276500475
1.54606545,0.05593276212499999,2.6154096125,0.00037729104224999997
1.5271936075,0.060337478300000004,2.62918675,0.00021621212724999998
1.5470933299999998,0.06590049619999999,2.5969930275,0.00052373611125
1.5455796125,0.071927573525,2.5995267,0.0005575016549999999
1.5467912575000002,0.070872062825,2.60589951,0.0005242152985
1.5436848374999999,0.056707750074999994,2.6054492,0.00040699900275
1.544339835,0.05947326124999999,2.611330985,0.00040941724725
1.54211238,0.06529518125,2.6134464150000003,0.00042474184750000005
1.5412570825,0.071646839375,2.60312408,0.00051547569475
1.5424687275000002,0.07059132867500001,2.60949689,0.00048218933825
1.537453055,0.06452130619999999,2.6162720325000004,0.00037439547300000003
1.539917945,0.06031497567499999,2.6104375725,0.0003797326135
1.5315323775,0.06641254015,2.6208190325,0.000315946756
1.5300781725,0.060866667875,2.6058696500000003,0.0002912617165
1.5507034675,0.056006954075,2.612126945,0.00041377712475
1.5489778524999998,0.059547453199999996,2.6080483175,0.00044590332975
1.5510729275,0.06565010735,2.6065663675,0.00050325389025
1.5620421174999999,0.056574762800000004,2.5956692075000003,0.0005444011549999999
1.5525479,0.05242498685,2.5993539675,0.00044137759699999996
1.5483228549999999,0.056781942025,2.6021665325,0.00044348508525
1.5504179299999998,0.062884596175,2.6006845825,0.00050083564575
1.5552484674999998,0.05580036435,2.59414643,0.00049988139675
1.553629935,0.06242716684999999,2.5961572525,0.0005304020962500001
1.563286635,0.06303122825,2.5950439550000004,0.0006017454289999999
1.558350625,0.066743894475,2.5957582575,0.0005939144905000001
1.5590238575000002,0.08231727405,2.6322428575,0.00045696167225
1.5623022300000002,0.07591683415,2.63453275,0.00044557586074999995
1.56597656,0.1025974194,2.5802894825,0.0006107373412499999
1.5670548675,0.11356244625000002,2.57692796,0.0004945462349999999
1.56787309,0.10980029625,2.5804643025,0.000522860144
1.563007475,0.11405199599999999,2.581570505,0.0005348458652500001
1.55614409,0.11142085700000001,2.5807915325,0.000641253675
1.5190265175,0.07032922655,2.645580055,0.00012511662875
1.55412394,0.015099773175,2.6745356300000003,0.000162052485
1.54647556,0.016634421875,2.6766890875,0.0001347549965
1.5417236699999999,0.011276047675000001,2.67182207,0.000123259262
1.5373066375,0.014195918325000001,2.6680766325,0.0001155773025
1.5547990200000001,0.004015639425,2.668605865,0.00015862660075000002
1.5580047975,0.009741398975,2.669671415,0.000174027751
1.5587047925,0.009741398975,2.6651265025,0.000181477124
1.5554522874999999,0.013924377974999999,2.660001635,0.00018507559075
1.5461662725,0.004015639425,2.6686030625000003,0.00013515560025000002
1.54174924,0.006935510075,2.6648576250000002,0.00012747364075
1.5422606175,0.010234615525,2.6594493375,0.00013590878375
1.5488458875,0.011497723875000001,2.6558290125,0.00016394165875000002
1.5519545375,0.003427380925,2.5899757775000003,0.00021133059624999997
1.5541096925,0.006566874675000001,2.5853886625,0.00022628380975
1.5553608825,0.0073224941749999994,2.5933744925,0.00023210930524999998
1.5575160375,0.010461987925,2.5887873775,0.00024706251875000003
1.5583883225,0.00389511325,2.5967212925,0.00023599843925000002
1.5629282599999998,0.01075430565,2.5874225500000003,0.00028279634725
1.567656965,0.0076148119,2.5909960874999998,0.00029746061775
1.5652721825,0.00389511325,2.595707715,0.00026561592324999997
1.5662400425,0.0068591924,2.581866325,0.000301046508
1.5709687475000003,0.00371969865,2.5854398625,0.0003157107785
1.5234754375,0.042481939324999995,2.6088057175,0.00017637994275
1.5438049425,0.050292023474999996,2.61687708,0.00033303510275
1.545166015,0.04062513915,2.6089197975,0.00030440705450000003
1.5415030124999998,0.0386512587,2.61540091,0.00025889616525
1.54570937,0.0433293544,2.61521399,0.00031158931225000003
1.5549263925,0.29385819275,2.58310783,0.000858868879
1.54060882,0.303138785,2.5797534575,0.00106851439225
1.5284324875,0.26290369775,2.59943843,0.000693011135
1.53446397,0.30837689325,2.5886440875,0.0009279479560000001
1.5345481925,0.30679486675,2.6023243075,0.00066863917175
1.502479675,0.35263321575,2.5773015050000003,0.00154260710525
1.4828979674999998,0.36757557125,2.573238255,0.0017203121264999998
1.5033036175,0.33310163775,2.5720018749999998,0.0017051159237500002
1.5226452075,0.35729629575,2.5743883875,0.00139263457275
1.5045736724999998,0.25010180875,2.575525225,0.0030478932325
1.5157095200000001,0.047737218425,2.59222466,0.00014328613
1.5257168125000002,0.054514260025,2.6104174875,0.0002051667835
1.535185695,0.054266176175,2.59733689,0.00031248353125
1.5273949525,0.056888340025000005,2.6083670875,0.00023035286725
1.5499563799999998,0.039780609325,2.6056487525,0.00032835633475
1.5533981899999998,0.043872610675,2.6010549025,0.00037965219249999995
1.558579265,0.0389017975,2.600133475,0.00037952872675
1.5504997349999998,0.042484824575,2.611942945,0.0003355385925
1.557569055,0.029624586,2.6096611,0.000311105985
1.5532333249999999,0.0495216856,2.6103233675000004,0.00039347046549999997
1.558794975,0.049868449575,2.6131324750000005,0.00041702404275
1.5557327549999997,0.04870522955,2.603432175,0.00042348918224999996
1.5664027025,0.040006371225000004,2.60202509,0.00043509557875
1.5627638399999997,0.051095217475,2.6012359225000004,0.00048867068125
1.5646118825,0.0519661298,2.6075378025000004,0.00048539439750000003
1.5682527125,0.047367172325000005,2.6007502650000003,0.0005004005435
1.570100755,0.04823808465,2.607052145,0.00049712425975
1.5501351949999997,0.046369394275,2.5898952475,0.0003929693415
1.5464215874999998,0.046893542625,2.59338802,0.0003661394805
1.5414145025,0.034346999125,2.5754041675,0.00026827064
1.55216494,0.052156679325000004,2.5875834825,0.00046184425474999995
1.55404821,0.052294541150000005,2.582024515,0.0004989443115
1.544118135,0.051651969549999996,2.5990479599999996,0.00037349038775
1.5388744475,0.049435976874999996,2.58526707,0.00033517865475
1.5384356675,0.051269525675,2.6098057624999997,0.000300376174
1.53319198,0.049053532999999996,2.5960248725,0.000262064441
1.5325053325,0.041999700475,2.588204385,0.00026977203925
1.5448160775,0.04401831515,2.6007372725,0.0003243017855
1.533176155,0.039587792925000004,2.5853086125,0.00025940092575
1.5081375225,0.076454260375,2.575305285,0.00029214238
1.4860878299999998,0.05643742064999999,2.5736416600000003,0.00010786480375
1.5449070625,0.095852404825,2.6020327825000003,0.00064703042175
1.5356285575,0.100286841475,2.6047444950000003,0.00059040489575
1.5402016025,0.100652409725,2.6016369475000003,0.0006486907659999999
1.5521216400000002,0.097029289225,2.6030606625,0.00063223535875
1.5525506725000002,0.102403979875,2.6061759575,0.0006083019255
1.5433518899999998,0.089821852725,2.6033464075,0.0006177330362499999
1.5385434325,0.08956107869999999,2.607081235,0.0005610376175
1.5296724425000001,0.09215259552499999,2.6230194575000003,0.000340627277
1.529066295,0.09528258079999999,2.6176052700000003,0.00038315895999999994
1.5294682675,0.0939203036,2.6117231875,0.00044471757049999996
1.5351235875,0.09658833975,2.61475724,0.00047049052225000003
1.53552556,0.09522606255,2.6088751575,0.0005320491327499999
1.515222875,0.07554330025,2.5789677525,0.0002900284125
1.538312135,0.077705768875,2.5895031100000003,0.000572297453
1.5274542825000001,0.07274531852499999,2.5734303025,0.00047407626700000005
1.547770705,0.081819325675,2.581043485,0.0007414110880000001
1.544093815,0.092793922875,2.5962422524999997,0.00068175642825
1.5425386424999998,0.08676337077499999,2.5975558775,0.00065245904275
1.54797527,0.081125870325,2.5910311349999997,0.00067200792575
1.54439795,0.0810542479,2.5950483675,0.0006370342165
1.5457079075,0.078031565975,2.5855076324999997,0.0006784635627500001
1.5421305875,0.07795994355,2.5895248649999996,0.0006434898535
1.537730185,0.08650259675,2.6012907050000003,0.000595763624
1.5390685475,0.082181043925,2.5954539199999997,0.00060704146025
1.5327371925,0.08975630255,2.60648996,0.00050848587475
1.52633178,0.0820047334,2.591601255,0.000423029418
1.5317608975,0.0779325422,2.5800480274999997,0.000538948887
1.5175788975,0.07502923812500001,2.57262409,0.00035931756799999996
1.52398431,0.082780807275,2.5875127950000003,0.00044477402475
1.546237615,0.06944643425,2.5801872599999998,0.00062369099775
1.544775185,0.06867819745,2.5738218425,0.0006217877527500001
1.54977834,0.06599763035,2.5825190525,0.00059912579325
1.5478028925,0.062269492999999995,2.5866177675,0.00053196600525
1.5522182575,0.062314470299999994,2.57745111,0.000600521249
1.550735295,0.06531735695,2.5721691250000003,0.0006526925280000001
1.54224309,0.068771081975,2.5774295325,0.0005903325657500001
1.548043965,0.055609907949999995,2.5837463749999996,0.00047102839775
1.549927235,0.055747769775,2.5781874074999998,0.0005081284545
1.5394551425,0.065062411125,2.5718731875,0.000528630699
1.5445908875,0.062726922325,2.5911450975,0.00050239955475
1.5421259975000001,0.06693325285,2.5969795575,0.00049706241425
1.5348919025,0.065734394825,2.60850078,0.00037922714925000005
1.5215244,0.061166463425,2.5930102475,0.00028698141450000003
1.3200219850000001,0.163769871,2.5766984825,0.0002029428105
1.318778365,0.17899818699999998,2.5739328275,0.00031735274925
1.4322268949999999,0.11328227425000001,2.6039235,0.00013704171574999998
1.4366711975,0.11411852750000001,2.5996989,0.00024193957325
1.41718623,0.11030992649999999,2.5870595575,0.0004239995215
1.431700765,0.1193352805,2.5969216225,0.00026839858775
1.4289954599999999,0.11899084025000001,2.5916328425,0.00042051666625000006
1.4272564625,0.11849902725,2.6011462225,0.00016350073025
1.4368321899999998,0.12378994725,2.597895265,0.00032063949050000005
1.5274753850000002,0.0101983426,2.5751095425,0.00013665576824999998
1.5252528475,0.013383011575,2.5938545475000003,0.000125776307
1.5302025375000001,0.01672948105,2.5969913,0.0001407193505
1.516248225,0.017812268574999998,2.5718877925,0.00011413200075
1.53042859,0.023540045375000002,2.5796782975,0.00016553721975
1.4387536650000001,0.12770249675,2.607255875,0.00022021702550000002
1.4388905175,0.1346852815,2.6068640925,0.000423320242
1.436924785,0.13168334574999999,2.6128535850000003,0.00015448578050000002
1.4299471375,0.13322441624999998,2.613779365,0.00014967586675
1.4370616374999998,0.13866613049999998,2.6124618025000004,0.000357588997
1.43008399,0.14020720099999998,2.6133875825,0.00035277908325
1.433124185,0.126619551,2.601778925,0.00023311153574999999
1.4332610375000001,0.13360233575,2.6013871425,0.00043621475225
1.4250464725,0.12634331325,2.61003381,0.00014339385425
1.4263946399999998,0.123719297,2.60363108,0.00016109827825
1.42380935,0.14004496825,2.6078631850000003,0.000544876286
1.4251575175,0.137420952,2.601460455,0.00056258071
1.4168991725,0.13349940425,2.59233737,0.0021519496335
1.41892746,0.13169485875,2.598544895,0.00042316351775000005
1.4203014349999998,0.1249759885,2.6003237375,0.00022478430250000002
1.4146239125,0.11388356599999999,2.5967252849999998,0.0002055985225
1.4154092950000001,0.11388345799999999,2.5910501475,0.00036286261100000003
1.4211632575,0.11975571875,2.59783888,0.00022718675449999998
1.42194864,0.11975561075,2.5921637425,0.000384450843
1.4129855925,0.11346536300000001,2.586191655,0.000473059201
1.4082723549999998,0.1709025875,2.6186922800000003,0.00043965017874999997
1.414378255,0.16835435475,2.6257315875,0.00028455056574999997
1.3986203375000001,0.1699072495,2.6200516225,0.00032278612674999996
1.3960621375,0.163907878,2.6124967325,0.00040917488125
1.3878193199999997,0.17147394275,2.627590775,0.000160221765
1.398077845,0.17015265300000001,2.6309928300000003,0.00015166377275
1.3947708575,0.1345523335,2.610824645,0.0001201170415
1.3788624375,0.14156939475000002,2.607234955,0.00012134331125000001
1.368903665,0.15662554675,2.6126198775000002,0.0001282471365
1.3755495825,0.14533546575,2.60263449,0.0001451788885
1.385508355,0.13027931375000001,2.5972495674999996,0.00013827506325
1.399962035,0.1430485025,2.61834097,0.0001240008495
1.3868947925,0.16037216425,2.622029125,0.0001502118045
1.375299275,0.16326081025,2.6194978349999998,0.0001408315855
1.3819451925,0.15197072925,2.6095124474999998,0.0001577633375
1.4083295425,0.11970739625000001,2.5999407774999996,0.000191161098
1.40070775,0.1553795375,2.6250312925,0.000129253576
1.3971533175,0.1590508745,2.6254311799999996,0.00014165381225
1.4135018875,0.1485687605,2.62082994,0.00015181299
1.3905778524999999,0.14881872375,2.6074513775,0.00024852981
1.3967260725,0.15329802775,2.6132354125,0.000254157472
1.4113821975,0.14295659575,2.612360775,0.00034493947875
1.4048649075,0.14636457325,2.6081683025,0.0004387259685
1.416859535,0.1302683985,2.6108098625,0.0001435827745
1.41406965,0.12590557525,2.604527235,0.00020446765325
1.41548556,0.13698726875,2.60903102,0.00034196198975
1.412695675,0.13262444550000002,2.6027483924999997,0.0004028468685
1.56460452,0.0717693921,2.5783867225000003,0.00075978481625
1.5622898925000002,0.06757563817500001,2.58204895,0.00069994715175
1.5671080950000003,0.064621899275,2.5876704425000003,0.000677307122
1.5691069949999998,0.058229332800000005,2.5852386325000003,0.0006686613197499999
1.5594524725,0.06339677237500001,2.5768889775000003,0.00067353481425
1.564196615,0.057592796175,2.5781568875,0.0006612416182499999
1.5718648425,0.07318790627499999,2.582037865,0.00074204641
1.5738807325,0.06800876277500001,2.5887113775,0.00068888644475
1.5755312125,0.076644958925,2.577062845,0.0007314947142499999
1.5823642875000001,0.055975833,2.5766299349999997,0.000734522473
1.5826743825,0.06413088460000001,2.5869142975,0.0006772307970000001
1.5801582025,0.056908394225000006,2.584531065,0.00068267600725
1.5665860175,0.0544744935,2.5728235225,0.0006967122900000001
1.5737024824999999,0.0541784689,2.5720041374999996,0.00075597845725
1.5459580124999999,0.031118557775,2.5903204075,0.00026525253275
1.5475707349999999,0.023557764250000002,2.5758460775,0.00025011093024999997
1.545608075,0.034511733775,2.5821378824999996,0.00028514726374999995
1.5476716475,0.03126122755,2.5765116225,0.00028662216575
1.550130215,0.016803398025,2.5828794250000002,0.00023208674275000001
1.5519325125,0.019941811925,2.5784036525,0.00025932309675
1.5424759375,0.020338438900000002,2.5734401350000002,0.00021023872625000001
1.50653866,0.31850595775,2.5847086900000003,0.0012088141080000001
1.5199348925000002,0.30657310024999995,2.5880914925000003,0.00099816326075
1.5200191150000002,0.30499107375,2.6017717124999997,0.0007388544765
1.5066827850000002,0.32089838375,2.6084015975000003,0.00070112751575
1.4949812,0.31268344800000003,2.615431785,0.000641912062
1.49684933,0.328591995,2.5966806425,0.000997131545
1.485147745,0.32037705925000004,2.60371083,0.00093791609125
1.4840525100000002,0.3046462015,2.5959422575,0.0012043472092499998
1.5033654575000002,0.291747704,2.61536163,0.00059430933475
1.514997035,0.29072494800000004,2.58189982,0.001429774172
1.5169369575,0.28715906274999997,2.60840708,0.000637219455
1.49260226,0.283108525,2.6145538100000003,0.0006123058775
1.413268715,0.282834113,2.6016545275,0.0013002331830000002
1.424822985,0.2719792055,2.6181048149999997,0.0007880410780000001
1.41229993,0.2737087685,2.613096475,0.00090654003075
1.4270236500000002,0.293916166,2.5995219925,0.0014668479855000003
1.4243396499999998,0.2591887975,2.6151009199999997,0.00081050274475
1.411816595,0.2609183605,2.61009258,0.0009290016975
1.4342224875,0.25347341975000004,2.6072139125,0.0012149584945
1.4362398675,0.25518845775,2.5852107975000003,0.005335267952500001
1.4487043025000002,0.25606090575,2.5903480625,0.0036170227675000003
1.4329045125,0.260571614,2.57295346,0.0172911232525
1.4006204625,0.2401019,2.5955341475,0.00229613827875
1.4061376175,0.24521249900000003,2.5866789825,0.0042965656325
1.4065503474999999,0.24330765775,2.604346395,0.001401129571
1.4152787325,0.25310931375,2.600349365,0.00165800205975
1.4146909125,0.25541879625,2.59000635,0.0036650623075000005
1.4119441499999998,0.23035549,2.604393065,0.0016218840460000001
1.406014265,0.22714973224999999,2.5955808175,0.00251689275375
1.4277989850000001,0.246997729,2.5999379725,0.00190655985975
1.4272111650000001,0.24930721150000001,2.5895949575,0.003913620107500001
1.45979008,0.23433079575000001,2.605959055,0.0017398549239999999
1.458229065,0.239077702,2.5921485399999997,0.00517570644
1.4611426600000001,0.24123798675000002,2.6004182074999997,0.00201878015575
1.4001006200000001,0.19150518625,2.6093938925,0.00095366655225
1.4020385450000001,0.201338727,2.61393529,0.00085941053775
1.4082616575,0.20647807775000002,2.6077530374999998,0.0012729462615
1.4154841,0.1848588325,2.62256062,0.00052321665825
1.4102862474999998,0.18068818,2.6163489825,0.0006483650355
1.4082916075,0.1989781335,2.6231285325,0.00047968037650000003
1.4079421449999998,0.189636521,2.6248874649999996,0.00042892894225
1.4027442925,0.1854658685,2.6186758274999997,0.0005540773195
1.4567574250000002,0.22291577224999998,2.6283430475,0.00041703828525000005
1.4503120175,0.21772770200000002,2.6352961075,0.00029941124349999997
1.46342954,0.20512753699999997,2.6407973174999997,0.0002341160905
1.45513168,0.20837743925000002,2.6425349124999995,0.000234552437
1.4534208775,0.2003138325,2.64142692,0.00022615042299999998
1.4564528449999998,0.192396678,2.6302728650000002,0.00036580481149999997
1.449852525,0.19731609525000002,2.6369735,0.00023875095175000002
1.4502773875,0.25200596075000004,2.6532405025,0.00022988593999999997
1.4625994850000001,0.24829724425,2.659463585,0.00019562117824999998
1.4512699850000002,0.24294288449999998,2.670214415,0.00014865891175000001
1.44500491,0.2431552485,2.64434451,0.000269670163
1.4663599124999998,0.237928219,2.6537724750000002,0.000198913669
1.4295127125,0.24848460025,2.665759445,0.00017874968925
1.436697425,0.2511864415,2.6707739824999996,0.00015984719525
1.4402222049999998,0.2574579975,2.6612223399999997,0.0002036436635
1.4559500499999998,0.23548806449999998,2.6436679375,0.00025406015975
1.4490818074999998,0.22392437225,2.644820155,0.00022731869074999999
1.431081295,0.23961030325000002,2.646074595,0.000253003749
1.4320177724999998,0.22712941475,2.6460276250000003,0.00022942807825
1.46528709,0.22334628150000002,2.6583290125000003,0.00015177079325
1.45390147,0.2145741095,2.6520589599999997,0.00016245988425
1.4256442800000002,0.23948761825,2.6595076925,0.00018832555175
1.4265807575,0.22700672975,2.6594607225,0.000164749881
1.4508171699999999,0.2247419095,2.6685572275,0.00012358432825
1.43943155,0.2159697375,2.662287175,0.00013427341925
1.4993424700000002,0.15892841300000002,2.6205620775,0.00011172542875
1.4940862050000001,0.15510094175,2.6207196125,0.00010827017675
1.505735515,0.16227220750000002,2.6240370874999996,0.00011588947575
1.4981208725000001,0.150837697,2.626279295,0.00011101997750000001
1.5087403925,0.1540267505,2.6286623474999997,0.00011423711124999999
1.4851831475000001,0.155645795,2.6280005575,0.000130558865
1.5105765150000001,0.17228633175,2.63375032,0.00013538751975
1.515516815,0.15545649075,2.6344914425,0.00011841568824999998
1.4797602275000001,0.16685111425,2.6380277875,0.000128906293
1.4714382875,0.1791687495,2.636027815,0.000145768556
1.494534075,0.1803025975,2.6413944975,0.000130517814
1.480140805,0.18600105125,2.636909965,0.00014384250075
1.4994743750000001,0.16347275649999998,2.64213562,0.0001135459825
1.461193175,0.17303292825,2.57991719,0.20733974125000001
1.4679436675,0.16746901725,2.5939643375,0.0501448414875
1.4662603725,0.16440780100000002,2.5876455275,0.11782656248000001
1.46452710125,0.1633750405,2.58185970375,0.19605453874
1.451367795,0.1341559665,2.6051612499999997,0.00049398016075
1.4455157225000002,0.13687252625,2.604860305,0.00066434348525
1.457416295,0.1427696795,2.59223497,0.07055867163525001
1.4589588625,0.14610205575000001,2.5773637899999997,0.175242873317625
1.4541701075,0.13799947875,2.59207821,0.07043475914500001
1.4573357687500001,0.143716955375,2.57728541,0.17518091707250003
1.4548704325,0.1471485085,2.5838786975,0.13986874603675
1.45938736,0.13203818725,2.61392945,0.00012936894575
1.4522560224999999,0.135302715,2.616586745,0.00013778100950000003
1.4491989024999998,0.14982008924999998,2.623556735,0.00014648108475000002
1.4650863699999999,0.13724524175,2.610960245,0.0001763052695
1.45947176,0.13537054525,2.6126927725,0.00016842893625
1.4704389875,0.140953295,2.6140406725,0.00013699675775000002
1.4748886524999998,0.1259511075,2.6199708575000002,0.00011724432450000002
1.467757315,0.12921563525,2.6226281525,0.00012565638825000003
1.4591304674999999,0.15125759675,2.6224144124999995,0.0001387764625
1.4635394225,0.13805479175,2.6279523975,0.00012759171475000002
1.4694479425,0.14760376525000002,2.6132231375,0.0002161701105
1.464994105,0.15140728650000002,2.61660141,0.000215058526
1.4738980524999998,0.14505722725,2.6261764774999996,0.00011963492225
1.480752735,0.13855644675,2.62118101,0.00011674363300000001
1.48173213,0.1350743135,2.6312778,0.00012168998000000001
1.4885868125,0.128573533,2.6262823324999998,0.00011879869075000001
1.4630301,0.14129912125,2.60817659,0.00037436106849999997
1.464591445,0.1469556095,2.60892451,0.00041351846799999995
1.4440382125000002,0.1425225585,2.61345136,0.000394634124
1.44649905,0.14149455724999999,2.6073610775000002,0.0006467452575000001
1.4505736825,0.14154680075,2.6164758800000003,0.00019337012774999998
1.4517344549999998,0.1472250185,2.618121625,0.0002001348765
1.4523511225,0.1387779975,2.6076620225,0.00047638193299999996
1.45516184,0.14202567575,2.60430348,0.0006595506115
1.45515263,0.13927625500000002,2.61225313,0.00022497401725
1.4579633475,0.14252393325,2.6088945875,0.00040814269575
1.4578747475,0.150610961,2.614646795,0.0002708961655
1.4595246925,0.1481804215,2.6096425075000003,0.00044730009525000003
1.443753005,0.16009399275,2.6234876524999997,0.00024167771725000002
1.4443074475,0.15344194675,2.6233079449999996,0.00019809990775
1.4468429999999999,0.150846876,2.617872835,0.00025175369950000004
1.4421447525,0.14807299875,2.6137858025000003,0.00044048110800000006
1.4599317900000002,0.18070174374999998,2.6078299275,0.00370563790875
1.450778395,0.167748168,2.6220200050000004,0.00045440697899999996
1.446599395,0.16382322075,2.6185699099999997,0.00049373286775
1.4904361074999999,0.199547909,2.5953450824999997,0.00692445558825
1.5301489825,0.169511676,2.621780515,0.000158770241
1.53132087,0.165906135,2.63092178,0.0001445955915
1.5374264725,0.17826011025,2.620900335,0.00016666894599999998
1.5350134075,0.180995129,2.616454305,0.00016161578625
1.5372624700000002,0.17288250850000003,2.619042935,0.00017428870350000002
1.5232177675000003,0.17106196675,2.61706543,0.000148298381
1.5382376325,0.176957272,2.63184452,0.00014436442324999998
1.5372297475,0.18594041475,2.6245606550000002,0.00015091931525
1.5281924900000001,0.17804265400000002,2.63459867,0.00012382187025
1.5351092525,0.189093791,2.63552141,0.000123590702
1.5341013675000001,0.19807693375000002,2.628237545,0.00013014559399999998
1.5245404850000002,0.197705444,2.6257748000000003,0.00015881673975
1.5153134475,0.16908270125,2.619096875,0.00013223851975
1.5145367399999998,0.19893296075000003,2.6298329825,0.000165696103
1.51718086,0.18825331350000002,2.6313729875,0.0001372561255
1.5389580725,0.094796508575,2.6319539525,0.00036725059175
1.53795868,0.09247210065,2.6375066625,0.00032381122575
1.546313495,0.100778527425,2.6505295049999997,0.00031039291574999997
1.5394207224999998,0.097434340025,2.64999187,0.00027196644424999996
1.5488005,0.09552257500000001,2.6442055699999996,0.00036211257975
1.5419077275,0.09217838760000001,2.643667935,0.00032368610825
1.5258643625000001,0.11103012599999999,2.6442921175,0.00019385120524999998
1.534882155,0.10153987635,2.6466482875,0.00025509017725
1.5218521050000002,0.10954858549999999,2.6372172249999997,0.0001954698765
1.5328882,0.096157372075,2.64009863,0.00027057792975
1.5293391325,0.099666629,2.63162452,0.000288503561
1.5338875925,0.09848177999999999,2.63454592,0.00031401729575
1.5000232150000001,0.14162563549999999,2.6077720500000003,0.00015979351875
1.4940167949999998,0.14100591475,2.5922259074999996,0.07012989984525
1.4834290275,0.143775893375,2.57212930875,0.175056888922625
1.4820987575000002,0.12785408275,2.6122887725000004,0.00011782418025
1.4957969174999999,0.13047650825,2.6186002475,0.00011937854649999999
1.489356785,0.136945553,2.619619605,0.00010845693575
1.4872348,0.13827984424999998,2.576893805,0.14007736209725
1.4772576675,0.13710837074999999,2.5789113625,0.14004420537475
1.482840955,0.12907541175,2.5942013275,0.07008692353500001
1.4736005950000002,0.13084242125,2.5937057125000003,0.07007529448275
1.4984881875,0.13275272975,2.5902115099999996,0.07017020788350001
1.50698635,0.12976439125,2.6087945699999997,0.00021273758100000002
1.4977514150000002,0.12981424675,2.5927246825,0.07014868021325
1.492447465,0.149341587,2.60491258,0.00026736110525000004
1.4895757150000002,0.1448301525,2.6125020375,0.00011885740800000001
1.4942996800000001,0.14407551675,2.6082317225,0.00013978706925000002
1.4779712275,0.14749839925000002,2.608451725,0.0002969989275
1.48696941,0.1519508175,2.5927898899999997,0.07011506943175
1.480962065,0.15570624724999999,2.579258205,0.174804677715875
1.4808548675,0.1536619515,2.5926722900000003,0.07024939950725
1.47790479375,0.15656181425,2.5791994050000002,0.174871842753625
1.4765615775,0.14183986575000002,2.6113246675,0.00014103174925
1.4825490125,0.14028285825,2.6120790225,0.00011909687975000001
1.48829326,0.143455796,2.59268558,0.07010989339575001
1.48056726,0.145000834,2.572359145,0.17504688569787502
1.48310685,0.14948843050000002,2.58138919,0.13995653366625
1.473106325,0.14744607750000002,2.5944285999999996,0.07025195759075
1.4668038775,0.14844025475,2.578460605,0.175089516295375
1.47390735,0.1519217045,2.5838865650000002,0.14007666299174998
1.4747816325,0.141065404,2.5946865675,0.0701101911625
1.47381144625,0.143805638,2.5733596387500004,0.17504703458125
1.4807690675,0.1395083965,2.5954409225,0.07008825629300001
1.47680516375,0.14302713425,2.5737368162500003,0.17503606714650002
1.4727169575,0.14571511750000002,2.582178415,0.14006585726725002
1.4735179825000002,0.1501907445,2.57163638,0.20989056266825
1.4796462512500002,0.14775587075000002,2.58896503,0.10502378717062501
1.5410741875,0.11322994925,2.5724872949999997,0.0008477842492500001
1.548603685,0.11865518049999998,2.5756263125,0.0006861900034999999
1.5422220525,0.1182339695,2.5747767675,0.00079274844
1.5529098225,0.11371182100000002,2.5736352799999995,0.0006777650267500001
1.5302726325,0.1208760925,2.5845744625,0.00078254249825
1.5337811399999999,0.12216898425000002,2.581222295,0.00080458374575
1.53847119,0.11781418325,2.5804947025000002,0.00080832003725
1.537323325,0.112810163,2.57820523,0.0008633558465
1.5297002475,0.11391133425,2.59578717,0.0006503962067500001
1.5320608900000001,0.11020020575,2.59014553,0.0007274732635
1.53163269,0.116875857,2.5783346325,0.00086942203075
1.5339933325000001,0.1131647285,2.5726929925,0.0009464990875
1.5230110275,0.11790652,2.600054685,0.000519749163
1.5253716700000002,0.1141953915,2.5944130449999996,0.0005968262197499999
1.5015856025,0.110382258825,2.59132338,0.000427229452
1.5039462449999998,0.106671130325,2.58568174,0.0005043065087500001
1.5248040875,0.13606766625,2.587104855,0.00064557933375
1.5280967375,0.13430965325000002,2.58999872,0.00062578881625
1.5237371925,0.14055819825,2.589937745,0.00056519585625
1.5270298425,0.13880018525,2.59283161,0.00054540533875
1.524369805,0.13750688,2.5991317025,0.00047059515749999994
1.5230234575000001,0.12659923175,2.5953741675,0.0005632582760000001
1.5269500925000001,0.12915708875,2.59293586,0.0006241679365
1.5156174574999999,0.14006116275,2.5975039575,0.00039717506624999994
1.51854798,0.14160601825,2.59238392,0.0005074311627499999
1.5181466325000001,0.1377200375,2.6013578749999997,0.00038012957849999996
1.5167590075000001,0.13233386549999998,2.6035765399999997,0.00036030565725
1.5100592675,0.13743353649999998,2.5791383375,0.07048274644574999
1.5043961399999999,0.1322867965,2.5863456124999997,0.0702715154505
1.5091471975000001,0.130411422,2.5815061925,0.07040127876775
1.5029764450000003,0.14020210525,2.5864049175,0.07028450535875
1.5059069675,0.14174696074999998,2.58128488,0.07039476145524999
1.4931427525000003,0.13781391099999998,2.5730279075,0.14017866966425
1.4462580375,0.17634424575,2.5794876825,0.16136282859999998
1.45228672,0.1773510055,2.5753311525,0.20310206325
1.456189245,0.171798274,2.5766254650000002,0.22182000425
1.3912927524999998,0.18634742875,2.59621191,0.00296170699475
1.3880188775,0.17739103,2.597139895,0.0026432127625
1.39214757,0.28533957175,2.5822224625,0.0037957394625
1.3843883575,0.27345267700000003,2.57859558,0.004325355255
1.397951395,0.26216726025000003,2.5767577299999997,0.0060780381
1.4089218375,0.278745212,2.5852427475,0.0038048674425
1.4108365175,0.26626419300000004,2.5827772025,0.005470027620000001
1.554077715,0.2282996885,2.5715711125,0.00092326245875
1.582754345,0.1995714155,2.5728495125000004,0.00036077233750000004
1.5780408375,0.18914455149999998,2.5738897325,0.000308236671
1.5301392675,0.147906326,2.5888652775,0.000461960939
1.53519872,0.1501447635,2.584371385,0.00045397126825
1.53178382,0.14310954525,2.5923125725,0.0005350979989999999
1.545356335,0.157659199,2.5974791625,0.000354495016
1.5453649774999998,0.157296624,2.5898705699999995,0.000370503367
1.5377522725,0.142508164,2.5887967325,0.0005431663885000001
1.540272715,0.14757491650000001,2.5845224824999997,0.0004940909785
1.546063485,0.15055664625,2.5864469375,0.0004217702735
1.54193461,0.1419124305,2.5936059925,0.00050290767825
1.5472901775,0.1464975475,2.5926175675,0.0004396644145
1.5463725350000002,0.14969994125,2.5992481075,0.00040759800324999994
1.502500535,0.1553874275,2.6000769125,0.00037065435375
1.5064477625000001,0.15936880550000002,2.5978973499999998,0.00036909696775
1.5058090975,0.14983249075,2.5983075475,0.000343984251
1.5097563250000001,0.15381386875,2.596127985,0.000342426865
1.4966558225,0.15672020600000003,2.5977411275,0.00047776492275
1.5100894550000001,0.154473439,2.5897377725,0.0005279941577500001
1.494590255,0.1617934815,2.594203055,0.0019454469572500002
1.4909371425,0.15471227075,2.5889825225,0.0702236286255
1.48294593125,0.15708697387499998,2.57735452125,0.17485895731274997
1.50816676,0.15962372725,2.585981965,0.00192057854575
1.4983606075,0.1641633325,2.58945924,0.00328456377425
1.5043734025000002,0.16307143500000001,2.59081775,0.0018153243537499999
1.503377855,0.15234715124999998,2.57955551,0.07046939204575
1.4888715750000001,0.15978554625,2.58544445,0.07169131066
1.4819131475,0.159623611625,2.575585485,0.17559279833
1.4870745825,0.15224988375,2.5775818225,0.14006509286000002
1.49297783,0.155235892,2.57814210375,0.10529809090499999
1.496101825,0.14870288225,2.5845710625,0.0702925590545
1.4933374525,0.1505579725,2.5722092375,0.14023239955650002
1.582544355,0.11692650825,2.5771437875,0.00031773329825
1.5840049675,0.124896439,2.5792343,0.00025247636574999996
1.587780475,0.12960316075,2.572170195,0.00021614342775
1.5770852575000003,0.12856811499999998,2.5740010725,0.00026518247974999996
1.5893978475,0.1101015174,2.5757310975,0.00032628088225
1.5970607399999999,0.11104908765,2.5732029075,0.0002808068165
1.5731638374999999,0.11705887525000001,2.5750482675,0.00039204661875000003
1.57075903,0.124849884,2.5730167625,0.0003424251335
1.5222970550000001,0.111989840625,2.6489241125,0.00014918007575000003
1.5021605800000002,0.132817711375,2.6492541425,0.00011681319650000001
1.5096352100000001,0.128745943075,2.66433984,0.00011706262725000001
1.5363492374999999,0.09842027719999999,2.6739409575,0.00016358138775000001
1.4842445275,0.139034442375,2.6482669125,0.00011719415675000001
1.4917191575,0.134962674075,2.66335261,0.00011744358750000002
1.5269783725,0.118520136625,2.6501460674999997,0.0001670246875
1.5261659925,0.105214593875,2.65042162,0.0001765778635
1.4797358824999998,0.126391615625,2.639382005,0.000126551351
1.4817724824999998,0.11835218589999999,2.6437886375,0.0001260477075
1.49926147,0.10657052689999999,2.645409465,0.0001259189175
1.5377345675,0.120501342875,2.6604710825,0.00017778788624999998
1.54052788,0.109899278575,2.674334825,0.00016019270525
1.531282155,0.125705908625,2.6552416075,0.00014887646650000002
1.5340754675000001,0.11510384432500001,2.6691053499999997,0.00013128128550000002
1.5311596375,0.100198389975,2.652177335,0.00020461094025000002
1.5377091775,0.09717619042499999,2.6630627524999997,0.00020735384150000002
1.5356982049999999,0.09609285364999999,2.6555209175,0.00022148720725000001
1.5538495175,0.0964991003,2.6787130224999998,0.0002214998675
1.5490635325,0.09450461149999999,2.6866929525,0.00017723908775000002
1.5596288125,0.092828867875,2.6928696025,0.0001837853615
1.564064055,0.096223782725,2.67652279,0.00025383177125
1.5693733374999999,0.09269245147499999,2.6848912225,0.0002297675455
1.5688603225,0.10638374455,2.6761242149999998,0.00024951204975000004
1.5741696049999998,0.1028524133,2.6844926475,0.000225447824
1.5484574725,0.109183568325,2.685341715,0.00015874413825
1.5620172024999999,0.124087395,2.6772208225,0.00020675081025
1.5630945575,0.11446398125,2.6746351725,0.00024074999225
1.576736985,0.11055860475000001,2.6951975224999996,0.00018446198725000003
1.5676260275,0.1034596972,2.69963914,0.0001600251615
1.565751075,0.13064122350000001,2.6850638399999998,0.000170415795
1.5743543500000001,0.12659309600000002,2.693184615,0.0001651505445
1.5566401175000002,0.12354231595,2.6895054575,0.00014597896925
1.5652433925000002,0.11949418845,2.6976262324999998,0.00014071371875
1.5523110925,0.12142061800000001,2.67117262,0.00021072380325
1.54786232,0.113615698875,2.6748518949999998,0.00018715395699999999
1.5533884475000002,0.11179720425,2.66858697,0.00024472298525
1.548939675,0.103992285125,2.672266245,0.000221153139
1.5201858575,0.1528311,2.622262775,0.00017332553775
1.5272733575000002,0.15059049075,2.6230607624999998,0.00022236695625
1.517493665,0.14999719325,2.6169781074999996,0.00019069301375
1.5202424525,0.14579210050000002,2.6134834275,0.000246713247
1.5217173675,0.14317173125,2.63314849,0.00015645541875
1.5167580225,0.1473958045,2.6279484025,0.000137717636
1.5277886975000001,0.14979091275,2.63563305,0.000159992995
1.5318127275000002,0.1451327055,2.635171175,0.00020697916649999997
1.5299168525000002,0.15177437675,2.63123095,0.00019029663074999998
1.5261009625,0.1444131025,2.6070736625,0.00035997763175
1.5278120625,0.1396520735,2.6025328625,0.0004454817025
1.54094872,0.14522522325,2.61183661,0.000383323597
1.535490485,0.1489785985,2.61448103,0.00032900079525
1.54090193,0.14695965875,2.60361224,0.00042424166174999996
1.53839013,0.14153033125,2.6002778975,0.00048932542275
1.5299388775,0.1455025525,2.618294715,0.00029546507725
1.525600165,0.143538069,2.6140020475,0.000302443892
1.532103985,0.1433509925,2.59860116,0.0004794209525
1.5220403675,0.10258596019999999,2.6194941425,0.00029281462775
1.52406147,0.114562124,2.6138712775,0.00036543512775
1.5240289575,0.107890159,2.6188066025000003,0.00032565971575
1.5247292225,0.10978827075,2.6128860124999997,0.0003862642445
1.5164465599999999,0.119979633,2.61237866,0.0002821348645
1.5164024225000001,0.11787486999999999,2.6103617574999998,0.00030716774574999996
1.5214079900000002,0.11724269749999999,2.610099735,0.000364150761
1.4771772925,0.106456652325,2.60131109,0.00015325801
1.4969051174999999,0.107446204825,2.6016525649999998,0.0002455803425
1.4867253,0.0930890999,2.5837202675,0.00023389179125
1.5257316525,0.10830619,2.6071479925,0.00046454333274999996
1.509878515,0.099355110825,2.5904629825,0.0003750426495
1.5211769925,0.116043862,2.6191997525,0.000287922616
1.5154902025,0.118556967,2.6177292475,0.0002355546605
1.5157989549999997,0.119703682,2.6351276025,0.00015116410575
1.522531955,0.11401833974999999,2.62863201,0.00024292870525
1.52043259,0.11204098724999999,2.62310344,0.0002523509685
1.5110134775000001,0.1210495325,2.6291649925,0.0001374448985
1.5182391100000001,0.11301757574999999,2.6332821849999997,0.00018169419675
1.539895445,0.13731410724999998,2.6145280575,0.00040997734349999994
1.54608646,0.13414689525,2.61749792,0.00041352515125
1.5485236325,0.12871045975,2.61351633,0.000472289976
1.52578333,0.12133556599999999,2.6032092000000002,0.00049419386775
1.5254108,0.12152724525,2.6076622625,0.00043172707225
1.52422455,0.126497468,2.6007233275,0.00050268507025
1.528151185,0.129055325,2.59828502,0.00056359473075
1.524314075,0.12729958824999998,2.608589055,0.000395971685
1.5227111575,0.13035672725,2.60408628,0.00042949576875
1.5266377925,0.13291458425000002,2.6016479725000003,0.00049040542925
1.5300800500000002,0.13505977775,2.6050491325000005,0.00046529197424999996
1.5369224250000002,0.1357573495,2.6035583,0.00049984344525
1.5421766325000001,0.1282688565,2.6099066724999997,0.000494066306
1.53838095,0.133275561,2.60958409,0.00046141343075
1.529186845,0.11517123500000001,2.6122363825,0.00044304686175
1.5326438850000002,0.11815170750000001,2.6158017525,0.0004345942
1.5301889775,0.11864568475000001,2.608762445,0.00048139668800000005
1.5298545975,0.11039738175000001,2.6112511175,0.00046387597850000003
1.5336460175000002,0.12162615725,2.612327815,0.00047294402625000005
1.53928104,0.12182178525000001,2.6115487825,0.0005140075302500001
1.5308570275,0.108915301,2.6055130975,0.0005421550667500001
1.5305615075,0.1184540055,2.6043093825000003,0.0005438634835
1.53565109,0.10514069164999999,2.6071020375,0.0005669936
1.53228015,0.10692865227500001,2.6158537275,0.00044446597175000003
1.5363488525,0.102930212425,2.6136932375,0.0004989524459999999
1.540224135,0.1055062599,2.60399449,0.0006252794702499999
1.5453586275000002,0.10608094565,2.60750562,0.0005996856927499999
1.5234848275,0.18411086124999998,2.5897159575,0.0007485828575000001
1.5251565575,0.18669461075,2.58425796,0.00098904247025
1.5303888925,0.17874177175,2.5918675675,0.00043561339049999996
1.5320606225,0.18132552124999998,2.58640957,0.00067607300325
1.52918318,0.17008033775,2.58883071,0.00043315613225
1.5210609449999999,0.18667361875,2.57856798,0.00448827672525
1.5153158924999999,0.18530011925,2.5796190475,0.006926700612749999
1.5340358025,0.1649320015,2.584567785,0.00047554004425
1.5306444175,0.16876392825,2.5789710274999997,0.00070882459125
1.535019905,0.172934059,2.5825457574999997,0.000697677395
1.5217233600000002,0.16808388775,2.5880121000000003,0.00041389780375
1.52837038,0.17404018724999998,2.5746486775,0.000962116807
1.5189159200000002,0.16262723525,2.5844903,0.0005885941682500001
1.51174748,0.17229885250000002,2.5828299525,0.0045098154997499995
1.5155755875,0.1713377575,2.5977408300000002,0.000322522381
1.5089747900000001,0.16932881275,2.5990548149999997,0.00039196455350000003
1.5177566125,0.18177028375,2.5897187575,0.0008467056070000001
1.51368329,0.18298053375,2.5853118275,0.0035255891072499997
1.5172008575,0.17440474425,2.5910517575,0.0005144778115
1.513127535,0.17561499425,2.5866448275,0.0031933613117499995
1.5061853225,0.16876458025,2.591531635,0.00184468013625
1.5087127974999999,0.17198377499999998,2.58581072,0.004454121464
1.4778844100000001,0.20491016275,2.6338639875,0.0002486308875
1.47903329,0.19377254325,2.6303384325,0.00024058153575000002
1.48494637,0.19526684275000003,2.62305719,0.00039997793650000003
1.4675851450000001,0.206765875,2.63144374,0.0003133574935
1.4710944275000002,0.19066483525,2.626534105,0.00036760951125
1.4657326925,0.2152038475,2.626228275,0.00043142088175
1.4634390475,0.2103854305,2.6175553225000003,0.00071093855525
1.4641768025,0.19703275325,2.6253727075000004,0.00043244568575
1.4635939599999999,0.20027794299999999,2.6178077475,0.00072036537325
1.4748675800000002,0.18664098525,2.62003881,0.00045289293499999994
1.4824782,0.18980479974999998,2.6177206075,0.0004847991295
1.5004782099999998,0.20883234950000001,2.61165124,0.0006511322822500001
1.5051302925,0.22997127875,2.6155822875,0.00044405883799999995
1.50793791,0.22108650975,2.6196708675,0.0003407251095
1.507600845,0.216187954,2.611377595,0.0005559431625
1.5011435175,0.21367479875,2.6260670425,0.00027698005925
1.4966334425,0.20596301925000002,2.620814085,0.00041678285550000003
1.4985352175000002,0.234288253,2.6219043725,0.0004116149865
1.4899349825000001,0.23702298849999998,2.6173059325,0.00052498604775
1.4873907275,0.20493797575,2.6206446899999998,0.00046271457525
1.4921577575000002,0.23057205225,2.6311432124999996,0.000303338649
1.4835575225,0.23330678774999997,2.6265447725,0.00041670971025
1.4805665625,0.20674497249999998,2.6142384424999996,0.000750172032
1.48318845,0.211507283,2.629033925,0.00031172018850000004
1.4752644300000002,0.228577882,2.6225621099999996,0.0005030096689999999
1.4750946749999998,0.21850706250000002,2.6249771725,0.000429321346
1.4728010299999998,0.2136886455,2.61630422,0.0007088390195
1.4946717625,0.22395814949999998,2.6356956374999996,0.00026217213225
1.4904899299999999,0.21619026349999998,2.6365652099999997,0.00024304075849999998
1.4992022825,0.21733273575,2.6334289324999998,0.000254232349
1.56097004,0.08999217102500001,2.6315759425,0.00046551742
1.5582217000000003,0.095030814175,2.63701749,0.00043327635675
1.5691496150000002,0.09241156080000001,2.633228125,0.00045055578099999997
1.566401275,0.09745020395000001,2.6386696725,0.00041831471775
1.5529061575,0.09975657032500002,2.6365804675,0.0004119354345
1.56290239,0.107877449975,2.6125901925,0.00051960669225
1.5733593725000001,0.1128845531,2.6317297225000003,0.000382645536
1.5679539475000002,0.1086039466,2.6381607075,0.0003973731875
1.5674552925,0.1202775705,2.6272911425,0.00039503626625
1.56093478,0.11567145575,2.616726935,0.00047917870675
1.567796855,0.11818667675,2.619466365,0.00041699078425
1.541009515,0.23639653624999998,2.60386777,0.0004342637695
1.538671195,0.22591312225,2.602205455,0.00041574409275
1.53547725,0.22158302375,2.6099583500000003,0.00032849450525
1.5336329625,0.228991706,2.620927335,0.00027871420025
1.5369285925,0.23861522225,2.616662205,0.0003458819265
1.5488195125000002,0.2222774475,2.601988195,0.00035929353575
1.5456255675000001,0.217947349,2.6097410900000004,0.00027204394825
1.5590428125,0.23066100475,2.6063670525,0.00032634543125
1.555561215,0.2404040395,2.6050592674999997,0.00039464100725
1.548718215,0.21674002725000002,2.618903815,0.00019918480225
1.5408999325000001,0.21576037274999998,2.6277245875,0.00017691014175
1.5400129550000001,0.22230915725,2.6327661275,0.00017577788625
1.5359629975,0.22437637675,2.6295308475,0.00019998898275
1.5609284950000002,0.217356667,2.6223852025,0.00017655382375
1.5680591475,0.226947546,2.6176013350000003,0.00021646486525
1.546913265,0.22742104525,2.6367773999999997,0.00017382089575
1.5600105225,0.22148890050000003,2.6352172475,0.00015232217275
1.567141175,0.23107977949999997,2.63043338,0.00019223321425
1.5329407449999999,0.26050077,2.63655156,0.00028796361224999996
1.5370271500000001,0.257970754,2.621510805,0.000364533189
1.5301928525,0.275501199,2.63315016,0.00034578711725000003
1.530911535,0.280657634,2.6156765225000003,0.00049723339925
1.5378420350000002,0.26873193675,2.6097712525000003,0.000507709876
1.55634275,0.2588199005,2.6517288074999996,0.000191603469
1.543824165,0.25223195175,2.6465645424999997,0.000205889368
1.5422265225,0.2913248835,2.611103475,0.0005360437864999999
1.5367293675,0.28563046449999996,2.6436758625,0.0002893605925
1.54859963,0.24413182574999998,2.6355476374999998,0.000223786372
1.5656460549999998,0.283675626,2.6439976099999996,0.00024329137150000003
1.551995845,0.27721798425,2.6522415275,0.0002172511885
1.575314315,0.26878848675,2.6320616025000003,0.00025870309775000004
1.5581035925,0.250717502,2.61481768,0.0003331457995
1.546036005,0.249742627,2.6214078075,0.000316313599
1.5564598725,0.28362631775,2.6007776275000003,0.0005857070575
1.55346468,0.27030105125,2.6012238275,0.0005573496529999999
1.5603052699999997,0.29348767550000004,2.629080475,0.00035423465675
1.543810965,0.296425715,2.6281889075000002,0.00039428757375
1.5693913999999998,0.28492752450000003,2.6100073475,0.00046030095850000004
1.568314135,0.25419002775,2.6394045950000002,0.0002167052645
1.5606672175,0.24510670075000002,2.6289575099999998,0.0002406185725
1.5742811875,0.26950240125,2.61317009,0.00038047577275
1.5647173825,0.26051474350000003,2.6063732525,0.0004310051664999999
1.526481925,0.0974616445,2.5743956575,0.0006766701115000001
1.512044905,0.09365121089999999,2.5785042049999998,0.000494824746
1.586875345,0.06278865135,2.574225545,0.0007369112134999999
1.589084535,0.082645146175,2.5780123475,0.0005868364749999999
1.58711138,0.06809346565,2.580156325,0.0006899663712499999
1.5819841000000001,0.07542839647499999,2.576978385,0.0006910703232499999
1.6024233975,0.069807693375,2.5755491275,0.00061070051
1.6025989050000002,0.0789813865,2.5746061825,0.00054297574375
1.5969167025000002,0.07108629867499999,2.5837187175,0.00059878298625
1.59709221,0.0802599918,2.5827757725000002,0.00053105822
1.4724368475,0.30668388325,2.57848084,0.00247101419
1.496120215,0.30950079125,2.5757929675,0.0022119974167500002
1.4853356500000001,0.30385597075,2.5799963475000003,0.00226674597175
1.502708675,0.2945233585,2.5729084600000003,0.0024492628142499997
1.49192411,0.28887853799999996,2.57711184,0.00250401136925
1.3606891925,0.17328989875,2.5967563975,0.000512660211
1.3720342225,0.17229401700000002,2.5975916375,0.00059734388825
1.3567636,0.16293369600000002,2.59499204,0.00043001142600000003
1.3814158449999998,0.17608529325,2.59067875,0.0027759914065
1.5801520949999999,0.00337216445,2.6024070375,0.00032950250875
1.587363335,0.0049903756,2.6111263025,0.000348783753
1.5825000425,0.00836254005,2.6068137875,0.000350217895
1.58184609,0.00826964155,2.6158505075000003,0.00032989036125
1.5769827975,0.011641806000000001,2.6115379924999997,0.00033132450325
1.5706084075,0.0066514304,2.6096974,0.000288263498
1.5722753699999998,0.00337216445,2.60336691,0.00029527123475
1.5782383975,0.00327926595,2.6205887175000004,0.00029468067075
1.6005039525,0.004213615775,2.5923914325,0.00040606494425
1.6059227875,0.0097524235,2.5874819775,0.00044309416975
1.61495155,0.005538807725,2.58117998,0.00043604052175
1.599025815,0.014702362475000001,2.5792939675,0.000487361991
1.5871891075000002,0.0078574519,2.5851139425,0.00041038445500000005
1.5900872650000002,0.004213615775,2.59117365,0.000391162408
1.5842570075000002,0.003643836125,2.5720984325000003,0.00040132318825
1.5907088225000001,0.012807390875000001,2.578143715,0.0004695548125
1.5826719100000002,0.003643836125,2.5810359125,0.00038172554199999997
1.5561600924999999,0.0046310909,2.61388731,0.00022070018149999998
1.5619902625,0.00791035685,2.615336895,0.000245919662
1.5691446375,0.00327926595,2.62128806,0.00026358242375
1.56637794,0.00327926595,2.6147092575,0.00025573110900000003
1.5518507075,0.007940970125,2.6180173175,0.00021151934175
1.5522903825,0.011833319424999999,2.6226003774999995,0.000212814113
1.5496026274999999,0.0038923493,2.6308027525,0.00018531265225
1.547441155,0.003309879225,2.62110478,0.000189270613
1.54788083,0.007202228525,2.62568784,0.00019056538425
1.5721383075,0.071123533875,2.688990415,0.0002274575855
1.570938735,0.0787201971,2.672172905,0.00028672251575
1.574831245,0.082281280325,2.6822055574999997,0.00025215805725000004
1.58284673,0.06463453265,2.693893255,0.00021344564075
1.584715455,0.055430605075,2.6878564974999994,0.00023023906025000003
1.5797039575,0.077554011725,2.6661271475,0.00030658882299999996
1.5927266475000001,0.0722817052,2.6894935374999998,0.00021171648375000002
1.5945953725000002,0.063077777625,2.68345678,0.00022850990325000003
1.590432705,0.0790049471,2.6701780575000003,0.00027138036575000005
1.5874480599999998,0.0816953443,2.68065536,0.00024295406525000002
1.5926521725000002,0.068400593475,2.6725081825,0.00026238815525000004
1.5935472874999999,0.058864919475,2.6645574,0.00029293553225
1.5990114850000001,0.06469440832500001,2.657025935,0.0002935105875
1.600859765,0.05622994247499999,2.6529209025,0.00030384397525000004
1.59469262,0.046286980625,2.656952025,0.0003091239485
1.59172842,0.0482379161,2.6654976025,0.00028715767975
1.59666786,0.06827711222499999,2.6473116875000002,0.00033818547675
1.59851614,0.059812646375,2.643206655,0.00034851886450000004
1.5890525625,0.0685948944,2.6456915750000003,0.00037875181450000003
1.5809904375000001,0.07057148685,2.65353215,0.00035764023774999997
1.5847156375000002,0.061786121725000004,2.6400714525000004,0.00040361210275
1.5898309375000002,0.053687915225,2.6406774525,0.00038443697850000004
1.5830935250000002,0.046062622225,2.645230115,0.00035730037775
1.5856115825,0.042244391525,2.65179044,0.000326662237
1.57308075,0.067574464725,2.6490970875,0.0003777610545
1.57562098,0.061636378075,2.643032315,0.00039648318475
1.5687970525000001,0.06068722065,2.6527332675,0.0003453024765
1.5713372825,0.054749134,2.646668495,0.00036402460675
1.5806584375,0.06875558849999999,2.6628372700000003,0.00032027334225
1.5864196725,0.06311274415000001,2.6668331650000003,0.00030250230325
1.5736945275,0.04727358465,2.648260295,0.000344016924
1.576212585,0.04345535395,2.65482062,0.00031337878325
1.5434369749999999,0.08568458259999999,2.6870745425,0.0001588687265
1.54592666,0.078650807975,2.6951789274999998,0.0001479275235
1.4980218725,0.10276991227500001,2.6915425075,0.00011231264774999999
1.4351092162499999,0.16599194763750003,2.68405848875,0.000106250444375
1.4993621424999999,0.1156591103,2.69353229,0.00011510346125
1.43577935125,0.17243654665000002,2.68505338,0.000107645851125
1.5353408174999998,0.08916989154999999,2.68200332,0.000135175167
1.4497000599999998,0.131846818275,2.673626185,0.0001065096695
1.50267306,0.07748594780000001,2.6614466325,0.00011203613250000001
1.4781575200000001,0.093153527775,2.6519243725,0.0001198544835
1.478903235,0.10548456277500001,2.658614695,0.00012510720999999998
1.5054091825,0.10091675624999999,2.6604058774999997,0.00012065117175000001
1.5108472124999999,0.104884417675,2.6710849425000003,0.00012140424600000001
1.4216451074999998,0.16280312284999998,2.6595160375,0.00011367133075
1.4679472475,0.1406210903,2.6751161225,0.00011676523174999999
1.4625546649999999,0.115966676775,2.663215935,0.00011494803225
1.4787730574999998,0.102992320375,2.6443917175,0.00012022707974999999
1.4542575174999999,0.11865990034999999,2.6348694575000002,0.00012804543075
1.4552798875,0.1342271881,2.6438979524999997,0.00012777738275
1.4852334575,0.12252726955,2.6640992775,0.000120712106
1.4839503774999998,0.113109676125,2.650475445,0.00012098831775
1.4594348375,0.1287772561,2.640953185,0.00012880666875
1.5443063675000002,0.032498625575,2.68086171,0.000138994841
1.540683,0.039054085525000004,2.6770576225,0.00014044329499999998
1.5544777225000002,0.024512566625000003,2.6726883025,0.00017602195625
1.5468293425000001,0.026047215324999998,2.6748417599999996,0.00014872446775
1.5398496975,0.038760909825,2.6689890625,0.00014720716525
1.5584508474999998,0.004182979,2.649934295,0.00019494108025
1.5635006425,0.004182979,2.6568995749999997,0.000201055966
1.5797721125,0.0045550745,2.6421834225,0.00026926820299999997
1.5733996925,0.01028083405,2.65804565,0.00023659780724999998
1.5701471875,0.01446381305,2.6529207825,0.000240196274
1.56670642,0.00990873855,2.657965125,0.00021645711625
1.5771737075,0.010320579625,2.640951395,0.00027997278824999996
1.5804885325,0.0045550745,2.65641916,0.000243116636
1.5850414925,0.0045550745,2.6489498625,0.00026571510550000004
1.5508856775000002,0.026837949850000004,2.6330313075,0.0002292579555
1.5550062050000002,0.023533844600000003,2.6264624574999997,0.000245506293
1.5473376499999998,0.0396647407,2.6196870800000003,0.00028920325700000003
1.55401626,0.030930785475,2.6150556175,0.0002888433955
1.5502441225,0.024116623925,2.6181269875,0.00024464579825
1.5509008475000001,0.020396914325,2.6232242574999995,0.00022828153650000002
1.552128015,0.038820210875000004,2.6164160350000003,0.00031315253725
1.5574178674999999,0.04378312455,2.618124065,0.00036117211125
1.5568376775,0.045141837574999996,2.6256071325,0.00034582311475
1.5577253400000002,0.01727292965,2.636871695,0.00022752727825000002
1.5651731175,0.019146085475,2.6374827625,0.00026109847400000003
1.55534178,0.01082612015,2.6387484075,0.00020504978975000002
1.568322895,0.018242372425,2.6301617625000002,0.0002811565755
1.57129362,0.011795562925,2.6293723575,0.00028096397349999997
1.5715917925,0.008516296975,2.637019455,0.00026589633125
1.5630490175,0.0171079582,2.62539035,0.00026091764075
1.5576585225000001,0.01772104155,2.628523825,0.00023699293150000002
1.5659351350000001,0.0060300578,2.6264121525,0.0002503695575
1.5645874425,0.00275079185,2.6387555000000003,0.00022647839075
1.5610304474999999,0.00693377085,2.64326203,0.00021390685675
1.5609880675,0.00275079185,2.63189274,0.0002205981035
1.555190355,0.00664314115,2.632211745,0.00020415996175000001
1.57128012,0.017254350475,2.6412804125,0.000268475029
1.57472807,0.013071371475,2.64160651,0.00027346548824999997
1.5695210099999999,0.011488845349999999,2.6451829675000003,0.00024376090025
1.5623113225,0.0106611487,2.6225708125,0.00024726367675
1.5569208275,0.01127423205,2.6257042875,0.0002233389675
1.554620445,0.0563490605,2.6515901675,0.00029287162025
1.55639878,0.05366379675,2.6457725175,0.00031067858425
1.5565671349999999,0.06735732779999999,2.6081455925,0.0005283445935
1.5716226400000002,0.07628189772499999,2.614350735,0.000561966939
1.5760751675,0.068213452575,2.6041593525,0.000593636214
1.5750346175,0.074554990975,2.6053557975,0.00059458933525
1.5730690649999999,0.072336616925,2.600620625,0.0006158474132500001
1.5721636125000003,0.06179797555,2.6111350625,0.0005471066687499999
1.5661723625000001,0.0596103249,2.6080776425,0.000536649124
1.568553985,0.071506693025,2.6006692024999998,0.00062993842575
1.563617975,0.07521935924999999,2.601383505,0.0006221074872500001
1.5655688375,0.065195878025,2.60115051,0.0005972696817500001
1.5606328275,0.06890854425,2.6018648125,0.00058943874325
1.5596927100000002,0.0519548282,2.6256395,0.00039342915975
1.5661226200000002,0.05175454727500001,2.6295943875,0.00040911070375
1.564632295,0.055311560625000006,2.6353236475,0.00039331034325000005
1.5598559975000001,0.05512099432499999,2.617278755,0.0004394707065
1.55518678,0.059155331,2.6166324025,0.0004389971145
1.5583705,0.068425389925,2.6198773375,0.00048679725275
1.5722771575,0.05710836405,2.6242910625,0.00046560979525
1.56961584,0.06255636455,2.6178367725,0.0005071451595
1.5626278500000002,0.070897187075,2.6301822675,0.000454903158
1.5636245899999999,0.060368713899999996,2.6147793525000003,0.00049668761475
1.5589553724999998,0.064403050575,2.614133,0.0004962140227499999
1.5754294999999998,0.063296140175,2.6297443525,0.00045919712999999997
1.5705041875,0.06259155552500001,2.6357437999999997,0.00042302692575
1.5701154175,0.070698748325,2.619856,0.0005210523085
1.563539295,0.07253343702500001,2.6225429175,0.0005011779937499999
1.5738466400000002,0.07169326115,2.62721938,0.000484165168
1.5689213275,0.0709886765,2.6332188275,0.00044799496375
1.5620246525,0.0880857799,2.5741206425,0.00078148941975
1.571905345,0.094734363325,2.5737642050000002,0.0006400572819999999
1.5665061175000001,0.099584350475,2.5746548175,0.000647127592
1.5689055625000001,0.0882507786,2.5737018000000003,0.000735797992
1.52275431,0.084684206175,2.6452052,0.0001649811565
1.5256032325,0.087701493875,2.6388447875,0.00020963180200000002
1.5185372849999998,0.094023471625,2.6489155899999997,0.0001298617445
1.52353093,0.089007267725,2.650671305,0.00015789482125
1.52286452,0.09526365989999999,2.630142095,0.00022786731275
1.5199707450000002,0.10337891797500001,2.63692242,0.00018247650775000002
1.5207966874999999,0.1008525826,2.6453728675,0.0001575110055
1.5257903325,0.0958363787,2.6471285824999997,0.00018554408225
1.5269826925,0.09446175030000001,2.6392033699999997,0.00022437866575
1.5248562675000001,0.09835677595000002,2.63496864,0.00022662350975
1.537336765,0.08607791177499999,2.634866655,0.00032271911175
1.530886825,0.083002926775,2.63710004,0.000254738952
1.5361847275000002,0.06718809065,2.62273115,0.00033891778
1.5408440525000002,0.06796196569999999,2.6199055325,0.00038926415450000004
1.5621992050000002,0.00313949375,2.5777154575,0.00026800558425000003
1.5637974725000001,0.00644660765,2.5726981175,0.0002996824625
1.5554810775,0.00313949375,2.5798729675,0.0002289767145
1.54717648,0.0033017716,2.5745890750000004,0.0001936308145
1.5515565274999998,0.00644126535,2.5771204250000004,0.000218462512
1.5523642875,0.0103720571,2.5717041500000004,0.0002344861645
1.5479090524999999,0.03976361455000001,2.6349784725000003,0.0002519811385
1.535630495,0.041450331925,2.6387937074999996,0.00018758606150000003
1.550141335,0.0443489347,2.6297700400000004,0.00029253861775
1.5459311599999999,0.0438347515,2.6255580175000004,0.000283938334
1.5312035675,0.046976489974999994,2.6372256275,0.0001788799235
1.557180255,0.273225933,2.573376895,0.0009829030019999998
1.550668685,0.26639565049999997,2.586836815,0.0007731596995
1.559991775,0.25458718075000003,2.58326304,0.00072554094325
1.53639698,0.26136032475,2.5871952174999997,0.0008778608177499999
1.526221485,0.2660022005,2.5784950249999996,0.00140065376775
1.55258724,0.2450666315,2.5841958524999997,0.00070643601025
1.5396630175,0.248380456,2.586140335,0.0008230659737499999
1.5531381375,0.2397874555,2.5721461774999996,0.0010007841777499998
1.5356618174999999,0.24190045875,2.5780490649999996,0.00109161257625
1.4944667249999999,0.28004249950000004,2.5873517975,0.00153244557425
1.5020468249999999,0.25739293575,2.583268285,0.0018723121475000002
1.4898403299999998,0.271364786,2.5791149125,0.003019786075
1.4928553999999998,0.26104489,2.5780947800000003,0.003314337445
1.50707257,0.25468861325000003,2.6016361125,0.00078156003375
1.5006081475,0.2495736035,2.5929175625,0.0013901452489999998
1.4964280149999998,0.27348225575,2.6088478575000003,0.000703138845
1.51075399,0.2778821885,2.6013175250000002,0.0007704954842500001
1.5088982899999999,0.27986604725,2.588490485,0.001303741417
1.5153190200000002,0.26555252075,2.598254145,0.0008158106875
1.5134633199999998,0.2675363795,2.585427105,0.0013490566202500002
1.4798135174999998,0.26711080975,2.586138725,0.002817929445
1.4828285874999998,0.25679091375,2.5851185924999998,0.0031124808149999997
1.50077963,0.25370642175,2.6135454175,0.0005933832507499999
1.4914057275,0.254334923,2.61451602,0.0006113562995
1.4947001049999997,0.2601703965,2.6176937825,0.00056027726525
1.4782800999999999,0.267553568,2.600471855,0.001239536301
1.481543185,0.27944076075,2.6066699025,0.000950566566
1.4877029975,0.287675716,2.6005736575,0.00104161920925
1.4878085875,0.283099331,2.6092426775,0.00074555841275
1.4867880075000002,0.25310885925000004,2.6091220975000002,0.00071255753575
1.4781998725,0.25667421525,2.6064966325,0.00099286780425
1.4896974875,0.24736534824999998,2.5994329449999998,0.00130316970225
1.4811093524999999,0.25093070424999997,2.59680748,0.00158347997075
1.5347803224999998,0.08248824067499999,2.5748285075000004,0.0006662128725
1.4899302149999998,0.06849004235,2.5953712475,0.000115151386
1.502518505,0.072930625625,2.5833087575,0.0001627369345
1.479075285,0.08421235532499999,2.61077744,0.00011578000324999999
1.5160092699999999,0.07977123465,2.6018599300000003,0.00024607942375
1.5180467075,0.0751622971,2.64156139,0.000130752258
1.5185366574999999,0.08212270215,2.6417738799999997,0.0001405736875
1.5207732925,0.088807130225,2.6309455049999997,0.00020121499975
1.52138558,0.08513998985,2.6354134675,0.000185224333
1.498969825,0.082920253275,2.6323149825,0.00011691362125
1.4846785075,0.09682480985,2.626035275,0.00011533612274999999
1.5325703325,0.072729722575,2.5948941100000003,0.00043496660525
1.5311079025,0.071961485775,2.5885286925,0.00043306336025
1.531354755,0.07850368695,2.6033433675000004,0.00043161417125
1.52025005,0.067001035425,2.572455885,0.00033484217425
1.5204969025,0.0735432366,2.5872705600000003,0.00033339298525000003
1.515620115,0.090093277325,2.6412685524999997,0.00012817493375
1.5008388474999999,0.09703742885,2.634776355,0.00011677600575
1.527823955,0.06628608235,2.5812851775,0.00036285858375
1.536614775,0.06429947259999999,2.582865475,0.00045044432800000003
1.5214487625,0.055941813625,2.5908355100000002,0.00021451925575
1.519886735,0.053449773225000004,2.5898885725,0.00018556796199999999
1.5247042175,0.056167394849999996,2.58516693,0.00027072299425
1.5292395049999998,0.053319649775000005,2.5798053125,0.00029664991974999997
1.5276774775,0.050827609375,2.578858375,0.000267698626
1.52797851,0.0588204274,2.5906710025,0.00031609743750000003
1.5146110075,0.054252496000000004,2.57518047,0.00022385170275
1.5512599050000002,0.1044305081,2.587831855,0.0007169062884999999
1.54748389,0.09352839365,2.5915805125,0.0007171724285
1.5524767050000001,0.09892700994999999,2.59204036,0.000690865709
1.557375075,0.0961040371,2.5889191625,0.0006912643732499999
1.5591731375,0.10042490825,2.5827325575000004,0.00069534375525
1.5542062825,0.10499664610000001,2.582128405,0.0007138743677499999
1.5557085275000002,0.089276060425,2.5878813875,0.0007177649824999999
1.5495060375,0.087569463975,2.5888769050000002,0.0007228487522499999
1.5560249075,0.088581945725,2.5812230124999997,0.00076046548225
1.5498224175000002,0.086875349275,2.58221853,0.000765549252
1.5582210125,0.092396853475,2.5766261225,0.00077035512375
1.559702695,0.097411839325,2.5770978925000003,0.0007317340059999999
1.543637455,0.05348599795,2.5785009874999996,0.000422116493
1.5432041575,0.058541778475,2.5849022274999998,0.00045562510800000003
1.53667441,0.055663164700000003,2.585066735,0.00035404692625
1.5398446325000001,0.059219923800000004,2.59722048,0.00039234471475
1.5359255375000003,0.05788038205,2.5881055575,0.00036232253475
1.533825875,0.055834141574999996,2.57290691,0.00038715825575000003
1.545520725,0.053623859775,2.5729420199999997,0.00045921654975
1.35436964,0.20315784224999997,2.5794166325,0.0013114026515
1.3417442450000001,0.20372888449999998,2.5750107775,0.0011558178957500002
1.333140225,0.183192212,2.5727418675,0.00049923822375
1.3367898775,0.19209416575,2.58346659,0.00047746222125
1.3584667449999999,0.19544639074999998,2.5892849575,0.00070516581775
1.3503896899999999,0.1870114395,2.592078805,0.00044990140324999996
1.36647588,0.18596925949999998,2.5839885475,0.0009403302675
1.358398825,0.17753430825,2.586782395,0.000685065853
1.3568275875,0.131005207,2.5740655649999997,0.00016440101725
1.4332077774999998,0.10922113425,2.5997988575,0.0001493327765
1.4376520799999999,0.1100573875,2.5955742575,0.000254230634
1.4780206974999999,0.077539399275,2.61132163,0.00012838887975
1.4797182974999998,0.08407410795,2.61971146,0.00012858625825
1.460104555,0.08973755875,2.60023749,0.00012895901825
1.44561103,0.116283225,2.583066045,0.07020007908274999
1.449192225,0.107201820325,2.576199115,0.07009552491175
1.409056035,0.10018096655,2.5727471724999997,0.00030230370425
1.424646915,0.146534491,2.6106292,0.00058685978
1.41765231,0.148842558,2.614396155,0.00039895794525
1.430921555,0.14669672374999998,2.6161535975,0.00039476257724999997
1.4360057425,0.1507060935,2.6155622600000004,0.000445419475
1.419772,0.15445472275,2.62286532,0.00020583145649999998
1.41972384,0.16313853849999999,2.6222053174999997,0.00032855907175
1.432471335,0.1494869625,2.623015465,0.00018727458875
1.4375555224999998,0.15349633224999998,2.6224241275000004,0.00023793148650000004
1.4283163849999998,0.15493689449999998,2.6259602324999998,0.00018624530275
1.4274371275,0.1670365035,2.6231417649999997,0.000358071502
1.4324752399999998,0.16250619649999998,2.6272965675,0.00022815796925
1.43700108,0.16014837825,2.622603835,0.000281509296
1.4418645499999998,0.1957718545,2.5735554124999998,0.1211824164
1.5635076774999999,0.0476313904,2.5743228774999998,0.0006058751315
1.5621313149999998,0.046850167225,2.5813710075,0.0005387305209999999
1.5550961499999998,0.046087442900000004,2.580839395,0.0004586309225
1.5530547825,0.0440483028,2.5736137625,0.00044402518700000003
1.5536684725,0.036632437725,2.5743697274999997,0.00037736717800000003
1.5525246574999998,0.033902269325,2.5795156949999996,0.00033858682600000005
1.5679658649999997,0.0402355753,2.5865700824999998,0.0005124657985
1.5707656749999999,0.034998873725,2.5820707675,0.0005148118365
1.5536462675,0.04192208405,2.5872216199999998,0.0003904980115
1.5504610849999998,0.03715277555,2.5851419549999997,0.000337111924
1.5661899149999998,0.0357250115,2.59219849,0.000436814
1.5574316975,0.0165487309,2.58906281,0.00026593424275
1.553970425,0.0195883694,2.5859074,0.00026147266925
1.56284392,0.016841048625,2.5876979825,0.00030166807125
1.5542003825,0.032234283625,2.587504385,0.000329986615
1.5663786549999998,0.024606319624999998,2.594947875,0.0003580025005
1.5661374650000002,0.030107694225,2.590972245,0.00039828756425
1.5588181325,0.0348644997,2.59505528,0.000365058826
1.5618958175,0.0344446865,2.591558395,0.00039362035024999997
1.5573855650000001,0.037003592125,2.5895840499999996,0.00038337270249999995
1.5675419000000002,0.02106862285,2.590458215,0.00035772722925
1.5557727225,0.022726783299999997,2.5814316274999998,0.00028870902325
1.556263955,0.0289837774,2.581878125,0.000331461517
1.57006562,0.023640868275,2.584883155,0.00040899778125
1.5674698075,0.029317657474999998,2.583901585,0.00042758692899999996
1.56536764,0.019413294050000002,2.5821229225,0.00035293862324999996
1.561757715,0.022259390225,2.5790119775,0.00034444114875
1.5622489475,0.028516384324999998,2.579458475,0.0003871936425
1.5445022874999998,0.019882649175,2.5806047925,0.00021719225350000002
1.5405020725,0.0196046452,2.5976949925,0.00018905053899999997
1.54490596,0.01637527835,2.58213097,0.0002076159145
1.5337596850000002,0.019660708024999998,2.5882211324999997,0.00016715518174999997
1.53887105,0.020064321325,2.574831665,0.000200246832
1.5477947874999998,0.019963560625,2.5874865075,0.0002298281035
1.535015585,0.023069684625,2.5897523775,0.00018214934775
1.5401269499999999,0.023473297925,2.5763629100000003,0.000215240998
1.5437361,0.01953931455,2.60841614,0.00020187964924999998
1.5479843624999998,0.03066276805,2.597485065,0.00027220606
1.5473088924999998,0.0205027333,2.609176995,0.0002317698235
1.5424541550000002,0.019421812849999998,2.6158929475,0.0001965879435
1.5516349975000001,0.022748532000000002,2.5905144825,0.00025921403
1.5513737225000002,0.029137452125,2.59166497,0.000284975482
1.5523087375,0.01690328935,2.5981820825,0.00023943287300000002
1.55509627,0.0197088935,2.5936698925,0.0002636756035
1.5560263725,0.029460095800000002,2.59631598,0.00031140824275
1.5593452475,0.023538907999999997,2.596794725,0.00029968470325000005
1.55538848,0.03129315145,2.605391025,0.00031178326025000004
1.5508782275000002,0.033852057075000004,2.60341668,0.0003015356125
1.555787505,0.0334973936,2.6013941750000003,0.0003258781435
1.5507611625000002,0.021823944975000002,2.60778445,0.00024569609725
1.5550686125,0.025800201575,2.60706985,0.00028151193675
1.5544790625,0.018106999325,2.604266345,0.000248067441
1.5587865125,0.022083255925,2.603551745,0.00028388328050000004
1.4647971100000001,0.29465729725,2.60077846,0.0012617302575
1.43725264,0.27591057125,2.6115469925,0.0009463552852500001
1.4384845200000003,0.28872218725,2.6044061175000004,0.0012314690405
1.45897597,0.29569326325,2.6147635575,0.0009288438095
1.4715360999999998,0.2835944295,2.6083902125,0.000966409396
1.4430877249999998,0.28060293199999997,2.62391603,0.00062142305975
1.444319605,0.293414548,2.616775155,0.0009065368150000001
1.460407735,0.2653821035,2.6103903075,0.00096952544075
1.4682730149999998,0.27170723675,2.602192165,0.001255379131
1.4524340625,0.25925133349999996,2.6044996974999997,0.00134678929975
1.4431808575000002,0.26306994250000004,2.6042205675000005,0.00132147961975
1.4486431175,0.261920072,2.597917615,0.0016246887675
1.4629073449999999,0.269364044,2.5900611875,0.0033788354475
1.45125112,0.26570764925,2.5916772475,0.003370881225
1.456989615,0.27389307325,2.622480215,0.00061928353525
1.4657149600000001,0.2846303955,2.62237531,0.000633522948
1.4127199375,0.2355802655,2.57752067,0.018310947332499997
1.4652956425,0.2735849025,2.5731221425,0.0061121358300000005
1.46442652,0.2956320645,2.5754528050000003,0.0037924525125
1.4453058250000002,0.28729330000000003,2.5890291325000003,0.002828775325
1.446679145,0.27388723950000005,2.5845099075,0.004656910780000001
1.45696205,0.29094969475,2.5874130725000004,0.0028367295475
1.45833537,0.27754363425000006,2.5828938475000003,0.0046648650025
1.431468965,0.30310439325,2.5729863625,0.005886988355
1.433844955,0.29248727875,2.5841450075,0.00306415427
1.4223351775,0.28404536875,2.5767807950000003,0.0052756071925
1.44654691,0.23002285150000001,2.6124653825,0.001270647167
1.4513744400000002,0.22874156025,2.6041102400000002,0.0020732537657499996
1.4484539025,0.2212037445,2.618759515,0.0008749997787499999
1.436022875,0.233748112,2.612130285,0.001260757336
1.4567565325,0.21987373775,2.6064183725000003,0.0019003372282499998
1.4551931625,0.2148670145,2.6132914449999998,0.00111802572
1.4309593425,0.23418553549999999,2.602497875,0.0020012444272500002
1.4238328925,0.2273449525,2.6029559375,0.00197344110225
1.4114223125,0.20161368675,2.59887856,0.00397855754
1.4179291425,0.20301422475000003,2.6212546225,0.00057663413425
1.41691184,0.2085290065,2.6134654875,0.0009913529505
1.422896205,0.20613562325,2.6298352475,0.00036489811075
1.4406293925,0.21693494175,2.6188682925,0.0008733873244999999
1.427648185,0.2159598955,2.6293642525,0.00039147777325
1.4389242525,0.213833265,2.6290814275,0.00040746016350000006
1.4235695574999998,0.22487322625,2.6220760949999997,0.000499214984
1.4178002749999998,0.22056373575,2.614757955,0.0008873541377499999
1.4323108475,0.2258042695,2.61689669,0.000916372045
1.426541565,0.221494779,2.60957855,0.0013045111987500001
1.474565235,0.17286960024999998,2.626081885,0.00019223011099999998
1.4746260325,0.16496995074999998,2.6236141325,0.0001735649605
1.4807995825,0.174239859,2.6216274525000003,0.00027512524874999996
1.4676045750000002,0.17733323925,2.62390089,0.00033721794925
1.4738389225000001,0.17870349800000002,2.6194464575,0.00042011308699999993
1.4673673525,0.15828070775,2.6170395625,0.00025145966900000003
1.46577695,0.16191182625,2.6222165225,0.00019369453200000002
1.4644567675,0.16826215375000003,2.6105876575,0.00134685191025
1.4712912125000002,0.177039705,2.6126697075000003,0.0012635456072499999
1.4605588324999998,0.163808681,2.615602315,0.00050569866725
1.4589684299999999,0.1674397995,2.620779275,0.00044793353025
1.4608568525,0.174961563,2.61999589,0.000572791797
1.46363002,0.175617866,2.6128424399999997,0.0014141886934999999
1.4892146875,0.19665127599999999,2.5896181474999995,0.0179898394125
1.451346755,0.16165150325,2.57713008,0.25007866325
1.4597301775,0.16453224049999998,2.585969745,0.1680082716075
1.46080763375,0.16172169725,2.5904999075,0.08757626451875
1.4469944225,0.17143945025,2.5833581100000003,0.1632824111
1.4575818775,0.1697073875,2.58341348,0.19908086575
1.4525779475,0.16847273325,2.5801217550000004,0.21356112875
1.4528021224999998,0.1461026595,2.6010346425,0.0021792657405
1.4520229999999998,0.14756976075,2.5915525575,0.07147281101425
1.45019506,0.149948291375,2.58219543375,0.174488791507125
1.4585814175,0.15485599275,2.59142065,0.07216668527925
1.4606876237500002,0.158599136375,2.583747265,0.173224600139625
1.455201925,0.15320990974999998,2.5858727100000003,0.13975681392175
1.4464539299999999,0.14575932175,2.6019518975,0.00219158921925
1.4559799725,0.15932672474999998,2.587667585,0.12371479708500001
1.45938690125,0.160834502375,2.5818707325,0.1989986560425
1.4526004799999999,0.15768064175000002,2.5821196449999997,0.19130492572750002
1.4508560899999998,0.15440004137500002,2.5876538475,0.09882413031875001
1.4535515875000002,0.18245347974999998,2.6086851925000003,0.00393537859875
1.437975345,0.1830433795,2.5944038025,0.03547797245
1.4475564325,0.18578211225,2.5931953175,0.0503979490825
1.4436753075,0.18193342175,2.5907350775,0.0663267918975
1.4516180425,0.18896131224999999,2.5872849825,0.07309256693499999
1.4494179175,0.18769863625,2.580294075,0.1205821864
1.4491164975000002,0.19331117,2.5757160225,0.1261905849
1.45632568,0.18417800599999998,2.577305915,0.1665557583
1.4904946375,0.18313689175,2.6273233925,0.0001665970615
1.4880264675000001,0.17767484875,2.62198681,0.00025141825449999996
1.4911445975,0.19076434525,2.622824195,0.00034349109425
1.4886764275000002,0.18530230225,2.6174876124999997,0.00042831228724999997
1.4933435300000002,0.17360267050000003,2.6193615225,0.00023620835599999997
1.5031103775,0.16984191175000002,2.6233545549999997,0.00013582957775
1.511601925,0.17280185225000003,2.6219955675,0.0001392440955
1.501174955,0.17842629575000002,2.6272386924999998,0.00015114904475
1.5096665025,0.18138623625000003,2.625879705,0.0001545635625
1.5096248399999999,0.1742348075,2.61715448,0.00015012337475000002
1.499180795,0.19673339650000002,2.62119949,0.00035648305500000005
1.5070223825,0.1920658835,2.6243397,0.00018300354
1.521682055,0.175958697,2.6051037325,0.00022331365474999998
1.521448345,0.17728777625,2.6116180425,0.00019608749075
1.5260008575000001,0.18105118374999998,2.6013926275,0.0002614523
1.5157544925000002,0.17752587825000002,2.6011263724999996,0.00035415634925
1.5282575475,0.18576415275,2.606831075,0.00024189211774999997
1.5261304975,0.18385010599999999,2.6137444975,0.0001938864335
1.5132186725,0.17982219925,2.6142476799999996,0.00019767436625
1.5220672199999998,0.18583672874999999,2.5957987300000003,0.0005935372575
1.516339005,0.18349615125000002,2.59580153,0.0006916600070000001
1.5102047925,0.187917579,2.5958147025,0.00137959726975
1.5209453124999999,0.19191207,2.6167765249999997,0.00020602843149999998
1.5125516375,0.18906889125,2.6175487625,0.0002152350645
1.50471005,0.19373640425,2.6144085525,0.0003887145795
1.5186851024999999,0.15430580825,2.5752002,0.0027144811685
1.511116415,0.16091971475,2.580153825,0.0038607669662499996
1.5131236625,0.16759399325,2.5802985449999998,0.0038606669072499995
1.5155311525000001,0.16455093399999998,2.5809879325,0.0026000068139999995
1.50728041,0.1703907735,2.57238853,0.04879902824
1.5114470450000002,0.17204887049999998,2.576571465,0.006551633670249999
1.518615485,0.16237725325000002,2.5782318125,0.0026304123387499998
1.5239808275,0.0238553046,2.57450986,0.00014348265724999998
1.51815334,0.031653858275,2.591388585,0.00013453168125
1.5261281150000001,0.030626189,2.5945110925,0.00015599969075
1.5313818774999999,0.0339113516,2.58379829,0.000205276454
1.5213682050000001,0.036091290425,2.5872017775,0.00017300360375
1.52570203,0.035653263325,2.5778248925,0.0002081433795
1.5336789499999999,0.0381099051,2.5997346649999997,0.00022753335
1.5451176175,0.1030675957,2.57568294,0.00085206065
1.5505716200000002,0.10312825645,2.57598138,0.000788599864
1.553376675,0.094220483675,2.5719344625,0.0008238576702499999
1.5548583575000001,0.099235469525,2.5724062325,0.0007852365525
1.3801308275,0.19516242675,2.58787626,0.0025783074087499997
1.3875071125,0.189592585,2.58745259,0.004500901471250001
1.374583005,0.187325444,2.58439672,0.00245650426875
1.3819592900000002,0.18175560224999998,2.58397305,0.00437909833125
1.3693128825,0.1867204195,2.576705575,0.00255600202875
1.38662064,0.12308187949999999,2.5878877625000003,0.00017468221275000002
1.38809377,0.11577278175,2.5804477925000002,0.00019080959099999998
1.39403185,0.12481159524999999,2.5950045575,0.0001681021895
1.4009446175,0.121256739,2.5941060774999998,0.00022221449400000002
1.536053865,0.159890622,2.58839923,0.00032917477825
1.5345196125,0.15493271150000001,2.587727305,0.0003816655445
1.5388951,0.15910284225000002,2.591302035,0.00037051834825
1.5312012425,0.16503895825,2.592662155,0.00028679086625
1.5237414225,0.16304250825,2.5918435449999997,0.00026753253775
1.5326063025,0.1697926335,2.5996791725,0.0002565281795
1.5235345925000001,0.15565573449999998,2.5920745125,0.00031790612049999997
1.52946016,0.15269427400000002,2.5922211975000002,0.00038965521525
1.5374502825,0.16500687225,2.6030248400000002,0.0002829037405
1.5388864575,0.15946541725000002,2.5989106275,0.00035450999725
1.5330082475,0.16080098975,2.607438205,0.000281683926
1.525738805,0.16373739025,2.60740453,0.00023794924
1.525117725,0.16919145,2.602852405,0.00023199398875
1.5206283325,0.1666114555,2.5985915075,0.00023185115074999998
1.52272418,0.15274838725,2.60361087,0.00030675144425
1.519706395,0.15495781975,2.598378895,0.00028871293025
1.5280818925,0.15049435575,2.60412949,0.00036248208925
1.530989675,0.14974232775000001,2.5990442000000002,0.00041619267
1.5331327024999999,0.15309536825,2.60724419,0.0003384840675
1.536040485,0.15234334025000001,2.6021589,0.00039219464825
1.5205055475,0.15828580025,2.606691895,0.0002390187365
1.5174877625,0.16049523275,2.60145992,0.0002209802225
1.5577394374999998,0.14604329675,2.58443254,0.00034740409325
1.5567208525,0.143614944,2.578089475,0.00035412450975
1.5522269325,0.15071525800000002,2.5825205425,0.00036782434475
1.5512083475,0.14828690525000002,2.5761774775,0.00037454476125000003
1.5542795075,0.15233343124999998,2.57156551,0.000317676677
1.5543535075000001,0.15674296775000002,2.5827158675,0.00031664750725
1.5554985425,0.1584313105,2.5757961275000003,0.000290005337
1.5640583650000002,0.14986832425000002,2.5861656049999997,0.00028289492925
1.5619091100000002,0.14179273325,2.5734303,0.0003005012115
1.5615814350000001,0.1577281765,2.585426985,0.00026819640349999996
1.5711859175000003,0.14586685225,2.583320675,0.00024386209775
1.574435265,0.15100989125,2.5796155325,0.00020740594475
1.5700552475,0.140219614,2.576928435,0.0002547479635
1.5733045950000002,0.145362653,2.5732232925,0.00021829181049999997
1.56551224,0.16308875750000001,2.58096975,0.00023451142625
1.5712385174999999,0.16037194425,2.5780032275,0.000212753799
1.5622644725000001,0.16331025600000001,2.5746247175000003,0.000242152506
1.5679907499999999,0.16059344275,2.571658195,0.00022039487875
1.5011551375,0.20408848275,2.5756394275,0.0165914065525
1.5064814100000001,0.18814899399999999,2.5730883475,0.037298301625
1.5117475699999998,0.19642585875,2.5774639225,0.008648304685
1.510800035,0.18878591425,2.5790469625,0.0099067122825
1.50376135,0.205011267,2.5834495425,0.007772230759999999
1.5100475549999999,0.20201354075,2.5838867999999997,0.0053499595175
1.495358495,0.1948726435,2.586766065,0.0180296606875
1.5007912825,0.1851937175,2.574123265,0.075587043725
1.500752925,0.20058250025,2.5894526849999995,0.00703969212
1.50703913,0.197584774,2.5898899424999997,0.0046174208775
1.5071065424999999,0.1896775065,2.5891598449999997,0.0045146545395
1.5091674325,0.18646632875,2.5847397425,0.006505600776999999
1.51292461,0.1457496285,2.618505,0.0001619016895
1.5064116699999999,0.143083308,2.6113679975000004,0.0001679467895
1.506790815,0.14738532525,2.6160237175,0.00013665939525
1.5124900325000001,0.13980441175,2.6100884649999996,0.00022607582275000003
1.5156733975,0.14154453575,2.61501032,0.00021792192275000002
1.5024191725000002,0.13915001625,2.612351355,0.0001474833225
1.5046328299999998,0.1328357125,2.6124239549999997,0.0001593518465
1.5110028375,0.13298022025,2.6119707224999997,0.00021641282375000002
1.50712463,0.14261219275,2.6233930575,0.000117877673
1.5057170675,0.1319482885,2.62042421,0.000128705453
1.513258425,0.140976496,2.6258743399999998,0.00014311996725
1.49956858,0.14184073725000002,2.6222698675,0.00011671578625
1.499276935,0.13841733325,2.6214435675,0.00011778384225
1.4952422675,0.142680578,2.615883885,0.00011503404150000001
1.5102993224999999,0.12780219125,2.6243726599999997,0.00014400930575
1.5355520550000001,0.12792896850000002,2.5738359099999997,0.0008004184635
1.53390384,0.13792142275,2.5730854274999997,0.000700994744
1.5353415925,0.13308815275,2.57659024,0.0007279709097499999
1.538827005,0.1402628495,2.5755298125,0.0006030750082500001
1.5402647575,0.1354295795,2.5790346250000002,0.000630051174
1.5468568525,0.13069160625,2.57712984,0.00059594029125
1.549267175,0.13510465600000002,2.5731262575000002,0.000509919635
1.5471682574999999,0.12385890050000001,2.5719884625000002,0.00066874946025
1.4798190299999998,0.1136753355,2.6139065649999997,0.0001240581115
1.4943822925,0.110923499,2.6151649975,0.0001578726715
1.4981493074999999,0.102796377575,2.6270927200000003,0.00012025704925000002
1.4819889675,0.102583758575,2.61835164,0.00011881716625000001
1.4779182975,0.100662302325,2.6041547675000003,0.000147368857
1.49861616,0.1162263305,2.6229764225,0.00012454203174999998
1.4853450650000002,0.119168833,2.61603135,0.00012273549524999998
1.48673901,0.115654964,2.62215203,0.00011386894224999999
1.5099334725000002,0.1132041235,2.6265215875,0.00014067446875
1.5112256400000001,0.11339478950000001,2.6208349475,0.00017268249225
1.4774021225,0.0928939284,2.6081658025000003,0.00011898644125
1.482504875,0.0900316854,2.58884287,0.00014598674174999999
1.5141946375000002,0.10856907625000001,2.6301632525,0.0001620858365
1.515486805,0.10875974225000001,2.6244766125,0.00019409386
1.5171080525,0.10219763595,2.6235851075000003,0.00020911334275000001
1.51523483,0.09154879125000001,2.6296222825,0.00016004539775
1.512930575,0.09585222605,2.6335849175000003,0.00013165597725
1.5185202075,0.10142665744999999,2.6186961550000003,0.00026551410699999996
1.50464219,0.094886856325,2.5986058125,0.00023430268825
1.5173260575,0.098005320925,2.6288188725,0.00018669771075000002
1.5150218025000002,0.102308755725,2.6327815075,0.00015830829025000002
1.485263975,0.0807238427,2.5920981775,0.00011824166875
1.50542617,0.08316773557500001,2.6052664525,0.00014826835075000002
1.495051535,0.082313485625,2.5794837475000003,0.00020011000925
1.5236230499999999,0.097181918275,2.6147037175000003,0.00036653713674999995
1.5110451875,0.08669137032499999,2.59726298,0.00027767379625
1.5279778549999998,0.094353854825,2.6000856175,0.0005079648762499999
1.5153999925,0.083863306875,2.58264488,0.00041910153575
1.5118104525,0.084807515325,2.5823739775,0.000349599908
1.5267680000000001,0.090058721775,2.5886019475,0.0005216017234999999
1.5342293974999999,0.11710855175,2.626843155,0.000362431125
1.5300720925,0.1122299675,2.629198375,0.000310279258
1.5300752499999999,0.11001888475000002,2.6347124600000003,0.000276190367
1.5372252149999999,0.103974221275,2.633994935,0.00035059078425
1.53622392,0.10929110827499999,2.6207169300000004,0.00043850777725
1.5372554075,0.11574031025,2.6196796900000003,0.00044946512225
1.5326735975,0.107370153025,2.6255594500000003,0.0003591659405
1.532676755,0.10515907027500002,2.631073535,0.0003250770495
1.542295695,0.10028894985,2.6314029675,0.00040382408025
1.549242885,0.101898886075,2.6317823525,0.00042619637675
1.5447293525,0.1080778334,2.61547637,0.000535441628
1.5402926225,0.10529266842500001,2.6185564400000003,0.0004929942514999999
1.54561445,0.11415283375,2.6151253000000003,0.0005266337175
1.5422092075,0.11781687075,2.6171681300000005,0.000495143686
1.5432415625,0.09959730124999999,2.6241499175,0.0004637534074999999
1.5501887525,0.10120723747500002,2.6245293025,0.000486125704
1.5512520374999998,0.10619619665,2.619380295,0.00051966660975
1.5545324675,0.1141106895,2.621676505,0.00048175363175
1.558386595,0.11813927975,2.6289240124999997,0.00042402486
1.558631035,0.11155044625,2.6357318175,0.0004126764035
1.55176282,0.10512245975000001,2.63580376,0.00041227701149999996
1.5508388850000001,0.11826987375,2.61793238,0.00049482196475
1.5474336425,0.12193391075,2.6199752099999998,0.00046333193325
1.525292575,0.13751214,2.6163579825,0.00030981227625
1.5280613600000001,0.13379487775,2.6119458675000002,0.00038715628775000003
1.532615125,0.13100300725,2.6145844449999998,0.00041445901325000005
1.5296312875,0.1394766235,2.62065065,0.00030283346149999996
1.5341296199999999,0.13504155350000002,2.6195284125000002,0.00036302292600000005
1.5191274575000002,0.13618076975,2.6190499675,0.0002421164865
1.52622202,0.12859254525,2.6130474825,0.000378745659
1.5307757849999999,0.12580067475,2.61568606,0.00040604838450000003
1.5288616425,0.1379228905,2.6293569225,0.00024641787625
1.5333599750000002,0.1334878205,2.6282346850000002,0.00030660734074999997
1.51520732,0.13150216275,2.616641285,0.00022874271625
1.5297736524999999,0.12232622500000001,2.6191599975,0.00036769855825
1.5295535625,0.121612547,2.62538463,0.00032443475025
1.5187017025,0.1247632615,2.61410201,0.00029285095674999996
1.5175608400000002,0.1284308415,2.6130119,0.00028212845075
1.5225664075000003,0.127798669,2.6127498775,0.000339111466
1.5177453450000002,0.12334059550000001,2.6194525974999996,0.00024627075274999996
1.5134195675000002,0.12721155775,2.6210429675,0.00018698559175
1.5170837625,0.13519642125,2.6258891825,0.00018673725399999999
1.5152405775000002,0.12926261675,2.62653005,0.0001778668685
1.5234321350000002,0.12082749050000001,2.6209231025,0.00029863870825
1.5232120450000002,0.12011381250000001,2.627147735,0.00025537490025000003
1.5193462650000003,0.12467797650000001,2.6311643124999997,0.0001938882215
1.5233445750000003,0.128949601,2.6354573974999997,0.0001983628955
1.522479235,0.1349740585,2.63190347,0.0001980174585
1.5334774275,0.12527461925,2.598454715,0.000605591529
1.5322763350000002,0.125376383,2.593105555,0.00066616473475
1.5357848425,0.12666927475,2.5897533875,0.00068820598225
1.53226632,0.12035082474999999,2.590385915,0.00072152815125
1.5357748274999998,0.1216437165,2.5870337475,0.00074356939875
1.53432897,0.11983520175,2.6019932050000003,0.00059435148425
1.5395914625,0.120222509,2.6056672350000003,0.0005729481927500001
1.53880641,0.12983145025,2.600326835,0.0005669536985000001
1.542487055,0.12666958025,2.604025125,0.0005530069685
1.53346771,0.11529253049999999,2.5934709925000003,0.0007008842075000001
1.5470932425000001,0.126587633,2.5947743625000004,0.0005953112485
1.5410040925000001,0.1293391455,2.594263015,0.0006177269750000001
1.5488472275,0.1256820485,2.60180056,0.0005518667095
1.53147921,0.11485582775,2.5986510525,0.0006155434382500001
1.5339126,0.1129655875,2.6021652824999997,0.0005968468320000001
1.5326014775,0.1161369215,2.6017177125,0.000585649599
1.539197535,0.1106620655,2.6000893725000003,0.00065092893775
1.5404648774999998,0.11728891550000001,2.5863061550000004,0.0007473056902499999
1.5443320274999999,0.11123675125,2.6036005025,0.00062533516025
1.5447262524999998,0.11584066424999999,2.6069142825,0.0005872836772500001
1.5465640425,0.11956296124999999,2.5895371425,0.00066952654725
1.5495696350000001,0.11392465624999999,2.60057336,0.0006141594785
1.54996386,0.11852856925,2.60388714,0.0005761079955
1.5516809825000002,0.11317374575,2.5953090775,0.000624379929
1.5516124975,0.11492251075000001,2.5915837275,0.00064330920575
1.5488097675,0.10990824025000001,2.59145689,0.0006898296852500001
1.491467745,0.20752737300000001,2.5747249725000003,0.037832022650000005
1.4950587149999999,0.2005156575,2.5756904499999997,0.03830337945
1.4922704974999998,0.19572858499999998,2.580813945,0.040474172225
1.4875370275,0.18584793075,2.574822605,0.133328406225
1.495642395,0.18926083675,2.5725912475,0.096040609025
1.4925052525,0.18887680399999998,2.5782098775,0.079540512325
1.5218865300000002,0.1824604235,2.5729697925,0.00716649659275
1.5161414775000002,0.181086924,2.57402086,0.00960492048025
1.5156466100000001,0.17437018075,2.5731716149999997,0.00811464161275
1.5256832850000002,0.17136415475,2.5724956375,0.0037200215945
1.5204075600000002,0.16774162274999999,2.5741425749999998,0.0054540803745000005
1.4959743300000001,0.208948422,2.5968396074999998,0.0036873210532500002
1.4954171475,0.2129291965,2.6051149949999997,0.00099485152925
1.4884167600000002,0.2066206595,2.59540874,0.006580439145749999
1.4959251875000001,0.21843658000000002,2.5857877725,0.0063005296450000005
1.50092992,0.2155312595,2.5910361999999996,0.0038389470775
1.500541955,0.22775708525,2.60703206,0.0007815291035
1.5025397825,0.220284801,2.60484135,0.0008996624095000001
1.4979890875000001,0.23288746925,2.592660725,0.001639439479
1.4949821825,0.2283205055,2.5852215875,0.0042191553525
1.506106585,0.229237102,2.5987774725,0.0010294622275
1.5081044125,0.22176481774999998,2.5965867625,0.0011475955335000002
1.4889433375,0.23675114675,2.59911865,0.00146138171975
1.48932916,0.23084799575,2.6079602225,0.00085028648825
1.5556714825000002,0.098929956675,2.6107747525,0.0005778588675
1.5602501625,0.100845772775,2.6141678075,0.000555982624
1.5550021225,0.10072528569999999,2.61600834,0.0005534676165
1.5602120475,0.09202334272499998,2.624819815,0.0005029063395
1.5539388375,0.095736326525,2.6211573475,0.00051992671075
1.5614449675,0.0900846608,2.6054937825,0.0006134458235
1.5552424500000002,0.093555266025,2.6076594574999996,0.00060179230075
1.558265865,0.08434844575,2.62548673,0.00049435059175
1.5660257025,0.08187273145,2.6139116275,0.0005713251299999999
1.5624556825,0.0795842558,2.6201372725,0.000529239616
1.5585039850000002,0.08386469632499999,2.6046864974999995,0.000613800279
1.5620595499999999,0.07948623785,2.6076013424999998,0.00059121496425
1.5663914975,0.09707001025,2.61531639,0.0005347128389999999
1.5674166674999999,0.09323653937500001,2.62081939,0.0005151774602499999
1.5690437250000002,0.10410168745,2.613738775,0.00049833690725
1.572989495,0.09576095067499998,2.626620235,0.00046607323750000003
1.5680153350000001,0.091683588925,2.60975766,0.0005682426052499999
1.569040505,0.08785011805000001,2.61526066,0.0005487072264999999
1.574303655,0.09445802687499999,2.6042444099999997,0.0005322568105
1.5743650475,0.10295737344999999,2.6057664149999997,0.0004830278705
1.5811650125,0.10586144022499999,2.60804236,0.00040838067075
1.5801953050000002,0.110696203975,2.615294695,0.000381576865
1.57272598,0.109587466225,2.6182523375,0.00043183281375000005
1.5806313749999998,0.091399293375,2.6280697,0.00043525241924999996
1.58640617,0.098136831025,2.624842645,0.00038014059825
1.583115905,0.10618893807499999,2.622673155,0.000368848574
1.5756465800000001,0.10508020032499998,2.6256307975,0.00041910452275000003
1.5825776425,0.090228030525,2.605005265,0.00049339048575
1.58842313,0.0967231896,2.6076063525,0.00040960477074999995
1.5907436875,0.0935058463,2.6170281775,0.00039409298924999997
1.580655485,0.08328404835,2.6227079625,0.000474998451
1.5879043025000001,0.082887522875,2.6179658175,0.000455667505
1.5746374425,0.082259284325,2.6156997674999998,0.0005393490355
1.58188626,0.08186275885000001,2.6109576225,0.0005200180895
1.5353306525000001,0.100884022325,2.5787035224999997,0.0008408368740000001
1.5339263675,0.100885870075,2.598492265,0.00064448864575
1.528823525,0.10513060924999999,2.6024847025,0.000543465616
1.530278025,0.10209579957499999,2.5894942875,0.000667451477
1.5428705225000001,0.1031948796,2.5809084175,0.00082299961675
1.5441425125000001,0.09641106805,2.5885099775000002,0.0007491239087499999
1.5384994125,0.101251438325,2.5953847175,0.0007027745160000001
1.5407524375000001,0.09567659727500001,2.5931717174999998,0.0007137079084999999
1.5229417975000001,0.09303132635,2.5739146475,0.00058361798075
1.5351527625,0.107024625,2.58548224,0.00080639554675
1.5386414225,0.10772811825,2.58166957,0.000830775782
1.5453781475000001,0.10268940235,2.5869103075,0.0007625707515
1.5119544875,0.094768690075,2.5888199199999997,0.000401130021
1.5361429149999999,0.110203866,2.5912438625,0.0007423725765
1.5396315749999998,0.11090735925,2.5874311925,0.00076675281175
1.53943935,0.10746364125,2.5943480125000002,0.000711113913
1.54292801,0.10816713450000001,2.5905353425,0.0007354941482499999
1.558235705,0.046949164025,2.6647494425000002,0.0002462075645
1.5765866325,0.053117261275,2.6801368625000004,0.00025131775325
1.5619847775000002,0.055794692599999994,2.6622632150000003,0.0002833232175
1.58023405,0.0554765845,2.6700621275,0.00028970274425000003
1.5705211175000002,0.056048083125,2.6603972925000003,0.00031238210074999997
1.574472815,0.061119428850000004,2.6660662325,0.00030747378325
1.575579405,0.046291765775,2.6608928450000002,0.00030046609025
1.5820142025,0.047031738825,2.6664082425,0.00029178327525
1.5620787150000002,0.038506906025,2.66536182,0.00024212615599999998
1.5764128549999998,0.040519353475,2.6813123249999995,0.0002332136575
1.5806223124999998,0.0369592733,2.6733572499999996,0.00025477694724999997
1.5671525000000002,0.03775054915,2.65958768,0.00027321678499999996
1.5724078700000002,0.040526794275,2.65922904,0.0002895353755
1.57288435,0.0343770492,2.661602735,0.0002703889985
1.5746639949999999,0.030069555175,2.6702155475,0.00024431338525
1.5670427375,0.0269259247,2.6766768699999997,0.00020992145424999999
1.5601893075000002,0.0319897756,2.6738381975000003,0.0002049064385
1.56808865,0.03326225,2.6842733049999996,0.00020467675499999998
1.5612352200000001,0.0383261009,2.6814346325000002,0.00019966173925
1.5523411025,0.07855014502499999,2.666745485,0.00026091220200000003
1.5456683325,0.08378697187499999,2.6706014875,0.00021980146974999998
1.54270482,0.08021280354999999,2.679052235,0.000176032614
1.537572175,0.08727228082499999,2.665530265,0.00019610791025
1.5346086625,0.08369811249999999,2.6739810125,0.0001523390545
1.529640645,0.0795915499,2.669090095,0.0001379357
1.553073675,0.042078633325,2.6893027425000002,0.0001617093495
1.5484757725,0.039429341925,2.6833383424999995,0.00015807299675
1.5568676300000002,0.0410243771,2.6841346024999995,0.0001821455225
1.544852405,0.045984801875,2.6795342549999996,0.00015952145075
1.5601221324999999,0.0471588513,2.6799620400000004,0.000209515747
1.5525510624999999,0.0463065114,2.6953873625,0.00015361024825
1.5475191474999999,0.0507058008,2.6988971224999996,0.00013503761325
1.555911005,0.052300835975,2.6996933825,0.000159110139
1.5427984,0.059657541125000005,2.6930723199999997,0.0001346872415
1.5407951475,0.055110001025,2.68426472,0.00014187968925
1.5571085199999999,0.063009777125,2.692252995,0.0001875127165
1.54835534,0.049685769750000004,2.6721217024999997,0.00019292008425
1.55523321,0.049264784,2.6717532275,0.00021884185475
1.54845336,0.06948568487500001,2.69101906,0.00016623460225
1.56456974,0.063495253225,2.684442045,0.00022556811025
1.56714934,0.0546929082,2.6816252499999997,0.0002326348585
1.5457015325,0.070908779275,2.680680515,0.0001806894125
1.5414032625,0.06252742,2.678232195,0.00016183439024999998
1.5451695,0.058157444950000005,2.6712573175,0.00019243861225
1.56372091,0.0696914904,2.6759914175,0.0002590474105
1.5589822825000001,0.058110312575,2.669267,0.00025595750775
1.56630051,0.060889145374999995,2.6731746225,0.00026611415875
1.5535078625,0.0706291087,2.6734638225,0.000235446827
1.5513558375,0.064501932825,2.66810453,0.00023729809975
1.5588744,0.035348443775,2.65963703,0.00023702705575
1.56188351,0.04034908115,2.6474328625,0.00029000605725
1.563948185,0.0345920869,2.65386289,0.00026811768475
1.5626871299999998,0.026899561275,2.652350185,0.00024647170000000003
1.55408919,0.0268993708,2.643223345,0.00022524435925000001
1.5615358649999997,0.027620611225,2.64474666,0.00025673622825
1.5612087249999997,0.034920386025,2.6422030325,0.0002811242085
1.5525482299999998,0.0312799867,2.6373105625,0.00023982195474999999
1.5564084349999998,0.034827544349999996,2.636545955,0.00027099261925
1.5516348199999999,0.036315930999999996,2.6384840599999997,0.000251445799
1.5429283375,0.046947944000000005,2.6613509075,0.00018737351275
1.5432193575,0.042192719899999995,2.6635953199999998,0.00017441105225
1.547555595,0.046186863475,2.6642513274999997,0.0002010458155
1.5434744075,0.049207662250000006,2.6551890975,0.00020886102725
1.55306837,0.04614853395,2.6595790375,0.00023681707900000002
1.5545956800000003,0.04031490255,2.656396745,0.00023693345425000002
1.551177175,0.0509092929,2.6540837875000003,0.000250560759
1.5377837725,0.040280026375,2.649376455,0.00017125282825
1.5382654675,0.04651838262499999,2.6511786600000002,0.00018539774825
1.550634595,0.038444554425,2.6450429575000003,0.00023927420975
1.55295551,0.04822402915,2.6482661375000003,0.00026836772299999997
1.5560829950000001,0.0423848629,2.6483346825000003,0.00026770287875
1.5399215525,0.0418882221,2.6433445825,0.00019853930625
1.5404032475000002,0.048126578350000004,2.6451467875,0.00021268422625
1.5469088275,0.041892237974999996,2.64153737,0.00023980954925
1.5473905225000002,0.048130594225000004,2.6433395749999997,0.00025395446925
1.5633180725,0.030414138,2.6124395700000003,0.000336388155
1.5597652775,0.031720337475000006,2.6178340875,0.00031412556549999997
1.5600984974999998,0.0280431062,2.6241436575,0.00028715272474999997
1.5647892350000001,0.02275877725,2.62273544,0.00029263323075
1.5662148,0.023569363175,2.6151452649999998,0.00031670927975
1.562224505,0.03966421915,2.6186051925,0.00036517714025
1.5700631125000002,0.023893191475000002,2.6275068525000003,0.0003128721655
1.5690904850000003,0.042021499025000006,2.613127945,0.000432758934
1.5687099100000002,0.036703921875000003,2.60939741,0.000409081891
1.5598381749999999,0.0348947691,2.6299479,0.00030207505174999997
1.5616443150000001,0.041022932175,2.62608826,0.00034982814374999997
1.57664153,0.022436757575,2.6219792375,0.000347889254
1.573446305,0.023928647875,2.6142483949999997,0.000355024851
1.576533735,0.0426784493,2.6168404225,0.000454790126
1.5676601225,0.04477957265,2.6289684775,0.00038470688725
1.5811880525,0.029938482675000003,2.62298602,0.00038959932125
1.570172665,0.029270362100000002,2.6345721475,0.00031752324875
1.5740612425,0.035143787975,2.6352567075,0.00035421545175
1.5784982125,0.037268342450000005,2.6291981950000003,0.00039127443575
1.5756835625,0.0440778099,2.6251978875,0.00042208707575
1.5813060125,0.035093852325,2.6151724475,0.0004420541225
1.5756215475,0.0315702567,2.6101793650000005,0.00041712613875
1.5646384649999998,0.034987610775,2.6356049775,0.00031220664099999997
1.5685270425,0.04086103665,2.6362895374999997,0.000348898844
1.5254549075000001,0.055992066874999996,2.642688395,0.00015009305200000002
1.5311379425,0.05275689905,2.6393408175,0.000183612039
1.5360465650000001,0.05346909725,2.6427111025,0.00020646309700000004
1.5220467750000002,0.060979290875,2.640350105,0.00014247004225
1.52183482,0.0669753775,2.6417931925,0.00014608138375
1.52509761,0.06179748755,2.635018885,0.00017845355975
1.5410446825000002,0.08428702874999999,2.627516925,0.00039255728925
1.5368704775000002,0.08364052325,2.62298745,0.0003933362095
1.540243955,0.09029544889999999,2.6259175525000003,0.00040933019049999996
1.53606975,0.08964894339999999,2.6213880775,0.00041010911074999996
1.5383310300000002,0.07928477787499999,2.6190801275,0.000425753693
1.54371998,0.09231991507500001,2.6210606675,0.00048090417124999995
1.539545775,0.091673409575,2.6165311925,0.00048168309149999996
1.547153205,0.08055241404999999,2.62672001,0.00043369927875000003
1.5497001725,0.09001109935000001,2.6189809425,0.0005239532257499999
1.55233267,0.084252018475,2.6230409125,0.0004935212345
1.5388345125,0.0804278534,2.6121158600000003,0.00048672132125000004
1.542604715,0.0740081668,2.6195238825000002,0.00042891572975
1.5472526850000001,0.074629297475,2.6226342899999997,0.00043764023575
1.540849985,0.08680806495,2.6111662975,0.0005258778185
1.5431081975,0.075151242325,2.6125596150000003,0.000489883358
1.5456584425000002,0.08706883897499999,2.60743147,0.00058257323725
1.550334425,0.089625367875,2.6107166399999997,0.0005814275647499999
1.5540152200000001,0.073669733475,2.6177543974999997,0.000498208632
1.5565224874999999,0.079487828525,2.617691455,0.00052841025875
1.5474307275,0.075431976475,2.608962235,0.00053190931825
1.5479655,0.080969361575,2.6047836525,0.00058544270025
1.5526414825,0.08352589047499999,2.6080688225,0.00058429702775
1.55368978,0.07332933694999999,2.61104661,0.00053151008625
1.5561970475,0.07914743199999999,2.6109836674999998,0.000561711713
1.532402695,0.048564516975,2.6326349374999998,0.00020412081
1.5321693125,0.047751017874999996,2.629293145,0.0002126757755
1.52970487,0.058398290549999995,2.632766485,0.000211317456
1.53233707,0.05434492605,2.6347501275000003,0.0002088529255
1.5364796525,0.046071733375,2.6292263874999997,0.00023539732875000002
1.5318008674999999,0.056938281300000004,2.62693435,0.0002490760235
1.53556776,0.0533310557,2.6219459775,0.00027634241275
1.5396447174999999,0.0508382721,2.6185374275,0.00030761893149999997
1.540858895,0.0511305798,2.6219358475,0.00030443007575
1.5413568325,0.048337921525,2.6261436949999997,0.00027771936225
1.529637425,0.0440612305,2.6003446,0.000245738278
1.5241923925,0.0452943761,2.6073833725,0.000193285805
1.53712225,0.049761562625,2.6121003625,0.00027479135325
1.53092736,0.0440978948,2.58963293,0.0002623429665
1.5524772699999998,0.056809809075,2.6399252425,0.00032118308074999995
1.5472712524999999,0.05245989285,2.6383588899999997,0.00028369894425
1.54902184,0.05080685675,2.6313482524999996,0.0003101115035
1.554639845,0.054401372575,2.6288816949999996,0.00036506241299999996
1.5574969925,0.058012842200000005,2.6340216424999996,0.0003760044855
1.5570754075000002,0.065201347675,2.631405235,0.00041262926225
1.540700525,0.057011876275,2.6391129475,0.000255495841
1.5526901775000002,0.059527928025,2.623202205,0.00040071806875
1.553896515,0.065678671,2.6250296224999996,0.00042795603075
1.546574235,0.058726070474999996,2.621460915,0.00037247787275
1.542735755,0.05518352615,2.6243569275,0.0003207928605
1.5432336925,0.052390867875,2.628564775,0.000294082147
1.5435802925000002,0.06493335405,2.623841405,0.00036912638475
1.5476334375,0.06902988535,2.626303075,0.00039619569725
1.53682497,0.06561948825,2.6324991575,0.00028102144274999997
1.5389209675000002,0.064159479,2.6266670225,0.00031878001024999997
1.537754685,0.05849844405,2.62594688,0.000296715327
1.5356586875000002,0.059958453300000006,2.631779015,0.0002589567595
1.5382908875,0.0559050888,2.6337626575,0.00025649222900000004
1.5652329625,0.031798115025,2.57382673,0.00047292712425
1.5694555925,0.037000279425,2.5757989275,0.0005573516685
1.568032145,0.043018204175,2.5732501125,0.000622150241
1.5822839425000002,0.0294093676,2.5715415475,0.0005812589810000001
1.5777352725,0.03622738785,2.5752275575,0.00060751476875
1.580459025,0.043445664475,2.5731222625,0.0006953668345
1.5170914249999998,0.06506702954999999,2.6050642725,0.0002225880545
1.5115213425,0.06686720902500001,2.60924977,0.00014964917675
1.5272034725,0.069409379725,2.626223385,0.00025863005075000005
1.519743295,0.074831565825,2.63390237,0.00016411643075
1.5329770150000002,0.07167121767500001,2.6246911275,0.00031355863025
1.5321818,0.068200038725,2.5949195,0.000386050968
1.5186220725000001,0.0620283028,2.582958815,0.00026637624075
1.5369281775,0.07464367895,2.6085284325,0.0004581589895
1.5313580949999999,0.07644385842500001,2.61271393,0.00038522011175
1.5266117175,0.07000021819999999,2.5991049975,0.00031311209025
1.5130519900000001,0.063828482275,2.5871443125,0.000193437363
1.5257023000000003,0.06739398834999999,2.6327042575,0.00020252667675
1.523812205,0.071015994975,2.636197745,0.0001809519345
1.5338661375,0.078864779325,2.6144574875,0.00042171059625
1.528296055,0.0806649588,2.618642985,0.0003487717185
1.5314758425,0.0696558263,2.631172,0.00025745525625000003
1.5295857475,0.073277832925,2.6346654875,0.000235880514
1.5296263675000001,0.079648969675,2.6320919375,0.0002595664045
1.523608595,0.080771477875,2.632613955,0.00020849247075
1.5333626550000001,0.07772170379999999,2.621421755,0.00036074296800000003
1.5319021025000001,0.082077449175,2.6253290775,0.0003283254845
1.5274125925,0.0864742305,2.623564065,0.00030201536349999994
1.5229963075,0.08443861825000001,2.6281459925000004,0.0002244831375
1.5233030625,0.0839186646,2.62384224,0.00026149396925
1.538325995,0.0450376542,2.5714997674999998,0.00031686851825
1.54186374,0.048505114375000005,2.5748277324999997,0.00036477214625
1.5403379225,0.03776795835,2.5737977625,0.00028071454675
1.521081745,0.0414476618,2.5739103575,0.0001834247105
1.5326435274999999,0.044655210325,2.58225757,0.0002437543045
1.523379385,0.0445022108,2.592750015,0.0001931314165
1.5349411675,0.047709759325,2.6010972275,0.00025346101050000003
1.5287462775,0.0420460915,2.578629795,0.00024101262375
1.3340170974999999,0.160175778,2.57555759,0.000256606776
1.3411031675,0.16971634324999998,2.573713005,0.00044295365675000003
1.3417306825000002,0.15304413075,2.5842063425,0.0001780905095
1.354106485,0.1593899875,2.585068105,0.000474195559
1.3527619549999998,0.16914116575,2.5791413175,0.000656342104
1.3419012124999998,0.14108202425,2.5750829575000003,0.0001634062755
1.36007166,0.13849743825000002,2.576960385,0.00022248034299999998
1.41740161,0.1061622982,2.5869184124999998,0.00028381240925
1.4182271925,0.10813480595,2.5946027024999996,0.0001538434645
1.4277025724999999,0.1069503202,2.5950191,0.00016721718775
1.41343501,0.10014227382499999,2.578630685,0.00026519555649999997
1.4231908025,0.1086945122,2.5861706724999998,0.00043701315025
1.4512211675,0.0671431534,2.589434325,0.00012905826225
1.4414089900000002,0.073022462325,2.5939332825,0.00013412642325
1.4716012775,0.05442445085,2.6187810275,0.00012984672875
1.44445288,0.0835167701,2.6111627200000003,0.00013094691725
1.480246545,0.05215640972499999,2.6080929025,0.00013012721675
1.503261985,0.03439559205,2.6312534775,0.00012800783774999998
1.4775202575000002,0.06717364725,2.61052221,0.00012984983175
1.45533493,0.0860180203,2.5984661575,0.000145062446
1.4738788,0.07197401037500001,2.6261377325,0.00012550599625
1.5005356975000002,0.049412829575,2.633682785,0.00012773045275
1.45256096,0.09626953672500001,2.6113669875000003,0.00012782275375
1.45703253,0.092552728975,2.6068559875,0.0001452598245
1.43261042,0.10662781069999999,2.5968083725,0.000146637398
1.4215150775,0.11696304175,2.5760883099999994,0.00438645016875
1.416971385,0.11800139949999999,2.5827373875,0.0017465883494999998
1.4181012499999999,0.134878531,2.57260108,0.07391517105749999
1.4193325025,0.123313738,2.586607875,0.0016422709842499998
1.41725513,0.1287842485,2.5857345475,0.0032311629142499996
1.421293855,0.139996074,2.5727398399999997,0.114794652365
1.4516987199999998,0.1454580165,2.5733405375,0.20961728884250003
1.450888425,0.14261985025,2.58606690375,0.10538189610625001
1.451494515,0.13936888425,2.58032185,0.1403413417965
1.4481670574999999,0.13075717175,2.57452786,0.140199931258
1.45062019125,0.133078750125,2.58404806375,0.10522477663500002
1.4368475375,0.19215208675,2.571958305,0.1325611369
1.5325740575,0.10659948725,2.5846726899999997,0.00077481944775
1.5347404475000002,0.100895587325,2.5727139125000003,0.0008946015442500001
1.5319631375,0.102693632075,2.5807917125,0.0007800905732500001
1.539083335,0.026677591725,2.6083486674999996,0.00020026768625
1.5441946999999998,0.027081205025,2.5949592,0.0002333593365
1.5435446499999999,0.028393607575,2.59829235,0.000235714062
1.5455709999999998,0.027937817849999998,2.6054570075,0.00024266758925
1.5393510775,0.028228872925,2.591558635,0.00021883743824999998
1.53449634,0.027147952475,2.5982745874999997,0.00018365555824999998
1.5446927275000002,0.024312945324999998,2.6144599925,0.00022779954449999998
1.53983799,0.023232024875,2.621175945,0.00019261766450000002
1.5367925775,0.031727755,2.6074364775,0.0002071007985
1.5319378399999999,0.030646834549999998,2.61415243,0.0001719189185
1.5362808425,0.020300797899999997,2.6299461125,0.00016618183325
1.54539916,0.026576883875,2.621165155,0.00023223421150000002
1.5390896499999998,0.035926308500000004,2.6233728524999997,0.0002293576945
1.5443809324999997,0.034235575250000004,2.6213648299999996,0.0002524825285
1.5345848825,0.031812013599999994,2.6350654349999996,0.00017160543375
1.541792305,0.01766200875,2.6283274299999997,0.0001849994515
1.546055885,0.022857174275,2.6262624249999997,0.00021586994975
1.535612585,0.024926114824999998,2.6351224175,0.0001638597695
1.5411240475,0.022287325675,2.6335037349999997,0.00018267738774999998
1.5453876274999998,0.0274824912,2.6314387299999997,0.00021354788599999998
1.5380331299999999,0.03706294485,2.63422042,0.00020152239075
1.53768316,0.040096319299999995,2.62924379,0.00022409277150000002
1.5433244124999999,0.035372211599999995,2.6322123975,0.00022464722475000002
1.5429744424999998,0.038405586049999996,2.6272357675,0.0002472176055
1.4263944925,0.2197093255,2.595998645,0.004495765820000001
1.4291983825,0.2009710185,2.5835927725,0.0383382328
1.4366549524999999,0.18931895125,2.5975371574999997,0.01829290703
1.443028,0.1907070355,2.597382245,0.018646136262499998
1.4305498275,0.19286116574999998,2.5937055924999997,0.0199741988825
1.4301817099999998,0.1997604705,2.5908593525,0.02063998068
1.4306428125,0.21077481274999998,2.6059856999999997,0.0022580607465
1.4305048875,0.211133249,2.5985845325,0.004772108087500001
1.4251188325000002,0.1932945845,2.6003076999999997,0.006173919977499999
1.4249242524999999,0.20533781475,2.59488946,0.007060562305
1.4214742175000001,0.2009387125,2.600554285,0.0046422364
1.42397061,0.2045517375,2.60761821,0.0020038696090000003
1.4203041175,0.187959872,2.5987514824999995,0.006696060625
1.42070493,0.18275911724999996,2.6053624725,0.004055027792249999
1.412879765,0.18071781099999998,2.6071865549999997,0.00223377377575
1.4063251625000002,0.187480662,2.60192704,0.0025180331285
1.4114237425,0.19244981175,2.5975939599999998,0.0051293883925
1.402097375,0.18437499175,2.59482616,0.004478585571
1.4071959550000002,0.18934414149999998,2.59049308,0.007089940835
1.480837015,0.1623592525,2.618879735,0.00019682451624999998
1.4816896874999999,0.16930906475000002,2.617269755,0.00030042042824999994
1.489241925,0.16823036600000002,2.61703092,0.00025906669725
1.4926157275,0.16112581275,2.6175489425,0.000154523872
1.4873594625000002,0.1572983415,2.6177064775,0.00015106862000000001
1.4756084975,0.1555175075,2.6099747425000004,0.000384926325
1.4747031025000001,0.15946717925,2.6144439575000002,0.00027447557125
1.47673854,0.170704413,2.6108574875,0.0011617032427499998
1.491366385,0.16785228250000003,2.6104716075,0.00035914955150000003
1.48085314,0.152488392,2.6092343925000003,0.00031890324525
1.482935755,0.15417631725,2.6039969925,0.000446598424
1.4805546375,0.1589551345,2.60069394,0.00199790662825
1.47299999,0.161753364,2.6056657450000005,0.00124702399575
1.472094595,0.16570303575,2.61013496,0.001136573242
1.475863515,0.16350306575,2.6016223425,0.00273230912025
1.4947401875000002,0.16074772925,2.6109896299999997,0.00025460672625
1.4915665375,0.15860818325,2.605909765,0.000378846653
1.4864701925000001,0.15137715275000002,2.61253035,0.00016269659525
1.4885528075,0.15306507800000002,2.6072929499999997,0.00029039177400000003
1.4801242649999997,0.16669286425,2.58219254,0.125269509655
1.4775394924999998,0.163077270625,2.5739595299999998,0.2023818978275
1.485375495,0.18067707125000002,2.577537955,0.16242764704999998
1.47214681,0.17173003775,2.5908594725,0.10064873238
1.4753305924999998,0.173970122,2.57172239,0.23919543999999998
1.4702551675,0.168998845,2.5742010475000003,0.25076530125
1.4675446175,0.17211880175,2.57936859,0.22677103799999998
1.4731740649999998,0.16554886475,2.57937312,0.1923247166225
1.4747120575,0.164992565375,2.586227295,0.09934348055625
1.470463515,0.1686688215,2.5845406625000003,0.1683304533725
1.4733567825,0.16655254375,2.58881106625,0.08734634893125
1.4998935175,0.1826643125,2.5803581474999997,0.049556153392499996
1.4946701225,0.18455402175,2.5824122425,0.0580889070675
1.49565846,0.1721843185,2.582464695,0.0466151745325
1.4999946375,0.17554729825,2.5800961250000003,0.047836901875
1.5040521624999998,0.17618298925,2.5847539875,0.006147048269499999
1.49642831,0.18870859199999998,2.5874795899999996,0.016968088455
1.4894896475,0.1747044215,2.583452285,0.0974115077
1.48860243,0.1799571105,2.58313781,0.1071659887175
1.5018901525,0.18651118125,2.5894361124999996,0.0058753535495
1.5039510425,0.1833000035,2.5850160099999995,0.007866299787
1.4969500624999998,0.16990851625,2.588832855,0.00487586082975
1.5015246875,0.17296379450000002,2.5904749025,0.0035376069417499996
1.4421368250000002,0.167271614,2.6149660924999996,0.00106142756825
1.44270879,0.17360460025,2.6121180025,0.002093239266
1.4305546299999998,0.16825485599999998,2.6161565175,0.000940035294
1.4356869774999999,0.16358041,2.6162251825,0.0008679645765
1.4377607399999999,0.17760540924999998,2.6000654675,0.022035847815
1.4259213199999998,0.17688772825,2.60442203,0.00441318206225
1.4349682949999998,0.157374378,2.61152178,0.001026353981
1.45700732,0.21413876125,2.6010209325,0.0036376246424999997
1.5212725699999998,0.192569986,2.598143635,0.0006333700877499999
1.51156053,0.19961461025,2.5961840124999997,0.0015026457325
1.5132450174999998,0.19374828775,2.59855592,0.00130052783025
1.5244713425,0.19653037925,2.590873775,0.000910747295
1.52968803,0.20138560975,2.59279972,0.00063499233575
1.518675715,0.20209706925,2.5916066724999998,0.0011116363825
1.5238924025,0.20695229975,2.5935326174999997,0.0008358814232500001
1.5253702100000002,0.19316204274999998,2.6055949325,0.00029366537275
1.5053261825,0.20149029024999998,2.6015709625,0.00132875455075
1.5070106699999999,0.19562396775,2.60394287,0.0011266366485
1.53373578,0.19480180375,2.6055235275,0.00025978334825
1.5348548275,0.1990649775,2.599998175,0.000323733104
1.5352181774999998,0.2005348205,2.605835735,0.0002833934015
1.5314888349999998,0.2057876065,2.6090419875,0.00029346624450000004
1.5203843725000001,0.197316248,2.61260712,0.00027308742575
1.5083678974999999,0.20446619375,2.608170865,0.0006410188612500001
1.5100523849999998,0.19859987125,2.6105427725,0.000438900959
1.5250206,0.204208795,2.6157419675,0.00024927824425
1.5282794825,0.21442683425,2.606703995,0.00036409065800000005
1.5219587675000001,0.21340060975,2.60119724,0.00059001774175
1.5218112475,0.21284802275,2.613403975,0.00031990265775000003
1.5154905324999999,0.21182179825,2.60789722,0.0005458297415
1.5053715424999998,0.16194439675,2.57305187,0.07327224960425
1.5024218875000002,0.16064840925,2.5788800100000002,0.07133206118375002
1.49704410375,0.163648912625,2.571628895,0.174581360591875
1.4985285125,0.1576910875,2.572229085,0.13982601935125
1.4945742224999998,0.16900978625,2.5764194725,0.114333730365
1.4953309625000002,0.157748835,2.5796852374999997,0.105028938655
1.4968198275,0.163952332,2.58036345,0.072614520977
1.4942430737499999,0.165300874,2.572370615,0.1752225904885
1.48971528,0.16234904525000002,2.5771300175,0.1409944703945
1.4839783325,0.16724615175000002,2.5750166175,0.1931366135325
1.48728648125,0.16708221487500002,2.58118408875,0.09959915033125
1.4884054100000002,0.17152988925,2.5774070625000003,0.16513006353249998
1.48950002,0.16922408362500002,2.5823793112500004,0.08559587533124999
1.486530635,0.17535716675,2.5721089850000003,0.22061540924999998
1.55892533,0.1693543345,2.5720028875,0.0002556649125
1.556191145,0.177049201,2.5762581225,0.0002778487105
1.5521594,0.164475389,2.5731742975,0.0003035177435
1.5496357075,0.17607041450000002,2.5818312175,0.00029049269525
1.54341924,0.18061460925,2.5794627675,0.00052368717325
1.5483897325000002,0.16716884075000002,2.5812098975,0.00030911892125
1.5421732650000002,0.1717130355,2.5788414475,0.00054231339925
1.384542675,0.21221703274999998,2.58161229,0.0036664681700000006
1.3817914725,0.20209170875,2.5793782474999998,0.0043459428425
1.3680986750000002,0.2177950815,2.5771959425,0.0030828222672499997
1.377783985,0.220960114,2.5820153375,0.0034127825222500002
1.3703294700000002,0.23026924599999998,2.5736612675000003,0.0038123809372499996
1.38001478,0.2334342785,2.5784806625,0.00414234119225
1.3836850525,0.1520308815,2.59694749,0.00039922373625
1.3863908349999998,0.14971704775,2.5929021825,0.000943229931
1.3862168499999998,0.15701528274999998,2.5932947975,0.0010249500925
1.3805835549999999,0.16121698925,2.5880882124999998,0.0012163474307500001
1.3688332424999998,0.14974583325000002,2.597821475,0.00021324364224999999
1.3750523925,0.155182887,2.5990085599999997,0.00030845726375
1.3663853099999999,0.15816348424999999,2.593806565,0.000491654896
1.37260446,0.163600538,2.59499365,0.0005868685174999999
1.371688365,0.139761705,2.59063685,0.00021419142300000001
1.363728195,0.15461977575,2.5838826299999997,0.0005358390290000001
1.3925535674999998,0.14663238425,2.592642365,0.00106716549325
1.402982115,0.14232451075,2.6004963500000002,0.000615713823
1.3948408049999999,0.14076152050000001,2.5994799724999997,0.00043205433750000003
1.4101137799999999,0.135754695,2.591468035,0.00232363330025
1.40670952,0.13455371,2.598406195,0.0005828122120000001
1.3937858025,0.13293903875000002,2.5952488175,0.00036137408825
1.40069857,0.12938418250000003,2.5943503375,0.00041548639275
1.4100254775,0.1452888845,2.5754464275,0.029379515539999998
1.4059934600000001,0.1442101595,2.5806543225,0.00920765133275
1.4003019625,0.14888003825,2.5807548750000002,0.008101941400250001
1.417742015,0.1449474505,2.5774914625000003,0.06883935939
1.410161435,0.14346633825,2.58916342,0.0067088005945000004
1.4051235025,0.14736776025,2.59410834,0.0050643782212500005
1.39951399,0.15078917125000002,2.58943927,0.005506445092000001
1.5340694775000001,0.114990188,2.645310225,0.00024246760249999999
1.5354131450000001,0.115100125,2.6382095824999996,0.0002945288435
1.5344547925,0.12273080275,2.64566827,0.00023316659674999998
1.538093625,0.11051614225,2.64591068,0.00027567349775
1.5394372925,0.11062607925000001,2.6388100375,0.00032773473875
1.54251665,0.12443483624999999,2.651444615,0.00024805039375
1.5381416675000001,0.12006784975000001,2.6325114375,0.00034981301375000003
1.54568404,0.1100544445,2.64734012,0.0003149874285
1.5470277075,0.1101643815,2.6402394774999998,0.0003670486695
1.5497217499999998,0.11623252375,2.65251601,0.00029666533025
1.531122625,0.127344735,2.6371091024999997,0.000247231463
1.5347556175000001,0.1289341225,2.6324329375,0.0003070754905
1.5334658325000001,0.12457184500000001,2.6310529125,0.000311816639
1.5567160875,0.13045898849999998,2.6462591275,0.0002998810525
1.5571261674999999,0.11999412075,2.648290575,0.00032419712825
1.5538959225,0.116592368,2.640167535,0.0003674480615
1.5424695925000003,0.13750903325,2.63831222,0.00027221330699999996
1.5380177800000001,0.132473588,2.6332160825,0.00031249962225
1.5463921125,0.12281664825000001,2.6281550525,0.00040503525825000004
1.545264275,0.1396090425,2.6469265799999997,0.0002325566205
1.5452413274999999,0.13468824325,2.6522829525,0.00022788270525
1.5520363475,0.1369507985,2.6513229,0.000252181566
1.5569046749999997,0.1315037535,2.6361263975,0.0003402195
1.5536514824999998,0.1231812015,2.6333597299999996,0.00037879651800000003
1.5494302525,0.13589555425,2.63257581,0.00033217669999999997
1.54497844,0.130860109,2.6274796725,0.00037246301525
1.4804610325,0.21203913524999998,2.6079471725000003,0.00131762386425
1.4868786925,0.215785831,2.60493362,0.00138676804675
1.4776855125,0.20742177574999998,2.60102481,0.00438246431325
1.4841031725,0.2111684715,2.5980112575,0.00445160849575
1.4726955,0.21898280825,2.6100129499999998,0.0012762908517499998
1.4648968875000001,0.2206863165,2.60439098,0.00206070189575
1.4751012625,0.227678433,2.6109511850000002,0.00112133583
1.4827885324999999,0.22623234600000003,2.6055881375,0.00136033631175
1.4651476749999999,0.21495134,2.5989935400000004,0.00379798931
1.4701707675,0.20863047225,2.5976931475000002,0.0060784187150000005
1.4673026500000002,0.22938194125,2.6053292150000003,0.0019057468740000002
1.48240271,0.23213549700000002,2.596746565,0.00197143154325
1.4787356550000001,0.2301961705,2.583485425,0.0074676881825
1.4856611475,0.22740752625000002,2.587803305,0.0045348611025
1.483297855,0.212511476,2.5871955775,0.009387101275
1.4866041525,0.21752360075000002,2.58836949,0.0066162353949999995
1.4840513149999999,0.21229051775000002,2.5921870499999997,0.00704777092
1.4731544250000002,0.23832849024999997,2.5882990975,0.0051682825775
1.47606802,0.240488775,2.596568765,0.00201135629325
1.465741635,0.23412884750000001,2.5915187,0.0053415983900000005
1.46865523,0.23628913224999998,2.5997883675,0.0021846721057500003
1.542292295,0.0933713839,2.5824196925000003,0.000793419342
1.5459500525,0.0897945948,2.5788318525,0.0008041683614999999
1.5389019225,0.08790406212499999,2.5815635925000002,0.000758015769
1.53890222,0.092636913125,2.5870814325,0.00075800334175
1.54108879,0.09840643045,2.5785434825,0.00084836577325
1.54389834,0.0847385712,2.5776568075,0.0007800301975
1.5430091,0.08366323075,2.5716772675,0.00079940036825
1.540240285,0.0835825093,2.5757268074999997,0.00076929360525
1.547308205,0.09332482145,2.573144675,0.0008525871382499999
1.5356329974999998,0.092068063175,2.58679682,0.00069424746475
1.535633295,0.096800914175,2.59231466,0.0006942350374999999
1.543335885,0.09827914655,2.573318005,0.0008774268065
1.5344231425000001,0.087772930125,2.57531315,0.0007078843119999999
1.53703758,0.09679906642500001,2.5725259175,0.0008905832657499999
1.5176645225,0.090011751425,2.5779407599999997,0.000558381986
1.530483455,0.0702605452,2.6680201925,0.000139373553
1.535937905,0.062785793075,2.672207895,0.00015002815225
1.525760085,0.05932237115,2.6637375375,0.00011715580175000001
1.52987534,0.062843126225,2.6740527175,0.00011941885200000001
1.53532979,0.0553683741,2.67824042,0.00013007345125
1.5290245425,0.05010765885,2.6643582599999998,0.00012188193275000001
1.53475979,0.047004255475,2.670609535,0.00013404290999999998
1.538262725,0.05070522335000001,2.6631969825,0.0001674415435
1.5397041425,0.058415818025,2.6652330175,0.00018063237424999998
1.5268623825,0.056980210350000005,2.6485276850000004,0.00014805591125
1.5331436999999999,0.056136525225,2.64861715,0.000181704403
1.5273185375,0.051119347100000004,2.65293527,0.00013181728725
1.533599855,0.050275661975,2.653024735,0.00016546577899999998
1.538808795,0.05296494160000001,2.6570351725,0.00018892905800000002
1.5402502125000002,0.060675536275000004,2.6590712075,0.00020211988875
1.5405177774999999,0.035369088875,2.6520735650000002,0.00017175453825
1.5463813249999998,0.033529601049999996,2.64954728,0.00019850567675
1.53687963,0.024333240475,2.64595437,0.00014808372875
1.5353067825,0.031208009000000002,2.6488586075000002,0.000146664306
1.5428906675,0.036846686175000004,2.65937102,0.00017215577825000002
1.5487542149999998,0.03500719835,2.656844735,0.00019890691675000002
1.54463181,0.021985081025,2.6485232125,0.00017076795475
1.54892251,0.027020361725,2.648901165,0.00019609967049999998
1.54573372,0.0180655243,2.6549688575,0.00016046264849999998
1.5344817050000001,0.019317914975,2.651353715,0.000126833538
1.5329088575,0.0261926835,2.6542579525,0.00012541411525
1.5347501925,0.026921953300000002,2.6628666525,0.0001233004605
1.5391484500000001,0.01680241595,2.6585891825,0.0001324297735
1.53810647,0.02076371875,2.6649152625,0.000126266217
1.5395210074999999,0.033414876100000004,2.6647647625,0.00014495189125
1.5428772849999999,0.02725664155,2.6668133725,0.00014791764775
1.5505256649999999,0.02572199285,2.6646599149999997,0.00017521513625
1.5530329349999998,0.030040739575000003,2.66008502,0.00019900051825
1.55234012,0.0204921784,2.6591414799999997,0.00018159658049999997
1.55484739,0.024810925125,2.654566585,0.00020538196249999998
1.5237137675,0.07282340155,2.649336875,0.00014948257025
1.5265220700000002,0.0694695525,2.6455500125,0.00017044732525
1.5253331975,0.0678154584,2.6537330775,0.000143834088
1.5281415,0.06446160935,2.649946215,0.000164798843
1.52695161,0.080217976125,2.64874953,0.0001795256685
1.5303198699999998,0.07068268952500001,2.6584534075,0.00016325742774999998
1.531708775,0.079557189725,2.642145275,0.00023472885350000002
1.5315600325,0.07318011485,2.64100933,0.00022715688825
1.5363203899999998,0.06546765565,2.6564793,0.0001953995415
1.5344228174999999,0.063617924225,2.65003568,0.00019844733475000002
1.52772823,0.08454103767499999,2.654215635,0.00017243933325
1.5294770599999998,0.08001369422499999,2.65952331,0.00016181957475
1.5345262,0.08726461232499999,2.6540164949999996,0.00021696486125000002
1.5362750299999999,0.08273726887499999,2.6593241699999997,0.00020634510275
1.427200465,0.1093835997,2.5866261699999997,0.0005337869965
1.4308866525000001,0.10566689995,2.5877903074999997,0.00039395997875000003
1.430644005,0.11436758925,2.5882178524999997,0.0006216078777500001
1.4343301925,0.1106508895,2.5893819899999997,0.00048178086000000005
1.4247767625,0.1089655047,2.5817676775000002,0.0006439835865
1.4422891425,0.116876727,2.5768737775,0.07042762930874999
1.425717175,0.11367590699999999,2.5772411825,0.0033356004637500004
1.4278452375,0.11095318175000002,2.572641195,0.0035511707612500003
1.3998736425,0.10700124292499999,2.5717448025000005,0.00046130092150000005
1.407090215,0.10718195292499999,2.5742957024999997,0.00056042275825
1.3958669300000002,0.11265962925,2.5776098975000004,0.0004381691935
1.4078659100000002,0.11289202025,2.5823017974999996,0.0005750696684999999
1.4118517025,0.11742805675000001,2.57884753,0.0018485988170000001
1.4013065675,0.11641387075000001,2.5841513875,0.00047615411975
1.42192888,0.13106516,2.5750365850000003,0.0559950143475
1.425121485,0.136182703,2.575175345,0.096874495655
1.4224674375,0.13004370025,2.58197272,0.0056113736235
1.4256600425000001,0.13516124324999998,2.58211148,0.046490854931
1.42454481,0.12457318975000001,2.5828460475,0.0040224816935
1.42495045,0.121796025,2.5763170725,0.006705523967500001
1.43074739,0.137191724,2.57149309,0.16426106744
1.430909335,0.13250145149999998,2.57492158,0.0870850846
1.43000713,0.1234057285,2.5870031124999997,0.002849787055
1.431655675,0.1187824775,2.5835881225,0.0030508782665000004
1.4291525475,0.11850889025,2.577469945,0.0056546742625
1.4376743125,0.12476254825,2.577029705,0.0728380827315
1.4431972199999998,0.165429216,2.582784355,0.1786774601
1.4464277924999998,0.155987773,2.5837286725,0.1709880044775
1.4477697462499999,0.15355360699999998,2.58845836125,0.08866566969375
1.4451740675,0.1599586345,2.5787391074999997,0.229761742
1.48314652,0.20926960925000002,2.5801222924999996,0.0316342609
1.4853841675,0.208064925,2.5752804275,0.051651923
1.4828313299999998,0.202831842,2.5790979875,0.052083458525
1.5310554200000002,0.11230940175,2.572795275,0.0009398195265
1.5271388000000001,0.11477710299999999,2.5779532224999997,0.0008235464495
1.5119756475000001,0.10541188715,2.571469905,0.00060061327975
1.4307115375,0.21724488600000003,2.5757072575,0.042637324899999995
1.4466356325,0.2282363215,2.5944444525000003,0.0087948913525
1.4521376775000001,0.23166527225,2.5880236,0.011618418795
1.43674457,0.22995503625000002,2.593167185,0.008732771844999999
1.4328946175,0.22236962999999998,2.5905324225,0.010902433894999999
1.42758447,0.22461041450000002,2.58038795,0.024662730512499998
1.4512753175000002,0.23926523325,2.5823621725,0.012977947132499999
1.4511225525000002,0.23793507749999998,2.5717925425,0.0325380447325
1.4303729825,0.23807617274999998,2.5857491475,0.0103816421425
1.42443505,0.23455552400000002,2.5770022275,0.0241474660425
1.4394016850000002,0.243957419,2.5813649875,0.0118032899875
1.4490366574999998,0.191043511,2.6255304225,0.00049539292375
1.4308140275,0.1993619205,2.62838894,0.00044527977650000007
1.4388301675,0.20289817825,2.626435875,0.0004921545295
1.425846965,0.19624052200000003,2.6198083149999998,0.0006570158000000001
1.4296458075,0.19792614125000002,2.6122907975,0.0017004248212500002
1.450633405,0.18235549699999998,2.62706852,0.000432592373
1.4447654175,0.17826588824999998,2.6284682750000004,0.00033807211025
1.4492091225000001,0.18208392725,2.6137592775,0.001747021001
1.443341135,0.1779943185,2.6151590325000003,0.00165250073825
1.4351525299999999,0.18341764449999998,2.6288832425,0.00035399790800000005
1.4344201975,0.1924266705,2.6341841225,0.000321464311
1.4424363374999998,0.19596292825,2.6322310575,0.00036833906400000004
1.42945078,0.18153911475,2.622635125,0.00047514733174999996
1.4237513849999999,0.18742674225,2.61935538,0.00065434975825
1.4370726925,0.18827069924999998,2.6062398525,0.00441004386725
1.4528161575,0.17967588825,2.6200574625,0.0006758834144999999
1.44694817,0.1755862795,2.6214572174999997,0.0005813631517499999
1.4334763300000002,0.17603858199999997,2.6164775475,0.001027159888
1.4391806425,0.17769712224999998,2.6136981225,0.00198690086825
1.4263786975,0.18529739599999998,2.61131966,0.002600752152
1.429876,0.19138527274999997,2.60773587,0.00354869036475
1.4315950875,0.17942600699999997,2.6103792175000002,0.002958906422
1.4372994,0.18108454724999998,2.6075997925000003,0.00391864740225
1.46521765,0.19330664725,2.6067959075000005,0.00377391671625
1.4661124650000001,0.18532365174999998,2.6051665550000003,0.00432978221125
1.465313525,0.19767915825,2.6011460425,0.0055017773125
1.4709157675,0.2006425335,2.599210145,0.0063117613525000005
1.47295934,0.18228341625,2.6084877875,0.002097119925
1.4784305125,0.199433837,2.6025418074999997,0.00461580695075
1.4868675199999999,0.19610778225,2.5994645975,0.00502896757575
1.4856460999999999,0.19321114925,2.5937376625,0.016094351399999998
1.4699445375,0.19616025674999998,2.6124007725,0.0015152473489999999
1.4743005325,0.188891217,2.6134704375,0.0013126110852499998
1.4775551574999999,0.19932407124999998,2.6100825700000003,0.0015471535435
1.4819111525,0.1920550315,2.611152235,0.0013445172797499998
1.4781471800000001,0.1911425665,2.5925019975,0.0309174312125
1.4675546000000002,0.19626480725,2.5896338224999997,0.0444560747025
1.4718538550000002,0.19524789600000003,2.59489727,0.02154800179
1.4619523575000002,0.193301432,2.59156972,0.0436460906625
1.4662516125000002,0.19228452075000002,2.5968331675000003,0.020738017749999997
1.4692711849999998,0.17776837599999998,2.5830038775,0.17376969195
1.4705093224999999,0.17685611549999997,2.5902428625000002,0.1146274539575
1.4629197425,0.17868250249999998,2.5835524775,0.1543383952
1.4619547725,0.18427484874999997,2.5822355150000003,0.13227235325
1.459807215,0.18711677949999997,2.588852285,0.07460427578500001
1.4681652500000002,0.18484371900000002,2.59825176,0.01972645213
1.500288635,0.1832914315,2.5953364349999997,0.0028171409787499995
1.4998220500000001,0.176861059,2.5966372474999995,0.0021986458884999996
1.5051281749999998,0.185280338,2.59977871,0.0011558481415
1.492887555,0.1853576935,2.61120099,0.00053749807925
1.4946874074999998,0.172838468,2.6085426825,0.00044304016399999995
1.49515122,0.17671720300000002,2.6134393824999997,0.00036324444225
1.5008877525,0.19037438175,2.6035491225,0.00118319922275
1.50088498,0.18782274425,2.609746635,0.00048490841075
1.5044539275000002,0.17405711125,2.6016858224999995,0.00050044322075
1.508836925,0.1790095495,2.6030775299999998,0.00045055175375
1.506534815,0.17997679125000002,2.6096845275,0.00032129593475000004
1.49140981,0.19110939999999998,2.6025128375,0.0020105762799999998
1.4873287975,0.187166415,2.6066597125,0.00139477939125
1.4948267925,0.18548884224999998,2.5933799124999997,0.01390987588425
1.49018839,0.18821276699999998,2.5967859024999997,0.01307596010425
1.5024771700000001,0.1705106645,2.6076946275,0.00035354066500000006
1.5029409825000002,0.17438939950000001,2.6125913274999997,0.00027374494325
1.4452469350000001,0.16450623050000002,2.6099945300000003,0.0011863422562500001
1.44470042,0.15195966125,2.6089939475,0.0006089736055
1.44654876,0.1506739855,2.6032503250000003,0.00210797058325
1.4528958775,0.1586012395,2.59464586,0.0553471755415
1.45151257375,0.16176763175,2.5905120999999998,0.13121812827075
1.45516807,0.15502736725,2.611354115,0.00043868544525000003
1.4493986675,0.1547335385,2.61308098,0.000420246197
1.4554789074999999,0.161351666,2.6118714825000002,0.000637086804
1.4497095049999997,0.16105783725,2.6135983475,0.00061864755575
1.4554973225,0.15413050749999999,2.598398925,0.00379906373575
1.4528969525,0.15101732325,2.6023330700000002,0.0020956471045
1.459418385,0.155710012,2.6024156825,0.00231850600625
1.456818015,0.15259682775,2.6063498275000003,0.000615089375
1.4579550025,0.19990564875,2.6028276674999997,0.005040988385
1.4544360049999998,0.20724084225,2.6041686549999996,0.0031894061825
1.4578591275,0.19553313774999997,2.6084775325000003,0.0033131277887499997
1.4568749075,0.1998106575,2.6147150999999997,0.0010603709155
1.4519797275,0.2078317515,2.6112026,0.0013992442167500001
1.4500415625,0.19521230075,2.6175376175,0.0009020393402499999
1.44579604,0.19241466,2.6035230725,0.0050329668725
1.4414535750000002,0.1920451075,2.6085971575,0.00284460927475
1.44206214,0.2010509855,2.61739397,0.0008910000679999999
1.4378448425,0.199200347,2.6118295175,0.0018875343362500002
1.4428856075,0.20875573149999999,2.6136608724999997,0.00122777546325
1.43866831,0.20690509299999998,2.60809642,0.0022243097315
1.45237374,0.18930187825,2.6077034450000003,0.00409873397375
1.448031275,0.18893232575,2.61277753,0.0019103763759999999
1.41016829,0.18046862624999999,2.5743032699999997,0.052486928687500004
1.4127396325000001,0.18651717875,2.5852791049999997,0.020319355889999998
1.4109691375,0.18017809825000003,2.5821294175,0.029076484265
1.4262298025,0.19573469075,2.580067515,0.049335193825
1.4293379174999998,0.1936896555,2.5727326274999998,0.09638103102500001
1.4192548375,0.09805758842500001,2.5736828449999996,0.00033267445725
1.4248073975,0.10434860530000001,2.5775675775,0.00055826174625
1.42672008,0.10577350834999999,2.573108735,0.000914019156
1.3943216525000002,0.21319156125000002,2.57950163,0.00789321202
1.3915704500000001,0.20306623725,2.5772675875,0.008572686692500001
1.4050614825,0.1934769635,2.572654545,0.0334245422875
1.3963116725,0.19507879749999998,2.58113557,0.008910790895
1.3967873750000002,0.19301783649999998,2.5720908049999998,0.021479739924999998
1.4034642,0.21345371724999998,2.5878984925,0.006491624310000001
1.4095972175,0.20505238674999998,2.5900906900000003,0.00824325977
1.4051958925,0.196802791,2.58556181,0.009982951682500001
1.41073957,0.19397582824999998,2.580347835,0.0232123667375
1.4181094749999998,0.20746175174999998,2.5884019725,0.010475713800000001
1.4219422924999998,0.20484313724999997,2.58140701,0.028802656125
1.4189737125,0.19960680949999998,2.5778817524999997,0.03979961715
1.4105942274999999,0.22467475375,2.5777833475,0.0206725881275
1.4190857125,0.22024488450000002,2.5796383025000003,0.0222999041375
1.42221278,0.21287935600000002,2.5749576100000002,0.040274498525
1.4094057100000001,0.22135481950000002,2.58698833,0.006878960902500001
1.4178971949999999,0.21692495024999997,2.5888432850000003,0.008506276912500001
1.364206405,0.14277168725000003,2.57848972,0.0005802997810000001
1.3704135124999999,0.14247135075000003,2.58353281,0.0005985481592500001
1.3649012749999998,0.1489117705,2.5807935,0.0006417845115000001
1.3688464774999998,0.15546824025,2.5775730599999997,0.00093368922525
1.3794826875,0.1566284,2.5805915575,0.0015189840055000001
1.41110858,0.12895214,2.5805701625,0.0038189777607499998
1.40687674,0.13254354699999998,2.58426869,0.002738720511
1.4039373075,0.13840521475,2.57767445,0.00536711843025
1.400783805,0.12862248725,2.584982455,0.0010236178885
1.4016993625,0.122453915,2.5801005975,0.00108555719825
1.40806627,0.12290828675,2.5775536325,0.00233209629825
1.4079693249999998,0.13948393975,2.572466555,0.0255389826375
1.4124932575,0.13402496275,2.5743728299999997,0.024119345179999998
1.4035924975,0.17566529275,2.5939645749999998,0.0048229575185
1.4011153,0.16903481625,2.5832449774999997,0.0152311336125
1.4041413974999999,0.162032377,2.583702025,0.01749551825
1.4069205825000002,0.174295362,2.5864818075,0.0161914411575
1.3950814325,0.17271858075,2.5947730525,0.0033186437787500003
1.399843575,0.1578948645,2.5899302325,0.006068415916750001
1.39433247,0.165775299,2.59962487,0.0012307627330000002
1.3927091674999998,0.1610363125,2.5935259425,0.0017108564795000002
1.3884784,0.171412844,2.5883119074999996,0.00345142242275
1.3870758724999999,0.165238019,2.5883193575,0.0019022538177500001
1.3911841825,0.16909901025000001,2.5842666000000003,0.0039954286175000004
1.387384385,0.1775977795,2.57418078,0.014139165405000001
1.3895467225,0.16961363675000002,2.5768411725,0.013080064675
1.384337545,0.16116405625,2.573397275,0.01128952645
1.39947784,0.16954944275,2.57581955,0.02431576967
1.543447345,0.085233911875,2.6448013175,0.00031872936949999995
1.539788335,0.081661622975,2.64962083,0.0002624873595
1.5511849225,0.08321833237500001,2.6439250100000002,0.00036782887049999994
1.54140654,0.081849550825,2.6383962025,0.0003294070265
1.5377475299999999,0.07827726192500001,2.643215715,0.0002731650165
1.5554958275000001,0.078944228575,2.651094615,0.00034246040024999997
1.5593061125000003,0.07296405357499999,2.6474489575,0.00036743161775
1.5533443975,0.079777430725,2.6369668225,0.00040909597749999994
1.5474069400000001,0.07810899800000001,2.6338897925,0.00038666294125
1.5566227700000002,0.073376990825,2.6392567149999997,0.000397710166
1.5529738625,0.06800227517500002,2.6364520775,0.000377004304
1.5471227725,0.070598089125,2.6336926199999997,0.0003627107435
1.5500169375000001,0.06350456830000001,2.6416352974999997,0.00032335378275
1.5388421425,0.067345939575,2.6467099175,0.00024253198
1.5375987875,0.07190018705000001,2.64207977,0.00026559305124999996
1.54950708,0.076432464625,2.6572785975,0.00028274114075
1.550309805,0.06848832125,2.6587544675,0.00026957650700000003
1.541537165,0.077134279525,2.654928505,0.000251867601
1.5562121850000001,0.06673583852500001,2.6522529125,0.00032115629075
1.5505719175000001,0.06265106890000001,2.6492438899999997,0.00029778431774999997
1.542216985,0.0634073196,2.6416932324999998,0.00027482179225
1.54097363,0.067961567075,2.637063085,0.0002978828635
1.5446695375,0.064403551625,2.655745445,0.000246204534
1.540739715,0.069195671,2.6531535374999997,0.00023948418675000003
1.433114705,0.102244110725,2.582833825,0.000401893934
1.4347389925,0.09511590005000001,2.5806362624999997,0.0001741463295
1.4294591525,0.101343911075,2.5774695875,0.0004559991115
1.431371835,0.102768814125,2.573010745,0.00081175652125
1.4416710124999998,0.111063271775,2.5733160975000002,0.07035043776125
1.4313183425,0.090131808075,2.573627055,0.00015702396925
1.4273259925000001,0.0939264316,2.5731781725,0.00022957103099999999
1.4400247325,0.09058258870000001,2.572433115,0.00016968469400000002
1.4343678075,0.138497118,2.57745421,0.11538004870499999
1.43616779375,0.1403920445,2.5723517549999997,0.1960119453525
1.4361257575,0.1454370245,2.57849419,0.161156480765
1.43761372875,0.14223651975,2.58375555,0.0836912529125
1.4408849199999998,0.14730515325000001,2.5779036275,0.188347367265
1.4399933099999997,0.143170584125,2.5834602687499997,0.0972866961625
1.4436708999999999,0.14951327075,2.584388315,0.1207722404925
1.4460190099999999,0.150920046375,2.5786133125,0.19913850624625
1.4466646625,0.14556599050000002,2.588459135,0.07280515883500001
1.44751589125,0.14894640625,2.5806487225,0.1751549654175
1.4315694275,0.13535752525,2.5838711275,0.046272972481
1.4463487874999998,0.14285841225,2.5799716124999996,0.1411920263575
1.4433211999999997,0.143484734,2.5720856199999997,0.210066361015
1.44121145,0.1412603745,2.5805512649999995,0.1081461930375
1.4338391424999999,0.129072521,2.5878894325,0.004220796535000001
1.4391076274999999,0.131712653,2.57946968,0.074139613509
1.43899724,0.13735582325,2.57346356,0.143167443455
1.4433584524999998,0.14390372125,2.5965144625,0.0036654477579999996
1.4432273825,0.1317524315,2.5850730525,0.071762584023
1.44553779125,0.13602077975,2.5721555062499997,0.17582669451150001
1.4461445825,0.13676928,2.586952925,0.0719160793115
1.44699639125,0.13852920400000002,2.5730954424999997,0.17590344215575002
1.4379588975,0.12911229950000003,2.593492805,0.0018437670489999999
1.437142135,0.13560316325000002,2.596939265,0.001947118418
1.4429681024999998,0.13811643425,2.5984083399999998,0.0021798599845000003
1.42585045,0.1420642395,2.5970345725,0.005448883410750001
1.43184182,0.14101205375,2.5940245975,0.006778777764000001
1.4332210725,0.14726674550000002,2.5839580875,0.096927425565
1.42093092,0.140207525,2.5912642475000003,0.0069867902027500005
1.4168405225,0.14618036125,2.5890797350000003,0.01141513795175
1.420389085,0.1465827485,2.5826156725000002,0.05337383254
1.4244794825,0.14060991225,2.584800185,0.04894548479099999
1.4303888675,0.14080619425,2.5865598325,0.048727602340999994
1.4695486725,0.21009878050000003,2.5910035975000003,0.0130715449275
1.4659944175000001,0.20312775300000002,2.5872571475,0.0362129604775
1.476231695,0.21460862825000002,2.5860465175000003,0.01391258835
1.4760803599999999,0.2113667615,2.5789732325,0.036159747975
1.462415635,0.2044981645,2.5741378675,0.09252550215
1.4726125,0.22240939725,2.58290255,0.014074549549999999
1.4724611650000001,0.21916753049999999,2.5758292650000003,0.036321709175
1.46503657,0.223497182,2.5880205025,0.01222565567
1.4645255799999999,0.21641964825,2.5923039900000004,0.0107911155225
1.456897675,0.22426575799999998,2.5836421825,0.018438628470000003
1.4647204275,0.21865220725,2.5721641175,0.059280398375
1.4567328675,0.22266265,2.5748590824999997,0.04324621155
1.453775315,0.2150129975,2.5718470824999997,0.078378255025
1.4397627700000002,0.15871467075,2.5745304825,0.22573912525
1.4305666675000002,0.152497284,2.57908982,0.14312057279999998
1.4382305149999999,0.15253569175,2.57303536,0.2345405145
1.4334713525,0.150667563,2.5736259224999998,0.207349628
1.423644065,0.152009569,2.5795070525000003,0.099349097325
1.4209969949999999,0.150374271,2.5743828425,0.11481462417499999
1.4401499325,0.21563741575,2.59009284,0.015069097757500002
1.4384659525,0.20914794875,2.59583068,0.0092911198875
1.4432149525,0.20602305225,2.6010342250000003,0.0070599034975
1.4498885275,0.2072827815,2.5995647325,0.007853531195
1.437224745,0.20249145475000002,2.5908610825,0.022837207654999997
1.4524598425,0.2141807005,2.59641701,0.008301749655
1.457847625,0.2125426195,2.5906380400000004,0.015116432047500001
1.4474702474999999,0.21941043824999998,2.5921486625,0.013286099827500002
1.45285803,0.21777235725,2.5863696925000004,0.02010078222
1.44673395,0.19868785875,2.5996932375,0.0089114857
1.453407525,0.199947588,2.5982237450000003,0.0097051133975
1.4439659100000002,0.19698023425,2.59355241,0.022524655089999998
1.4583355775000002,0.20443512125000002,2.5868406900000003,0.0380370754275
1.4362414174999998,0.20370200275,2.5835945025,0.040535459775
1.437484085,0.2119396515,2.5821583875,0.033362709475
1.451304375,0.211602606,2.5789133325,0.0576752163
1.45023453,0.19573009775,2.58844644,0.04523107571
1.4564667925,0.19873800874999997,2.5912786725,0.0330739752375
1.449260025,0.1988445895,2.580354575,0.081335064425
1.4558890150000001,0.2038630025,2.5795452025000003,0.07460365904999999
1.4420080775000002,0.20130527399999998,2.578193965,0.076326895925
1.443250745,0.20954292274999997,2.57675785,0.069154145625
1.47758031,0.19151119525,2.5866951924999997,0.059379373575000005
1.47088203,0.193106659,2.5854539874999998,0.07192273707499999
1.4830862875,0.19627698875,2.5854675775000002,0.046610772275
1.4831607949999999,0.19845439875,2.581881465,0.0585315839
1.4853239349999998,0.1950723045,2.5806257125,0.066628434375
1.4786958725,0.199760344,2.5774106975,0.07864991287499999
1.477656425,0.1851356515,2.5845686774999996,0.1084962765
1.4693218475,0.19996960475,2.5830773125,0.06367962284999999
1.4727247675,0.2036987655,2.5797504775,0.062785366925
1.4681896275,0.201912135,2.57725352,0.0834255809
1.4698042574999999,0.19697477675,2.5720270875,0.132428152425
1.483166815,0.18962821375,2.5757393825,0.120828520475
1.4810052825,0.18445735424999998,2.5784547325,0.1499277613
1.467427345,0.187301353,2.580773115,0.1287808305
1.4753874574999999,0.1820341425,2.5750296125000003,0.19868900425000002
1.4720385999999999,0.18271243974999998,2.5811435575,0.15725751945
1.4674817925,0.1892269405,2.5731700075,0.16954028780000002
1.4921664900000002,0.17216577775000003,2.5933183425,0.00482599770225
1.4936584225,0.17580217874999998,2.59730786,0.0034652369489999997
1.4905005375,0.1753260345,2.6032044899999995,0.0018565337802499999
1.4824452399999999,0.1705534125,2.58991146,0.05683969711
1.4805714499999998,0.17325432424999998,2.586261035,0.132999759055
1.4873835450000001,0.17428123225,2.58878076,0.056988245155
1.4830406025,0.175118234125,2.585695685,0.1330740330775
1.4848436999999999,0.16566345849999997,2.593667685,0.004704247125499999
1.4902385475,0.16642774650000003,2.5955875525,0.00324139380025
1.487179515,0.170339849,2.605133415,0.0017726431677499998
1.477178335,0.17247062925,2.59341085,0.056213183085
1.4779379975,0.17421293262499998,2.58801073,0.1326865020425
1.48301461,0.16431367399999997,2.5995861275,0.00325959575975
1.4884094575,0.16507796199999997,2.601505995,0.0017967424344999998
1.4783234875,0.16886160525,2.60051453,0.00399399825175
1.4801039075,0.17211328075,2.60528046,0.0025338431279999995
1.478646755,0.17929430675000002,2.603069785,0.0033682660987499995
1.4854055924999998,0.181013491,2.6035599124999997,0.0026340193704999996
1.4909625025,0.18091108275,2.5936410399999996,0.01460743195175
1.4863240999999998,0.1836350075,2.5970470299999997,0.01377351617175
1.4755408475,0.17759670699999996,2.59279424,0.0701919046625
1.4752288475,0.18116870899999998,2.597687245,0.0188071428
1.4864963275,0.17953392125,2.588466285,0.0667427261725
1.479920535,0.18093217925,2.588980375,0.08057289970499999
1.479608535,0.18450418125,2.59387338,0.029188137842499996
1.4466914825,0.17388898149999998,2.6055464725,0.0066783193975
1.4483042949999998,0.168350544,2.6053506725,0.005762678156500001
1.455370365,0.172031667,2.5887917875,0.13517340965
1.4494571674999999,0.172598578,2.5894474400000003,0.1075860125
1.4479264,0.17676359425,2.5940454,0.0569323906975
1.457518665,0.16685652,2.5913480525,0.1041008155075
1.4541048975,0.16373122875,2.595745625,0.058424514464
1.443624675,0.17450236549999998,2.5995922675,0.024689181412499997
1.451807525,0.18061228475,2.59650564,0.0410035478825
1.458046495,0.17689651625,2.6026581525,0.0081961977775
1.4516662925000001,0.17864825225,2.6035134175,0.008425938467500001
1.4623681,0.16926980025000002,2.5950907475,0.053217453015
1.460249425,0.1688549035,2.6052568575,0.0059384054905
1.455482035,0.165068202,2.6059163225,0.0052525049395
1.4625389575,0.16564378899999999,2.600805345,0.007443420763
1.4577715675,0.1618570875,2.60146481,0.0067575202119999995
1.458231,0.18144890675,2.5929668525,0.055454182134999995
1.4602630724999999,0.17703330525,2.5898509599999997,0.0989704221
1.46228978,0.1801927575,2.59710288,0.023484431392499998
1.4643218525,0.175777156,2.5939869875,0.0670006713575
1.38990435,0.134176621,2.5876238325000003,0.00053162605775
1.3830467475,0.13112120125,2.58557987,0.00034620576499999996
1.39480862,0.13252846325,2.5814408650000003,0.001130372754
1.3790190825,0.13825164350000002,2.58699125,0.00038855205299999997
1.37774423,0.14096128925,2.57988721,0.0007729087892500001
1.384143055,0.145852223,2.5872704375,0.0010170831855000001
1.3903057875,0.1427675595,2.58701062,0.00114101874775
1.3828682025,0.14856186875,2.5801663975,0.00140143992175
1.3966515949999998,0.138441812,2.576987625,0.0037965493115
1.3942791225,0.145074371,2.5795179,0.0038235289715
1.3887388425,0.14734477525,2.5743017775,0.00402527019125
1.4172545375,0.15167078725,2.593867895,0.010285490176750001
1.4094953849999998,0.15273346725,2.5970311725000004,0.005483551218500001
1.4059490875,0.15871541174999998,2.5946178399999997,0.006044478074250001
1.4086831825,0.15305598425,2.6060183025,0.00104989928175
1.4082954824999998,0.170311015,2.5986596325,0.0032498510710000004
1.4235815725,0.1515314725,2.6062799675,0.001195420868
1.42343694,0.14968523725,2.5990880700000005,0.0060397400747500005
1.4165869675,0.15383953949999998,2.6100469225,0.00100751903325
1.41810015,0.161768332,2.61375469,0.00093981458875
1.4111661024999997,0.16649222,2.61098063,0.0010408135315
1.4133549624999997,0.17225786299999998,2.6047807324999996,0.00262121977075
1.4046969724999998,0.16121638175000003,2.60744816,0.001011872406
1.403143765,0.16428201250000002,2.60026717,0.0017508310852500002
1.4253304325,0.1656825355,2.61047095,0.0015066837155
1.4225783649999997,0.17092798274999998,2.6048347925,0.00304808394975
1.4346380225000002,0.1318420025,2.5720073599999997,0.11031522372500001
1.43173450125,0.131032666375,2.5727491687499997,0.1005476356
1.4292915175,0.1538098675,2.5975112300000003,0.009504797262999999
1.4433164900000002,0.15399520099999997,2.5992460250000002,0.005716991957
1.4341773425,0.15824466175,2.6061685075,0.00463118633125
1.42943615,0.15565610275,2.6047031275,0.00466047805625
1.4296718275,0.16187837324999999,2.6051863424999997,0.00503944534825
1.4404775525,0.14889412,2.5955035075,0.0070704910155
1.4347868875,0.1485157235,2.5944827175,0.010416562588
1.4412177525,0.151367385,2.5898661,0.0550877165925
1.4355270875000001,0.1509889885,2.58884531,0.058433788165
1.437875035,0.15806249875,2.6057410225,0.00463043698775
1.4414681500000002,0.15528087675,2.6049896475,0.004217994979250001
1.4417038275,0.16150314724999998,2.6054728625,0.0045969622712499995
1.443974645,0.15784188725,2.5892064575,0.1053034805775
1.4470632375,0.15880927074999998,2.594575705,0.057252780284
1.44859625375,0.16187164737499998,2.5904770225,0.132170930642
1.4422617575,0.169039663,2.597087085,0.027262202064999998
1.4447611875000002,0.16534746075,2.600829005,0.009173298171499998
1.4418116525,0.163614314,2.58816427,0.12200955795000001
1.4457728275,0.16763146225,2.5919335500000003,0.0784190231
1.4482722575,0.16393926,2.59567547,0.0603301192065
1.429753005,0.1578497365,2.58234304,0.11233639805000001
1.4322706175000002,0.15779601399999998,2.5886444425,0.06827841365
1.4193690724999999,0.162562214,2.5796953425,0.07519008595000001
1.4228304024999998,0.1573620215,2.5827602725,0.068564922575
1.43579829,0.16394683724999998,2.5886230450000003,0.08163841945
1.4371838575,0.16576173924999998,2.58324313,0.1383063216
1.434189945,0.1621989945,2.578374265,0.167764064
1.4199894375,0.15742562699999998,2.5906570524999997,0.021460010015
1.4270249025,0.15895646049999998,2.5932996850000003,0.02066944709
1.4124858100000002,0.16436580575,2.5851602524999997,0.0282279712175
1.413639935,0.16181729725,2.5912317,0.0173156434825
1.4352937675,0.16769584275,2.5947436675000004,0.034000161165
1.4138624675,0.17045396575000002,2.587947485,0.025374725520000002
1.4150165925000002,0.16790545725,2.5940189325,0.014462397784999999
1.4238000825000001,0.16875403,2.5979161825,0.014290308232499998
1.4294588899999998,0.16419670349999999,2.5977715825,0.016352991005
1.4332781449999998,0.17377291625,2.5959262825,0.032318331117499995
1.4271430374999998,0.1747137755,2.59750342,0.015655406344999998
1.4382863049999999,0.18232235700000002,2.58029169,0.11055532745
1.4361759125,0.1856657715,2.5730629575,0.14210919385
1.4286662925,0.18720334025000002,2.57383728,0.105929087975
1.4400746524999999,0.17599340175,2.5775126825,0.15685732485
1.434797675,0.1714211295,2.581841885,0.11840576885000001
1.4341133824999999,0.18219694875,2.58743751,0.06271247875250001
1.431396485,0.175683301,2.588404415,0.0600560366525
1.4318037625,0.16785838475,2.5769730199999996,0.14786351125
1.4177308075000001,0.17961329225,2.5729418400000004,0.07862223605000002
1.4252613775,0.17662416025,2.5899815525,0.043393111879999995
1.4255581775000001,0.1892483755,2.5811721675,0.058883250775
1.4203021500000002,0.18566184475,2.5839176750000004,0.0464546632525
1.4185316550000002,0.17932276425000002,2.5807679875000002,0.055211791627500006
1.4207642974999999,0.17321292325,2.5843228675,0.0529403415025
1.4239054925,0.16870931925000002,2.577876865,0.099061008675
1.428894875,0.18758539849999997,2.5875436649999997,0.0472205079525
1.4236388475,0.18399886775,2.5902891725,0.03479192043
1.416362405,0.15420201425,2.57225871,0.09203324470000002
1.4155481449999998,0.16103750475,2.57431799,0.08319288122500001
1.408857465,0.15076748275,2.571627855,0.047009053849999996
1.4030918175,0.1542339175,2.575070975,0.027280300482500002
1.4066016675000002,0.160280563,2.5775271625,0.0361119065075
1.4025987975,0.16418333725,2.571907875,0.041501849307500005
1.3838933425,0.12126763350000003,2.5744403,0.00037484594225
1.383357795,0.128927851,2.5774402,0.000519585734
1.39085424,0.12989587150000004,2.5751891125,0.0011211372065
1.3916665025000001,0.118154481,2.571602405,0.00062220554475
1.3950976425000001,0.12381542100000001,2.5728594075,0.00120482486275
1.3799525825,0.135244034,2.57337564,0.0008876088040000001
