1.87005162,0.517597079,1.01403546,0.00146772433
2.19420862,0.619882166,1.17084134,0.000352095754
2.72238803,0.683118761,1.24739349,0.000464634213
2.57955098,0.610918403,1.54513466,0.000541155634
2.73448277,0.772742569,1.91141462,0.00046438814
2.29798937,0.742114604,1.51010013,0.000149441941
1.95090342,0.913323164,1.07632113,0.000348641945
1.78390062,0.851730347,1.40214169,0.000820757239
2.70536518,0.679443479,2.25260091,0.00105380581
2.49088359,0.642422199,2.06827641,0.000351612922
1.9889611,0.661803246,1.45570457,0.00049649796
2.10414982,0.612436533,1.68241346,0.000989508349
2.41233134,0.70794946,1.78036451,0.000185604673
2.45027924,0.539556146,2.35073471,0.00153400213
2.8346858,0.833115935,2.50774384,0.00147733395
2.30207467,0.527978599,2.48622394,0.00174317684
2.24352121,0.684657097,2.03595972,0.0002393256
2.21884727,0.548203051,1.85734248,0.00122522865
2.03910995,0.867830157,1.62965107,0.0001209845
1.76848555,0.70214808,1.66678894,0.00116648932
2.66661358,0.981336653,2.19620371,0.000368682144
2.51980472,0.857652009,2.52147365,0.000430682587
1.81817722,0.638483822,1.90798414,0.00281546195
2.0311799,0.862270474,1.34090436,0.000177722279
2.1089716,0.600073397,2.35910487,0.000449938496
2.07450771,0.60085547,2.14760637,0.00101229979
2.47337365,0.858711243,2.00524235,0.000120252589
2.39673591,0.818742573,2.25939107,0.000154521709
1.99210989,0.521318316,2.30435038,0.00130580843
1.87150848,0.523902535,2.02144122,0.0062609585
2.10225654,0.571821034,2.53787208,0.00120898348
2.02184558,0.632740021,1.94376457,0.00131240126
2.27886343,0.612854779,2.2782495,0.000397266354
2.08014202,0.816960454,1.88969982,0.000119032979
1.81409836,0.950980425,1.65743613,0.000842947979
2.2008481,0.77675575,2.4524138,0.000198608541
1.90679932,0.836398065,1.88669276,0.000204952565
2.05763507,0.809798479,2.11016679,0.000100204074
1.93633366,0.668215036,1.74674249,0.000940138707
1.90574539,0.594774902,2.21347928,0.00139746605
1.74514186,0.526422501,2.17851114,0.00382833648
1.8893795,0.712227285,2.05608392,0.000607465452
2.00291586,0.716246843,2.26963592,0.000190685634
2.19376826,0.782410204,2.23389864,0.000102516497
1.73001909,0.912735462,2.0393343,0.000473539054
1.98482895,0.541244984,2.47513962,0.00100962818
1.90515041,0.628669679,2.36859703,0.000332255324
1.79705703,0.610810161,2.11224961,0.00255838712
1.77662301,0.534151971,2.30764699,0.00123027316
1.78611422,0.675053,2.25821066,0.000452807319
1.73057616,0.725751996,2.04494214,0.000860351196
2.0032804,0.713426054,2.45774698,0.000215387816
1.73589683,0.810895801,1.87122071,0.00102691643
1.86193192,0.539723039,2.4949975,0.000877131999
1.88022101,0.780552328,2.5490737,0.000152212349
1.8614713,0.822793603,2.17148495,0.000149430751
1.790007,0.605117381,2.41322351,0.000383502047
1.74652481,0.740517795,2.40826821,0.000148016014
1.8588208,0.660292685,2.49428678,0.000352746894
1.75258327,0.55553472,2.51381731,0.000436349685
1.72328281,0.690602601,2.54097033,0.000193657019
2.5770534275,0.9421748220000001,1.1616548455,0.00025369597824999996
2.642584233125,0.92552647725,1.073578712125,0.00013850381181249998
2.70811503875,0.9088781325,0.98550257875,0.000176901200625
2.7736458443750003,0.8922297877500001,0.897426445375,0.00021529858943749997
2.4726950929166667,0.9373662123333335,1.1474325595833335,0.0003328176172083333
2.3683367583333332,0.9325576026666667,1.1332102736666667,0.00031699328941666664
2.2639784237500002,0.927748993,1.11898798775,0.000301168961625
2.1596200891666664,0.9229403833333334,1.1047657018333332,0.0002853446338333333
2.0552617545833334,0.9181317736666667,1.0905434159166667,0.00026952030604166665
2.625498295,0.8558228016666667,1.1902343936666666,0.00039432146808333337
2.6739431624999996,0.7694707813333334,1.2188139418333335,0.00032400872316666666
2.1662719635,0.8969431995499999,0.88034936175,0.0003092239789
2.094482449,0.9024031877,0.9456732845,0.00028951499585
2.0226929345,0.90786317585,1.01099720725,0.0002698060128
1.7492563749999999,0.7224324495000001,1.0055140112499998,0.0025263651487499998
1.8164720566666666,0.7860626876666668,1.0291163841666666,0.0010745496795833331
1.8836877383333333,0.8496929258333333,1.0527187570833332,0.0018004574141666663
1.8096539975,0.62001476425,1.009774735625,0.001997044739375
1.7872508000000003,0.8764407728333332,1.0044103686666666,0.0011715867787499999
1.86907711,0.8948819684166667,1.0403657493333331,0.0019945316125
2.7526348824999998,0.6004806755000001,0.9847762440000001,0.0010370018165
2.670483748333333,0.5604391393333333,0.9584013923333334,0.0011564599388333332
2.5883326141666663,0.5203976031666667,0.9320265406666668,0.0010967308776666665
2.7814821383333332,0.6921809313333334,0.9263009333333334,0.0004124048875
2.8103293941666667,0.7838811871666667,0.8678256226666667,0.000724703352
2.816021045,0.5212759273333334,0.9820873243333335,0.0019237190255
2.742552598333333,0.628026704,1.072315326,0.0006554234141666667
2.732470314166666,0.6555727325,1.1598544080000002,0.0008462126153333334
2.8332368725,0.6955060515,1.47390127,0.0007932743467500001
2.7486749083333333,0.6673101686666667,1.4976457333333335,0.0006251952049166668
2.664112944166667,0.6391142858333333,1.5213901966666667,0.0007092347758333334
2.7962872583333334,0.6913769546666667,1.3983986766666667,0.0005741809242500001
2.7593376441666666,0.6872478578333333,1.3228960833333334,0.0006837276355000001
2.797403651666667,0.6362379593333333,1.5877285966666665,0.0007511849546666667
2.6884773158333335,0.6235781811666666,1.5664316283333335,0.0009612142753333333
2.7511653299999996,0.8775015475000001,1.49911615,0.00039773145725000003
2.6939605466666663,0.7886404993333334,1.5144556533333335,0.0004933475750833334
2.6367557633333334,0.6997794511666666,1.5297951566666668,0.0004455395161666667
2.803102453333333,0.891432067,1.5628714333333336,0.0004550669190833333
2.8550395766666665,0.9053625865,1.6266267166666668,0.00042639918816666665
2.7623103999999996,0.982295140625,1.5027257250000001,0.0001754838633125
2.7415728966666664,0.8127072853333334,1.4152085966666668,0.0004423332944166667
2.731980463333333,0.7479130231666666,1.3313010433333334,0.0004200323758333334
2.849868114583334,0.9431425105416665,0.8814101392499999,0.00015100906029166664
2.8539017562500004,0.9440669115,1.1187258096250001,0.0001338765938125
2.8489933875,0.921238422,1.01560064375,0.000167646764625
2.84408501875,0.8984099325,0.9124754778749999,0.0002014169354375
2.8133360933333336,0.8723031876666666,1.230365147,0.0003881518440833334
2.7678620616666665,0.7777109743333332,1.2388793185,0.0003116694751666667
2.8374171106249997,0.9041471778125001,1.3934300456250002,0.00043124920050000004
2.79907408375,0.8304710388750001,1.34475119375,0.000397864188
2.760731056875,0.7567948999375,1.296072341875,0.0003644791755
2.8008692466666663,0.7206884475833333,1.3038936658333333,0.0006393027726666667
2.0333265999999997,0.8726293295,0.9113403516249999,0.00033701608699999996
1.99211501,0.89297624675,0.9938307408124999,0.00033120315799999993
1.8763945125000001,0.6804162709999999,0.93455362375,0.00128543946625
1.9695831562500001,0.6698234004999999,0.865268081875,0.000843359343125
1.7915467450000002,0.6641156176666666,0.9069942041666665,0.00237788806875
1.901230815,0.7580519019999999,0.9818094591666666,0.0006609077854166667
1.9260671175,0.835687533,1.0290652945833332,0.0009731736258333333
1.87322306625,0.5990066749999999,0.974294541875,0.0013765818981250001
1.9369034000000003,0.9155473403333332,0.9079156741666665,0.0005342663321666666
1.9439034099999999,0.9144352521666665,0.9921184020833332,0.0007198907193333333
1.8325626275000002,0.8159833987499999,0.8974946005,0.00157655076375
1.9092990183333336,0.7637324424999999,0.8636572469999999,0.00079303640125
1.7623254883333335,0.7544937028333333,0.8822881886666667,0.0024749251679166665
1.7866164450000004,0.8972774625,0.8869295226666667,0.0022802966012499997
1.7406702625000001,0.9785715262499999,0.8763644448333333,0.0019284236825
1.89173302375,0.864653281375,0.98690786525,0.000962596354375
1.86521258875,0.52456140875,0.9256501848750001,0.0022334479762499996
2.808942735,0.69990989575,1.7337054875,0.0008664474085
2.7717127525,0.736326232375,1.82256005375,0.00066541777425
2.7324788166666667,0.6702460648333333,1.6708485450000001,0.0006495862255
2.6560148983333334,0.6405822339166667,1.6079916025,0.000758016817
2.8097327983333336,0.7639800605,1.8758600625,0.0009346156
2.8186910383333337,0.7322386350833333,1.91651047,0.0012829841233333334
2.4266691799999998,0.7729763835000001,1.075976568,0.00031636958375
2.3491823266666665,0.7219449776666667,1.1075981586666666,0.0003401870305833333
2.271695473333333,0.6709135718333333,1.1392197493333334,0.00032827830716666666
2.509170674,0.7934973954,1.0226513168,0.00014335905514999999
2.591672168,0.8140184073000001,0.9693260656,0.0001866116873
2.674173662,0.8345394192000001,0.9160008144,0.00022986431945
2.7566751560000005,0.8550604311000001,0.8626755631999999,0.0002731169516
2.331516028,0.8010457396,1.0760454804,0.00034218747275
2.236362876,0.8291150957000001,1.0761143928,0.0003357330005
2.141209724,0.8571844518,1.0761833051999998,0.00032927852824999996
2.046056572,0.8852538079000001,1.0762522176,0.000322824056
2.5005988925,0.750511977875,1.1188307985000001,0.0004275680556875
2.574528605,0.72804757225,1.161685029,0.000390501898375
2.6484583175,0.705583166625,1.2045392595,0.00035343574106250003
2.565488695,0.6647346092499999,1.03330920775,0.0005332563475
2.47266867625,0.6535214984375,1.0676922408124998,0.000397385902375
2.3798486575,0.642308387625,1.102075273875,0.00044267605075
2.28702863875,0.6310952768125,1.1364583069375,0.000487966199125
2.5358350874999998,0.572545338125,0.9694804483749999,0.0008747226737499999
2.63391068375,0.7174463176874999,0.9773194838124999,0.000208393904125
2.7023326725,0.770158026125,0.9213297598749999,0.00031668138525
2.77075466125,0.8228697345625,0.8653400359375,0.000424968866375
2.6177884733333334,0.6708626598333333,1.1046706351666666,0.00048750825783333335
2.6700882516666664,0.6769907104166666,1.1760320625833334,0.0005103823026666667
2.2340612425,0.521356657,0.97097693475,0.001522030731
2.2141349312500003,0.5706194115000001,1.070909137375,0.0009370632425
2.1769647616666665,0.5673146146666667,0.9126454698333333,0.000774863057
2.3247679883333334,0.5076897936666667,0.9492018528333334,0.0013181362436666666
2.3555995825,0.7824391572499999,0.9032246642499999,0.000278128533
2.315251841875,0.7417999094375,0.9701288331875,0.00033360394875
2.2749041012499998,0.7011606616249999,1.0370330021249998,0.00031511214349999996
2.234556360625,0.6605214138125,1.1039371710625,0.00029662033825
2.452314996,0.8010676144,0.8844497938,0.000135710845
2.5490304095000003,0.8196960715499999,0.8656749233500001,0.00017131526699999997
2.27466035,0.8086159585999999,0.9378439573999999,0.0003345392626
2.1937211175,0.83479275995,0.97246325055,0.00032043658020000003
2.112781885,0.8609695612999999,1.0070825437,0.00030633389780000003
2.0318426525,0.88714636265,1.04170183685,0.0002922312154
2.4944190975000002,0.674197383,0.860557304,0.00049501529675
2.419366478125,0.66061857875,0.938128313,0.00038782563968749997
2.34431385875,0.6470397745,1.015699322,0.000423555525375
2.269261239375,0.63346097025,1.093270331,0.0004592854110625
2.50030028875,0.5772767249999999,0.8831044965,0.000855602148375
2.0194838649999998,0.6775082347499999,1.0142951175000001,0.00064243531225
2.1068462424999996,0.648695200375,1.09256822875,0.000497265533125
2.0411278325,0.6683693823749999,0.9051388287500001,0.000521857266125
1.9966237166666665,0.7561132111666666,1.034970455,0.00044657306741666667
1.9737635683333332,0.8347181875833333,1.0556457925,0.0005445041898333333
1.9447677424999998,0.5975526568749999,1.0141652887500001,0.001055079821125
2.0750287775,0.5306669099999999,0.9980728775,0.0015849145635
2.1346186987499998,0.575274538,1.08445710875,0.00096850515875
2.06890028875,0.5949487199999999,0.89702770875,0.00099309689175
1.97254019875,0.5241319944999999,1.00605416875,0.00152631944675
2.16149837,0.7283514289999999,0.89988272125,0.00035342173225
2.1724017866666667,0.692195008,0.9902022608333334,0.00035253774675
2.183305203333333,0.656038587,1.0805218004166668,0.0003529797395
2.0913000533333332,0.790008674,0.9586955241666666,0.00035023520741666664
2.0211017366666666,0.851665919,1.0175083270833332,0.0003518284698333333
2.300317885,0.62010965475,0.8572153610000001,0.000570308496
2.26494813,0.6200338251666667,0.961757354,0.00042483333466666667
2.229578375,0.6199579955833333,1.066299347,0.0004975709153333333
2.3689390833333333,0.5735251255,0.8733608036666667,0.0010008954986666667
2.4375602816666664,0.52694059625,0.8895062463333334,0.0007856019973333332
2.7425506116666662,0.5358455333333333,2.337054095,0.0017811384241666665
2.7239578958333333,0.6076445061666667,2.2948275025,0.0025084710383333334
2.7780591237499994,0.5862968791250001,2.279376985,0.0019828166525000003
2.8523770566666666,0.5510589283333334,1.2626416491666668,0.0009083276622500001
2.787382543333333,0.6170888446666667,1.2550175695833334,0.0013520211115000001
2.7929530516666667,0.5372619283333333,1.5467090983333334,0.0009331715263333334
2.6862520158333334,0.5740901656666666,1.545921879166667,0.0013251874186666667
2.8265609725,0.547042005,1.4123720225,0.00133923406175
2.744224308333333,0.5683341376666666,1.456626235,0.0008071817765833334
2.661887644166667,0.5896262703333333,1.5008804475000002,0.0010732079191666667
2.77447450125,0.615080383,1.32988275625,0.000901934137375
2.63714533875,0.54485792325,1.49144177,0.001149000439125
2.7039558083333333,0.5469045493333333,1.3742970833333334,0.0008953712234166667
2.7131719191666663,0.6150116551666667,1.3108452866666667,0.0013261082338333332
1.8557342,0.5101486965,2.2958511125000003,0.00177716321
2.8126687416666663,0.6528923688333332,1.2194937970833335,0.00096403367
2.855473598333333,0.6738138945000001,1.0910366678333334,0.0005823784025833334
2.788930814166666,0.67846632775,1.1692150789166667,0.0007001225921666667
2.823930145,0.7070039562499999,1.2478601441666668,0.0006152884745
2.8001922175,0.7325779151666667,1.197581426,0.0003513773966666667
2.712138593333333,0.585783698,1.2800204266666668,0.0018465439098333334
2.6972150016666667,0.525460283,1.1332963306666668,0.0009523953530833334
2.709801515833333,0.604289522,1.1903449103333335,0.0014401564931666667
2.7409758175,0.5913795930833333,1.23522935375,0.0016820539115
1.7162086537499999,0.739498876125,1.6050269475,0.003470912717375
1.72391618875,0.8142900096250001,1.4727033225000001,0.0032980466768750003
2.7826433775000003,0.60453465575,2.1020139450000004,0.00159026987
2.7294466787500005,0.516045614875,2.0839336525000003,0.001929604805
2.7440042787500003,0.6419890673749999,2.1773074275,0.00132203784
2.7665898416666668,0.6606039601666667,2.038480836666667,0.00083968205
2.7505363058333336,0.7166732645833334,1.9749477283333334,0.00121497596
2.7094203525,0.5621699805,2.26020208125,0.0019798025725
2.6764397625,0.574192337875,2.261757285,0.00193487662
2.818155726666667,0.6301442978333334,1.9610291299999998,0.0009165741666666667
2.7763192483333334,0.7014434334166667,1.9362218749999998,0.0013687601933333332
2.7542252224999997,0.576721839875,2.2236382675,0.00181781449375
2.5989184975,0.833206922,1.4540456825,0.00031415828
2.4986087883333337,0.802842816,1.4727304983333334,0.00020434738733333334
2.3982990791666667,0.7724787099999999,1.4914153141666666,0.00025925283366666664
2.58923473875,0.7220626625,1.49959017125,0.000427656957
2.63828392,0.9259007216,1.465947436,0.0001439527216
2.6400750083333335,0.783177535,1.3851616183333335,0.0004144755686666667
2.6812315191666665,0.7331481479999999,1.3162775541666667,0.00036431692433333334
2.32916934875,0.95288700625,1.5588974825,0.00017362895125
2.313579359375,0.8475008051249999,1.5344988062500002,0.00018572245637499997
2.6450656649999997,0.8922505082500001,1.56479281,0.00031893338925000005
2.5582965912499995,0.8547165321875001,1.55111964,0.00019181480306250002
2.4715275174999998,0.817182556125,1.53744647,0.000234187665125
2.38475844375,0.7796485800624999,1.5237733000000002,0.00027656052718750006
2.6232274366666664,0.7984731398333333,1.5582400933333331,0.0004670815524166667
2.6013892083333334,0.7046957714166666,1.5516873766666666,0.0003930074708333334
2.732369343333333,0.9012647075,1.6066558733333332,0.00042880089641666666
2.8196730216666666,0.91027890675,1.6485189366666666,0.0003738671428333333
2.68273565125,0.9933568611875001,1.5519832199999999,0.0001557843463125
1.9816814075,0.6319660245000001,1.1335646525,0.00130578220725
1.94662168875,0.5545138567500001,1.20331266625,0.002180224503625
2.0879450137499997,0.62592409525,1.15220299625,0.000828938980625
1.9714220783333332,0.7257517376666667,1.1144834783333333,0.0006676886990833334
1.9611627491666666,0.8195374508333333,1.0954023041666665,0.0009867354531666666
1.92586651375,0.57478155175,1.07380005625,0.001386753268625
2.11571747,0.552503432875,1.14409187625,0.0013001786062500002
1.9536389699999999,0.501360889375,1.06568893625,0.0018579928942500002
2.1433458325,0.5161630715000001,1.17802295375,0.0021197507375
1.91837931,0.99096748125,1.004878725625,0.0006286651864999999
2.6036389150000003,0.9818682886250001,0.9839378974999999,0.00017056848725
2.6821514933333335,0.9464393400833333,0.9257420356666666,0.00019405584199999997
2.760664071666667,0.9110103915416666,0.8675461738333332,0.00021754319674999997
2.117782524,0.9832559520999999,1.1092028712,0.00028407510889999997
2.034342972,0.94828955805,1.0927620006,0.0002625528302
2.3625992875,0.9805523849642858,0.8879029873571428,0.00015026820321428574
2.45791476,0.9595581965714286,0.8721924522857143,0.00017534909332142857
2.098280035,0.9861348958333334,0.971656415,0.00032431884791666666
2.0245917275,0.9497290299166666,1.0239887724999999,0.00029999575083333334
2.8057925064285714,0.9425921626785715,0.8681791064285714,0.00018232757471428574
2.8212705091666668,0.7686786896666666,1.9499838425,0.0012154571633333333
2.7901872987500003,0.705290265625,2.19277215,0.0012348390537499998
2.828167201666667,0.7450055578333333,2.059100466666667,0.0007815495258333333
2.7813249858333338,0.7588740634166666,1.9852575433333333,0.0010987109116666668
2.8512270187500004,0.814258888125,1.9082928424999999,0.000766413515
2.8043287425,0.867418840125,1.92608541,0.0006063426078750001
2.64819342,0.588192284375,2.2973674537499997,0.00184300941875
2.5231771199999997,0.518945548875,2.29582884875,0.0018829937437499999
2.65072009,0.588889215375,2.2467619487499997,0.0016428955837499998
1.719693185,0.64658314,2.3902304174999998,0.00042445591325
1.727217735,0.594991684,2.3650751125,0.0006950201997499999
2.25784462625,0.5499946099999999,1.136368127375,0.0010357744825
2.4588068725,0.5693972780000001,1.16088524475,0.0008059720267499999
2.43562811625,0.531814698,1.240269852375,0.0009984705833749998
2.370607455,0.5862255740000001,1.1642039431666666,0.0005033878449166666
2.2824080374999998,0.60305387,1.1675226415833333,0.0006546799358333332
2.474598408333333,0.5397168743333334,1.0758073928333334,0.0010794500089166665
2.4903899441666666,0.5100364706666667,0.9907295409166668,0.0009427110178333332
2.546667258333333,0.6073044390000001,1.1897213265,0.00057841348425
2.6345276441666665,0.6452116,1.2185574082500001,0.0006921927554999999
2.608824333333333,0.5473545641666667,1.1904538265000002,0.0008543863122499999
2.6656061816666665,0.6152366625833333,1.21892365825,0.0012441384114999998
2.20595675625,0.5183093751250001,1.18384717625,0.00188678853
2.503094435,0.6325959715,1.4055706850000003,0.0005865502320000001
2.4577718975,0.56341404475,1.3626125725000002,0.000888759686
2.43472608,0.6691021823333333,1.4404138333333334,0.0002951447046666667
2.366357725,0.7056083931666666,1.4752569816666667,0.0004408474683333334
2.5413227075,0.6217571872500001,1.4753526725000001,0.0005638529330000001
2.5761922999999998,0.6494369013333333,1.3528449533333335,0.0005052728860000001
2.649290165,0.6662778311666666,1.3001192216666668,0.0005459115590000001
2.4067588449999997,0.6348369122499999,1.3119973550000001,0.0005392852620000001
2.3705023533333334,0.6705961428333332,1.3780316133333335,0.00027938971466666667
2.3342458616666666,0.7063553734166665,1.4440658716666668,0.00040933748833333337
2.3359087699999996,0.6298519968333333,1.26494535,0.0004144922566666667
2.265058695,0.6248670814166666,1.217893345,0.00047688875933333337
2.5119685733333332,0.6509308618333333,1.2904627333333334,0.0004895178960000001
2.6171783016666663,0.6670248114166666,1.2689281116666669,0.000514401579
2.5777837625,0.520996243,1.4065962425,0.00138769415175
2.49511656125,0.5076141805000001,1.36312535125,0.001289331645875
2.57866737125,0.565957323,1.47586545125,0.000964424892875
2.625985185,0.5750370823333334,1.3535286583333335,0.0007723208592500001
2.6741866075,0.6290779216666667,1.3004610741666667,0.0010800075055
2.6239185333333332,0.516581168,1.2918789383333336,0.00103253869725
2.6731532816666665,0.5998499644999999,1.2696362141666668,0.0016004431815
1.736674785,0.8024171142500001,2.4433092475000002,0.0001627242345
1.8084478975,0.791484721125,2.49619147375,0.00015746829175
1.7326180025000002,0.8692672255,2.4153996725000004,0.0001599774475
1.8064195062500001,0.82490977675,2.4822366862500003,0.00015609489825
1.7314578412500001,0.93859273275,2.3560147912500002,0.00014850315675
1.7684756799999999,0.97198838075,2.5201521525,0.00012558379925
1.824348345,0.876270354375,2.5346129262500003,0.000138898074125
1.74938668,0.989953310375,2.40839103125,0.000131306332625
1.7191002075,0.75213502325,2.30442077,0.000508313529
1.7471100400000001,0.66355854275,2.3488800525,0.00045008905374999993
1.75463459,0.61196708675,2.3237247475,0.00072065334025
1.7934359600000003,0.8629145775,2.3349098,0.00017036306225
1.8274536300000002,0.84285409025,2.253197375,0.00015989690662499998
1.8368284850000003,0.82173345275,2.44199175,0.000161287705625
1.7618668200000003,0.93541640875,2.315769855,0.00015369596412500002
1.72727403,0.88439194875,2.2377241875,0.00088043971
1.794372665,0.853592775875,2.2046045687499998,0.0005149352305
1.7974927425,0.79606446625,2.362819375,0.00017310984925
1.82948202125,0.809429034625,2.2671521625,0.000161270300125
1.83885687625,0.788308397125,2.4559465375,0.00016266109912500002
1.773966045,0.7696896342500001,2.290103615,0.00024825859175000003
1.8177186725,0.7962416186250001,2.2307942825,0.00019884467137500002
1.7550424075,0.7440434395000001,2.17584783,0.0006630599415000001
1.74783683,0.77270397525,2.245224955,0.00050866721325
1.7869392375,0.8073446228750001,2.16143146375,0.000723709298875
1.78333644875,0.82167489075,2.19612002625,0.00064651293475
2.3578444125,0.5953049659999999,2.4228990075,0.0011243987100000002
2.37900236125,0.648067653,2.49964344375,0.0009737741130000001
2.31835392125,0.6040798725,2.3505742537499996,0.0007608325320000001
2.3973349925,0.558954358,2.5137153275,0.001913654254
2.39874765125,0.629892349,2.54505160375,0.001368401885
2.42380711625,0.549255252,2.4322250187499996,0.0017238281919999998
1.7169807237499999,0.9928590800000001,2.033002095,0.0012470693783750001
1.7343403400000001,0.9024772795,2.1669451025,0.00093812940275
1.79790582,0.86263544125,2.16921502625,0.000543780076875
1.73231901,0.95519775975,2.23178750625,0.000537579134375
1.73440996,0.8319357185,2.10402316,0.00111895998525
1.7599087949999999,0.99668091625,2.1527900125,0.0002494156725
1.8106900475,0.909737259625,2.1621374812500003,0.00019942321174999997
1.82122518375,0.920040488375,2.11049773,0.00024034605325
1.7968235025000001,0.9125933495,1.9201899175000001,0.00054245491175
1.7170471850000002,0.945524111,1.9094663575000002,0.0027808975355000003
1.77582285,0.8214453310000001,1.9605474775,0.00064143981125
1.841311085,0.828921698,1.9236201187500002,0.000423196188125
2.6583354475,0.7527258845,1.7318239475000001,0.00041872077425
2.5763340783333333,0.7378004096666666,1.748004135,0.00026331004008333335
2.4943327091666667,0.7228749348333333,1.7641843225,0.0003410154071666667
2.69640910875,0.76273422675,1.82161928375,0.000441554457125
2.6189432137499997,0.68182214375,1.63847930375,0.00047993820412500006
2.741215865,0.8082482916666667,1.7180099650000002,0.00046206335808333335
2.8240962824999998,0.8637706988333334,1.7041959825000002,0.0004403920661666667
2.5492120975,0.74506889325,1.631495325,0.0003399842245
2.48077171875,0.726509176625,1.7059299175,0.00026279444875
2.465471188333333,0.7440841301666666,1.5910302600000001,0.0002129560355
2.3817302791666664,0.7430993670833332,1.550565195,0.00027647013
2.56438153875,0.677993648125,1.5883149925,0.00044056992925
2.638653248125,0.7886249464375,1.64621699375,0.000447797043625
2.7280943987499997,0.832180999625,1.6609386625,0.00041185943725
2.817535549375,0.8757370528125,1.67566033125,0.000375921830875
2.4729436775,0.9661478620000001,1.6909386125,0.0001765605098125
2.452739565,0.8800817280000001,1.720747245,0.000167516346625
2.4325354525000003,0.794015594,1.7505558775,0.0001584721834375
2.444358185,0.9746891480000002,1.6233725175,0.0001494384608125
2.39556858,0.8971643,1.585615055,0.000149434980625
2.346778975,0.8196394519999999,1.5478575925000002,0.0001494315004375
2.603260755,0.9165082725,1.6236002725,0.000230045649
2.539617616666667,0.8469886683333333,1.6758550183333334,0.00020041833166666668
2.4759744783333337,0.7774690641666666,1.7281097641666667,0.00021523199033333332
2.5269429087499997,0.8729098553750001,1.5952252368750002,0.000169592868
2.4506250625,0.82931143825,1.56685020125,0.000189743795
2.37430721625,0.7857130211249999,1.5384751656250002,0.00020989472199999998
2.704499403333333,0.9174365503333333,1.6458608483333332,0.00039917164966666663
2.8057380516666663,0.9183648281666666,1.6681214241666669,0.0003146086493333333
2.65174538,0.63054120525,2.074536325,0.001034686653
2.5713144850000003,0.636481702125,2.0714063675,0.0006931497875
2.66399768,0.5290488896250001,2.0701948425000003,0.0016518131964999999
2.67855528,0.654992342125,2.1635686175,0.0010442462315
2.693114075,0.7016418871250001,1.9929754725,0.0007495373964999999
2.5806944974999997,0.5722445995000001,2.1843663475,0.0013020901505
2.53578904375,0.6073333992500001,2.12632137875,0.00082685153625
2.51548686875,0.55590037275,2.26755052875,0.00141804614025
2.6430298387499995,0.62584403925,2.21848362875,0.00117794798025
2.5166690962500002,0.565750915375,2.13155913625,0.00120402502875
2.49636692125,0.514317888875,2.27278828625,0.00179521963275
2.2246699925,0.7696486412500001,1.20886508,0.00033577354775
2.160173295,0.8005225855000001,1.2528781733333334,0.00023040603525
2.0956765975,0.8313965297500001,1.2968912666666665,0.0002830897915
2.20943930625,0.694765403625,1.1898532099999999,0.000343934650875
2.133414468333333,0.8175401488333334,1.1646837633333333,0.00034435247925
2.0421589441666663,0.8654316564166666,1.1205024466666667,0.0003400630135
2.3242135999999998,0.7523426652,1.2165707620000001,0.00043886207995000006
2.4237572074999996,0.7350366891500001,1.224276444,0.0004130899469
2.523300815,0.7177307130999999,1.2319821260000001,0.00038731781385000007
2.6228444224999996,0.7004247370500001,1.2396878080000002,0.00036154568080000004
2.3114414799999996,0.72684650125,1.3173098300000001,0.00028597354675
2.2180209533333333,0.7719878255000001,1.3251746733333334,0.00021380603491666665
2.1246004266666665,0.8171291497500001,1.3330395166666666,0.00024988979083333333
2.3047154249999995,0.734480552625,1.41370498,0.000217707743875
2.2528250499999998,0.673364333625,1.244075585,0.000319034650375
2.4141781174999997,0.7159145661875002,1.2998307450000002,0.0004199690464375
2.5169147549999997,0.704982631125,1.2823516600000002,0.000375303879875
2.6196513925,0.6940506960624999,1.264872575,0.0003306387133125
2.37505424,0.9388470797500001,1.2945433575,0.00027309994225
2.289085655,0.9197029283125,1.306133608125,0.0002015666948125
2.2031170700000002,0.9005587768750001,1.31772385875,0.000225411110625
2.1171484850000004,0.8814146254375002,1.329314109375,0.00024925552643749997
2.290224076,0.9337422966000001,1.250898912,0.00033353354445
2.205393912,0.92863751345,1.2072544665,0.0003184251439
2.120563748,0.9235327303,1.163610021,0.00030331674335
2.035733584,0.9184279471500001,1.1199655755,0.0002882083428
2.4451694683333334,0.9984852197916668,1.33104520625,0.00013001776704166666
2.4618876875,0.8749150000625001,1.282755890625,0.0004167506453125
2.548721135,0.8109829203750001,1.27096842375,0.000368867077625
2.6355545825,0.7470508406875,1.259180956875,0.0003209835099375
2.4618257275,0.8960449397500001,1.4029881075000001,0.00022329994125000002
2.354164270625,0.8876013233125,1.387467170625,0.00018911669456249999
2.2465028137500003,0.8791577068750001,1.3719462337500001,0.000200511110125
2.138841356875,0.8707140904375001,1.356425296875,0.00021190552568750004
2.37990754875,0.819079771875,1.4565441187500001,0.00018637094112500003
2.528609704,0.9761711358,1.425101376,0.00012578105385
2.526966303125,0.8428133950625001,1.364089453125,0.0004043006450625
2.59210687875,0.7895818503750001,1.32519079875,0.000343967077125
2.6572474543749998,0.7363503056875,1.286292144375,0.00028363350918750004
2.076153930833333,0.9364561133333333,1.3244075716666666,0.00023286377000000002
2.0226362774999997,0.97049124,1.1480187516666667,0.000289836992
2.0219634775,0.71813437325,1.2152818775,0.0009832816945000002
2.02657168875,0.790202423625,1.27809311875,0.00058050198675
1.9851629749999997,0.6377768118333333,1.2345414783333333,0.002364205098166667
1.9483624725,0.5574192504166666,1.2538010791666667,0.0016737433963333334
2.1080860487499997,0.6690082696249999,1.19306160875,0.0006676887242500001
1.98643344875,0.815728768625,1.14580150375,0.00066596181975
2.178068695,0.963222176,1.4354985983333333,0.00018579168516666666
2.1046242975,0.9127463250000001,1.3882014791666666,0.00019386109133333332
2.2670051849999995,0.9231702193333333,1.4918971883333332,0.0001669381265
2.2824972774999996,0.8326424116666666,1.5009986591666666,0.000184434312
2.0703401033333333,0.9564901088333333,1.3652661383333333,0.00023794951883333333
1.7331891525,0.688110735375,1.57815791875,0.002644941934875
1.7408966875,0.762901868875,1.4458342937500002,0.002472075894375
1.90960592,0.50694028275,2.2950269600000004,0.0017960470275
2.3150757549999996,0.53105370725,2.3725860125,0.001553636946
1.84905833,0.9964630002500001,1.389729205,0.0009844949465
1.9401191150000001,0.9293667371250001,1.3653167824999999,0.0005811086127499999
1.816479475,0.924096673625,1.3959354475,0.00090262609275
1.979029245,0.9416104546666666,1.3432405041666666,0.0006477732685
1.74725965,0.92761720625,1.2018834375,0.002273681241
1.765580135,0.889673776625,1.30201256375,0.00154721924
1.8490815349999998,0.920470185125,1.13910228375,0.001311161593
1.7249655149999998,0.979651017,1.06779785675,0.00272653431125
1.8379344674999998,0.9464870905,1.0720594933749998,0.0015375881281249999
1.8664998124999999,0.93636101375,1.267153505,0.00097686632325
1.94883985625,0.899315743875,1.3040289325,0.0005772943011249999
1.8252002162499998,0.8940456803750001,1.3346475975,0.000898811781125
1.90870161625,0.924842088875,1.1717373174999999,0.0006627541341249999
1.9385062450000001,0.9808824443333334,1.263859515,0.0004102048993333333
1.9848430725,0.9215764591666666,1.3023819374999999,0.0006426875196666667
1.92153641875,0.97675579675,1.15082911125,0.0006119060425
2.8553619374999997,0.6387780757499999,2.362573685,0.00217351064
2.84502386875,0.7359470053749999,2.4351587625,0.001825422295
2.7803635587499995,0.659110777375,2.3075872975,0.001613658225
2.8564772583333333,0.8041540879166668,2.4325044583333333,0.0016051838166666666
2.8027126774999997,0.712836936375,2.2673133025,0.00136145728
1.734065355,0.6608472915,2.4465185425,0.00026886245925000004
1.7541803125,0.75859139875,2.5494262599999997,0.00016996591125000002
1.7420570250000003,0.76496922975,2.49793917,0.0001504434185
1.77705555,0.510903693625,1.78843743875,0.010722271627500002
1.721213225,0.5844221265,1.7491087625,0.007853842885
1.7858650725,0.54004798075,1.7635816762499998,0.0085324838675
1.7448493875,0.64328510325,1.7079488512499998,0.0045101661025
2.5424643175,0.51286803925,2.51696992,0.00282286608
2.58458998875,0.567675288625,2.5609513550000003,0.00257809466
2.49637177875,0.526212092625,2.433852315,0.002178434105
2.47849524,0.5825803427499999,2.5433925399999997,0.002061190854
2.4643872399999998,0.5610682443749999,2.4470636249999997,0.001797596492
2.609599175,0.56586582225,2.4197414525,0.0021977453999999998
2.6181574175,0.594174180125,2.51233712125,0.00226553432
2.5299392075,0.552710984125,2.38523808125,0.0018658737649999999
2.6574821775,0.622654650625,2.33617118125,0.0016257756049999998
2.7137596625,0.55701600775,2.45999855,0.0027114841199999996
2.67023766125,0.589749272875,2.5324656699999997,0.0025224036799999998
2.70956242125,0.618229743375,2.35629973,0.0018826449649999998
2.79034042625,0.530586447875,2.4858808249999997,0.0031502205649999995
2.7584219574999995,0.6597997099999999,2.4692601599999997,0.0021133550024999997
2.69256880875,0.641141124,2.537096475,0.00222333912125
2.7965538787499997,0.7464578225,2.4885019999999995,0.0017953444762499999
2.7318935687499994,0.6696215944999999,2.3609305349999996,0.0015835804062499998
2.8126715737499994,0.581978299,2.49051163,0.0028511560062499997
2.8109397874999997,0.7345777524999999,2.5576686299999998,0.0020706463549999997
2.8270574825,0.570098229,2.55967826,0.0031264578849999995
2.7896429287499998,0.9353064606249999,2.4986215862499996,0.0012119018615
1.7220453924999999,0.601625964,2.2832195150000003,0.0009560454559999999
1.7450360225,0.927670709875,1.70363677875,0.0035116290231250002
1.7380670024999998,0.95508535175,1.813991815,0.00287324976675
1.77608268125,0.953032888375,1.7357139725000001,0.001858098872875
1.73698191625,0.882990576375,1.8426062625,0.001950083098375
1.7286864375,0.97845227225,1.67351594375,0.004359676153125
1.72117156,0.837867737,1.7055850325,0.00418225163225
1.76763496,0.8944240809999999,1.68151058125,0.002512599805625
1.728534195,0.8243817689999999,1.78840287125,0.002604584031125
1.81784332,0.92215459025,1.824715375,0.0006348071429999999
1.8159708399999999,0.936567507625,1.7410757525,0.0007388775609999999
1.7331725075,0.8480763735000001,1.5883152775,0.0041307118345
1.7508290287500001,0.77511222675,1.62755210875,0.00264860057725
1.75853656375,0.8499033602500001,1.49522848375,0.0024757345367499997
1.806320015,0.82510559275,1.770534635,0.0008103265734999999
1.8102091875,0.888043008875,1.7139853825,0.00082663727625
1.7874027825,0.763626836375,1.7186617874999999,0.00098840794675
1.8565596675,0.830751828875,1.8286136975,0.0005076395692499999
2.5277678375,0.74545636775,1.9413244725000003,0.00028046458099999997
2.50932571375,0.693939283375,2.0048004412500005,0.00031603875149999996
2.4700495887500002,0.7267029138750001,1.8608444912500002,0.00023303462699999998
2.63112530375,0.7590994683750001,1.9263695462500001,0.0003724263605
2.4050274475,0.72343499975,1.9724607475000002,0.00022419894599999998
2.43920054875,0.791073121375,1.98885154875,0.0001722257675
2.44795551875,0.6829285993750001,2.0203685787500003,0.000287905934
2.40867939375,0.715692229875,1.8764126287500003,0.00020490180949999997
2.32427432875,0.704046048375,2.0042102337500003,0.000231762273
2.7310895925,0.943281382,1.8946740025,0.0003855228605
2.6451842783333337,0.9150913356666667,1.9315301183333333,0.00020867601283333333
2.559278964166667,0.8869012893333333,1.9683862341666667,0.0002970994366666667
2.73278618125,0.8580119755,1.90304431125,0.00042495550025000003
2.7897186283333335,0.9352852899999999,1.8265766683333333,0.00045099738683333334
2.8483476641666665,0.927289198,1.7584793341666667,0.0004182601236666667
2.631791115,0.8146740945000001,1.84685087,0.000313495013
2.5525823825,0.83669266875,1.92604661,0.00021687380100000002
2.5586378566666665,0.7790992163333333,1.82468875,0.00022823478633333334
2.4854845983333336,0.7435243381666667,1.80252663,0.0002708648996666667
2.7235196433333333,0.8495470983333333,1.7946945799999998,0.0004269881043333333
2.8152481716666666,0.8844201021666667,1.7425382900000002,0.00037024155866666663
2.500588043125,0.9475132374374999,2.0068954693750003,0.000251091418
2.6010262975,0.7383298725,2.0593835725000003,0.00049751486525
2.53719997375,0.7985205577500001,2.03231296125,0.000308883727125
2.65319573875,0.7088866757500001,2.15599224125,0.000775660337625
2.66775453375,0.75553622075,1.98539909625,0.000480951502625
2.6098894762500002,0.966487981375,1.9002256549999998,0.00020751437375000003
2.541631563125,0.9125996121875,1.9527340025000002,0.000251145266125
2.8266910012500004,0.996778912875,1.7427954799999998,0.00038925540425000004
2.647106825,0.94565743225,1.7473858275,0.000222748311
2.5891957666666663,0.9166753691666667,1.8333380016666667,0.00015441782966666668
2.531284708333333,0.8876933060833334,1.9192901758333334,0.00018858307033333335
2.56884833,0.8664214415,1.7583787216666669,0.00019798588566666666
2.490589835,0.78718545075,1.7693716158333332,0.00021036709833333332
2.7337301166666665,0.9368693235000001,1.7283845516666667,0.00039673920366666666
2.8203534083333333,0.9280812147499999,1.7093832758333334,0.0003097437573333333
2.514103321875,0.9465260430625,1.9621164293750002,0.0001906820445625
2.4945803866666667,0.93292854725,1.9318000783333336,0.0001348379845
2.50582823,0.9880097318125001,1.7837777787500002,0.00017473617531250002
2.4746626000000003,0.8946563078750001,1.7826400225,0.000163867677625
2.44349697,0.8013028839375,1.78150226625,0.0001529991799375
2.46737314625,0.9600740668125,2.018705638125,0.00019966857850000003
2.472127719375,0.9371752068125,2.05351414,0.00023096811925000003
2.1280847475,0.7215176225,1.3693875999999998,0.0002939394835
2.05852292375,0.6916604342499999,1.4125460849999998,0.00039521872175
2.0796323237500003,0.79189404825,1.3551459799999999,0.00023583088125000003
2.21303705875,0.73181611325,1.439743865,0.00022169071225
2.16114668375,0.67069989425,1.2701144699999998,0.00032301761875
2.0314778975000003,0.65525439375,1.3101277375,0.00102024569825
2.01021949875,0.658528819875,1.38291615375,0.0007583718291250001
2.03132889875,0.7587624338750001,1.32551604875,0.000598983988625
1.9715199337500002,0.566158041375,1.2915942087499999,0.002037456249125
2.11284325875,0.637568279875,1.24048453875,0.000686170726125
1.81084919,0.67300579725,1.48414433,0.00239215776475
1.899905145,0.667404521625,1.46992445,0.001444327862375
1.75644934,0.574673656625,1.448043225,0.004738522152375
1.78966737,0.6875769386249999,1.575466635,0.0017793235423750001
1.797374905,0.762368072125,1.44314301,0.001606457501875
1.73132374875,0.759773817125,1.3932900575,0.002496420114375
1.7174088650000001,0.5181380584999999,1.2802645849999998,0.00517512628
1.7917033125,0.6667496937499999,1.3790558575,0.00244084620475
1.7418026762499998,0.6719366798749999,1.31274545375,0.001901044642375
1.89033220625,0.6642764698749999,1.41738021375,0.001468672082375
1.74687640125,0.571545604875,1.39549898875,0.004762866372375
1.78780196625,0.759240020375,1.39059877375,0.001630801721875
1.82361865,0.5730825292499999,1.346785605,0.0029993235949999997
1.757760345,0.6251030976249999,1.2966103275,0.0021802833375
1.9062898750000001,0.617442887625,1.4012450875,0.0017479107774999998
1.76283407,0.5247120226249999,1.3793638625,0.0050421050675
1.7667690825,0.73383478825,1.1041539325,0.00213564782625
1.72933556125,0.705479227125,1.17529449125,0.001748445453125
1.8281471950000001,0.7936642468333334,1.0948763316666668,0.0009443105720833334
1.8895253075,0.8534937054166667,1.0855987308333332,0.0015399791991666666
1.801196595,0.6617555518333333,1.0741144416666668,0.0016903654954166666
1.8356241075000002,0.5896763154166667,1.0440749508333333,0.0019130066608333334
1.7452313325000002,0.81736810525,1.20118049,0.0019739060535
1.71856668625,0.7472458856249999,1.22380777,0.00166757456675
1.7645659762500001,0.834549226125,1.30166109,0.00139733164625
1.813788695,0.8493531248333333,1.1595607033333333,0.0008903966478333334
1.8823460575,0.8813381444166666,1.1179409166666665,0.0014321513506666667
1.7594093975,0.5284519492499999,1.18078792,0.0037708357274999996
1.7256557187500001,0.602787807625,1.213611485,0.0025660394037499996
1.83548568375,0.502756819125,1.2269242999999999,0.0034127512637499996
1.8147305087499999,0.523024514125,1.09741169,0.0026192800287499996
1.8561047624999998,0.6462763995,1.15246308,0.0015580690387500002
1.77400340125,0.66170003275,1.199449065,0.001459656059375
1.8838333662499998,0.5616690442500001,1.21276188,0.002306367919375
1.8877043149999997,0.7352919876666667,1.12708243,0.0007517843095833334
1.9193038674999998,0.8243075758333334,1.10170178,0.0011549266741666666
1.8630781912499998,0.58193673925,1.08324927,0.0015128966843750001
1.873985915,0.7632319332499999,1.3612964175000002,0.0007140551395
1.7829439775,0.720177799625,1.3038657337500001,0.00103764910975
1.9314735075,0.712517589625,1.40850049375,0.0006052765497499999
1.9525829075,0.812751203625,1.35110038875,0.00044588870925
1.9059012525,0.6695647687499999,1.3290261650000001,0.00127253252975
1.79890164625,0.6733442173749999,1.2877306075000001,0.001316887804875
1.94743117625,0.6656840073749999,1.3923653675,0.000884515244875
1.9685405762500001,0.765917621375,1.3349652625,0.000725127404375
1.90873161125,0.573313228875,1.3010434225,0.002163599664875
1.777278825,0.590489827,1.031038975625,0.0021236198812500003
1.77851666375,0.542331091875,1.044763525625,0.002602960725
1.864471495,0.82611191275,1.2664505575,0.00067709113575
1.7781867675,0.751617789375,1.2564428037500002,0.001019167107875
1.9478256975000001,0.8441911933749999,1.30367745875,0.000427406707375
1.8241860575,0.838921129875,1.3342961237500002,0.000748924187375
1.9076874575,0.869717538375,1.17138584375,0.000512866540375
1.8963868325000002,0.7324447482499999,1.234180305,0.001235568526
1.79414443625,0.7047842071249999,1.2403076775000001,0.0012984058030000001
1.9637833662500002,0.797357611125,1.2875423325,0.0007066454025
1.9014452116666667,0.6473170618333333,1.24714043,0.0024483007086666666
1.9065035908333332,0.5621893754166667,1.260100555,0.0018419346173333333
1.92364512625,0.822883956125,1.1552507175,0.0007921052355
2.5293643162499997,0.5366117845,1.52596567375,0.0011725049475
2.40445882,0.62733423,1.6209486425000001,0.0007513692245
2.366211205,0.5378443415,1.63457195625,0.0014403219372499999
2.40839508,0.667641845,1.70065657625,0.00046848694874999995
2.351224095,0.684724417,1.5655243862500001,0.00045040558274999997
2.4920049,0.6191263165,1.58304165125,0.00064626242925
2.404488325,0.5739048944999999,1.5057711300000003,0.00100271034125
2.3662259575,0.51112967375,1.5769832000000001,0.001565992495625
2.4084688425,0.5340685062499999,1.412712795,0.001096839740625
2.3512388475,0.6580097492499999,1.5079356300000002,0.000576076141125
2.4920196525,0.59241164875,1.5254528950000001,0.000771932987625
1.84181279,0.9709466704999999,2.170498135,0.0001560819275
1.91375355,0.9172306066666667,2.150387686666667,0.00011883002516666667
1.98569431,0.8635145428333333,2.1302772383333335,0.00013745597633333333
1.786055235,0.98943245525,2.2335640225,0.00014655539675000002
1.8628830625,0.991553128,2.0672186325,0.00023792761050000003
1.9278003983333332,0.9309682449999999,2.0815346850000003,0.0001461119195
1.9927177341666664,0.8703833619999999,2.0958507375,0.000192019765
1.8621771812499999,0.9071733655,2.1193517912499997,0.00019367918075000002
2.0993773925,0.68201276675,2.0593743625,0.000666057681
1.8772580625,0.912319019,1.9799264375,0.00031077682275
1.96744656625,0.861058749,2.0450466137500003,0.00020549044837499998
1.80363857625,0.9125272405,2.00963036875,0.00039215793837499996
1.888981195,0.84543140225,2.0519197,0.000232031611
1.9733081325,0.827614940625,2.081043245,0.0001661178425
1.8095001425000001,0.8790834321250001,2.045627,0.00035278533249999996
1.8978902574999998,0.840914733625,1.96930623,0.000218492088
1.8659260574999998,0.9089179035,2.051124485,0.00029689636925
1.9617805637499999,0.85935819125,2.0806456375,0.00019855022162499998
1.8488102949999998,0.9693932923333333,1.9952536233333333,0.0004085731884166667
2.21706116,0.506138444,2.270664095,0.001555036871
2.3004605175,0.51872631925,2.2961561675,0.001532889756
2.37536987875,0.529141232625,2.32344543875,0.001533445943
2.3142204875,0.6046507805,2.1407475475,0.0006620982390000001
2.40255203875,0.62353648975,2.10451197875,0.0005068555805
2.2101265175,0.59425909825,2.1605800375,0.0008272699560000001
2.22682386375,0.6394580976249999,2.09826987875,0.0005332977780000001
2.1784166674999996,0.54539598525,2.2137817125000003,0.0011730862035
1.71657341875,0.896177381,1.342339605,0.0029419584468750003
1.74743095125,0.9324288891250001,1.58939426875,0.0037793381917499997
1.73233208125,0.8828038501250001,1.46174704875,0.0037682428217499994
1.7250808924999999,0.9781061332500001,1.61790831125,0.004653155220625
1.75743819875,0.9369818642500001,1.403189585,0.0023187302578749997
1.71555926,0.8410528305,1.34198813125,0.002792070853125
1.7594965399999998,0.98044847025,1.5062848025000002,0.0033873543139999996
1.78679745,0.965714447625,1.5818604662500002,0.0021151511464999996
1.7716985799999998,0.916089408625,1.4542132462500001,0.0021040557765
2.813094675,0.85696555675,2.2865298999999997,0.0011177928385
2.7398541275,0.919151104875,2.2413668049999997,0.00074323749125
2.8238902374999997,0.845040745875,2.3971368699999998,0.0012975633942500001
2.7592299275,0.768204517875,2.269565405,0.0010857993242499998
2.8514063349999996,0.9759574394999999,2.3205862649999998,0.001126638076
2.7590099575,0.9786470462499999,2.2583949875,0.00074766011
2.8430460674999996,0.90453668725,2.4141650524999996,0.0013019860130000002
2.6961204412499997,0.9988680562500001,2.2843782024999997,0.000592265806125
2.7619801349999995,0.9553049513333334,2.41761641,0.0012568391227499999
2.7983329675,0.8942104431666666,2.462680125,0.0010363442955
2.8140839349999998,0.977605998,2.0672116275,0.0007195339492500001
2.7403487574999996,0.9794713255,2.13170766875,0.000544108046625
2.787550213333333,0.9093181883333334,2.0152792916666664,0.0005494367430833333
2.7610164916666666,0.8410303786666666,1.9633469558333334,0.0006344853461666667
2.7880439174999996,0.84187221525,2.137447595,0.000864556386
2.7273287487499998,0.911604434125,2.1668256525,0.000616619265
2.7467045487499995,0.7606578471250001,2.1950242524999997,0.000959181098
2.7612633437499996,0.807307392125,2.0244311075,0.000664472263
2.6709988125,0.9587922687499999,2.0211294300000002,0.000356759734
2.6688061962500003,0.970064460875,2.10866657,0.000362720939
2.57218623125,0.908751755875,2.01318589,0.0002385061615
2.70274079125,0.865767418875,1.966272025,0.000410573937
2.644958795,0.823058486,2.0913653975,0.00050178217075
2.6557861875,0.9021975695,2.1437845537499998,0.000435232157375
2.5591662225,0.8408848645,2.04830387375,0.00031101737987499997
2.6751619875,0.7512509825,2.1719831537500003,0.0007777939903749999
2.6897207825000002,0.7979005275,2.00139000875,0.000483085155375
2.526333569166667,0.9370489566666667,2.0370884158333333,0.0002711234385
2.534805615,0.9942792753333333,2.139897785,0.00018356126008333334
2.5040896325,0.9264952591666666,2.0725700675,0.00024686993116666665
1.7796588549999999,0.6741326155,2.4641872075,0.0002694804935
1.8022123575000002,0.71799135225,2.498149755,0.000211658069
1.814335645,0.71161352125,2.549636845,0.00023118056175000002
2.5755412,0.6747835430000001,2.432435515,0.0013379534417499999
2.54767296,0.7662177760000001,2.4769545825,0.0008843180143749999
2.60112843,0.6486330405,2.5186841524999997,0.0018356383408749998
2.51291022,0.6071698445,2.3915851124999996,0.0014359777858749998
2.6404531899999997,0.6771135110000001,2.3425182125,0.0011958796258749998
2.4992399825000002,0.68013025825,2.5133822575,0.00128028936825
2.5095223512500002,0.768891133625,2.51742795375,0.000855485977625
2.56297782125,0.651306398125,2.5591575237499997,0.001806806304125
2.47475961125,0.609843202125,2.4320584837499997,0.001407145749125
2.67164284,0.74817349025,2.4716877975,0.0013237863967499998
2.59572378,0.802912749625,2.49658072375,0.0008772344918749999
2.64917925,0.685328014125,2.53831029375,0.0018285548183749997
2.7531643199999998,0.790644712625,2.4897158187499997,0.001400560173375
2.68850401,0.713808484625,2.3621443537499998,0.0011887961033749997
2.58888277625,0.8158440220000001,2.554476235,0.0009240796681249998
2.74632331625,0.8035759849999999,2.54761133,0.0014474053496249999
2.6816173199999995,0.8378870190000001,2.3695055275,0.00083262612275
2.60071102,0.8477695140000001,2.44548958875,0.000631654354875
2.6741154499999995,0.9096118360000001,2.28285461875,0.000600654133375
2.75815156,0.835501477,2.4386246837499996,0.0011549800363750001
2.6934912499999997,0.7586652490000001,2.3110532187499997,0.000943215966375
2.6409255274999994,0.94195970925,2.4057145149999997,0.0006512234250000001
2.58036512375,0.899805859125,2.4635940825,0.000540953006
2.6537695537499997,0.961648181125,2.3009591124999997,0.0005099527845
2.7378056637499997,0.8875378221250001,2.4567291774999998,0.0010642786875000002
2.6598982824999995,0.963057236,2.5226611524999996,0.00078184372975
2.58985150125,0.9103546225000001,2.5220674012499997,0.000606263158375
2.7472920412499997,0.8980865855,2.5152024962499997,0.001129588839875
2.60335639375,0.87124954975,2.56185841875,0.0007438096835
2.76079693375,0.85898151275,2.55499351375,0.001267135365
2.0623541775,0.90648658625,1.5118198725000003,0.0002068262895
2.04676703875,0.884378530125,1.42636211625,0.00019227428424999998
2.1408992416666663,0.8516959255,1.511246625,0.00016857005716666668
2.219444305833333,0.7969052647499999,1.5106733775,0.00018769817333333334
2.001948615,0.9889014275000001,1.5300878916666667,0.00032171305516666665
1.9338319899999998,0.933890522,1.4848302625,0.00037465511400000003
1.9864709699999998,0.9008603395,1.55724066625,0.000247819807
1.982505945,0.898080498,1.4128673112499999,0.0002761886965
1.8588663049999998,0.8928104345000001,1.44348597625,0.0005977061765
1.8795616050000001,0.9560680097500001,1.5639632050000003,0.000540961539
1.9593357775,0.911949083375,1.5968071375000001,0.0003309730195
1.8317311125,0.9038991783750001,1.4830524475000002,0.000680859389
2.0893100799999997,0.78350462025,1.4840900325000002,0.00023616167
2.0642100149999996,0.825667388625,1.55687055125,0.000178573085
2.03913559,0.7226539331249999,1.46989730125,0.000366329815
2.06024499,0.822887547125,1.41249719625,0.0002069419745
2.1936497249999998,0.762809612125,1.4970950812500001,0.00019280180550000002
1.96317054625,0.94177579875,1.65697841375,0.00028642981437500004
1.8936466,0.93638817925,1.764322965,0.0004083241605
1.9663782749999998,0.902109168125,1.6969870175000001,0.00026465433025
1.90022296,0.886393122125,1.8255078625,0.00030663836275
1.9607878924999997,0.810908556,1.4571004225,0.0004039904945
1.9999489212499997,0.8393693565,1.54337574625,0.00026248749725
1.97487449625,0.736355901,1.45640249625,0.00045024422725
1.87234425625,0.8313194515,1.42962105625,0.0006123738667499999
1.8513986199999999,0.84317225225,1.5890044575000002,0.0007377947595000001
1.9452542849999999,0.855501204625,1.60932776375,0.00042938962975000005
1.8099420849999999,0.772660166125,1.62789669875,0.00095214203975
1.81764962,0.8474512996250001,1.4955730737500001,0.0007792759992500001
1.8951143049999999,0.7708779575,1.5385715675,0.00065118225475
1.9671121274999999,0.81935405725,1.58411131875,0.000386083377375
1.9420377025,0.71634060175,1.49713806875,0.000573840107375
1.8317999275,0.73651301875,1.60268025375,0.000908835787375
1.8395074624999999,0.81130415225,1.47035662875,0.0007359697468749999
2.10515018125,0.962139062375,1.63318503,0.00016184812675
2.202890151875,0.9778646268125,1.6050642749999997,0.000162759394125
2.2345898912499997,0.899281285875,1.57340956,0.00017607684725000003
2.2662896306249998,0.8206979449374999,1.5417548450000003,0.00018939430037500003
2.303988875,0.94500255525,1.690154135,0.00015432381225
2.2156959,0.9192784224999999,1.6699864466666667,0.00013209760408333334
2.1274029249999997,0.89355428975,1.6498187583333332,0.00014321070816666667
2.34010303,0.8659848568333333,1.7202242600000002,0.00017517771941666667
2.3762171850000002,0.7869671584166666,1.7502943850000001,0.00016475076583333335
2.3019890399999996,0.8773732381666666,1.6301361333333335,0.00015106923141666669
2.2999892049999997,0.8097439210833333,1.5701181316666668,0.00015269652183333334
2.347834945,0.974151715,1.81393969,0.00014702647425
2.2706536962499997,0.9475713255,1.7678675350000002,0.0001274949935625
2.1934724474999996,0.9209909359999999,1.72179538,0.000134005487125
2.11629119875,0.8944105465,1.675723225,0.0001405159806875
2.38968118,0.9356715576666667,1.8777072433333335,0.00012917721741666666
2.431527415,0.8971914003333333,1.9414747966666668,0.00013810184583333334
2.3693337433333332,0.88541763,1.8027479633333332,0.00017274527341666667
2.3908325416666667,0.796683545,1.7915562366666666,0.00015988587383333335
2.0450637599999997,0.9549553244375,1.6517757556250001,0.00017409756837500002
1.9927195241666666,0.95301605275,1.6627349066666666,0.00021872069350000001
1.7428903,0.69676107175,1.8245930700000002,0.0024325658424999997
1.7556879250000001,0.6994545758749999,1.745691005,0.00179952758125
1.7715453225,0.61795558025,1.8013015399999999,0.0044786179475
1.77001543625,0.660051830125,1.73404524,0.00282255363375
1.7334129525,0.70266205075,1.9191313700000001,0.0023560313115
1.7193679225,0.63827215125,1.9579628125,0.004143481681500001
1.7539262775,0.559667006,1.851013065,0.0088581934675
2.2540874475,0.5649378225,1.3742261525000001,0.00155887330875
2.33326840375,0.52958497025,1.34694030625,0.001374921224375
2.27603840875,0.6535262132499999,1.44216314125,0.0008541576248750001
2.2241480337499997,0.5924099942500001,1.2725337462500002,0.000955484531375
2.1482153825,0.6068306045,1.40823868,0.00138525551375
2.12995891125,0.50517650325,1.45227368,0.002964120956875
2.06858824125,0.63431692525,1.431971625,0.000940876736875
2.22310237625,0.67447260425,1.459169405,0.000767348727375
2.17121200125,0.61335638525,1.28954001,0.000868675633875
2.1982841774999997,0.5280049422499999,1.24445674,0.00193984196125
2.28752619,0.52205589425,1.4935646349999998,0.00200316803275
2.349987775,0.508144006125,1.4066095475,0.0015970685863749999
2.2927577799999996,0.632085249125,1.5018323825,0.0010763049868749998
2.1551850425,0.5571998144166667,1.2160354583333333,0.002779706973666667
2.0516085325,0.54056737575,1.3489788175000001,0.0021115617285
2.0202848162500002,0.601185310875,1.40234169375,0.00130402984425
1.9815852512499998,0.508814532375,1.3110197487500002,0.00258311426425
2.12290857625,0.580224770875,1.25991007875,0.00123182874125
2.618177415,0.58130086925,1.9669108400000002,0.001101844033
2.5946353675,0.531891502125,1.8945049050000002,0.0012121396815
2.5545305025,0.611861534125,2.017593625,0.0007267284775
2.6472136975,0.5044287216250001,2.0163821000000004,0.0016853918864999998
2.6763300924999998,0.6770217191250001,1.93916273,0.0007831160865
2.552197755,0.65139909075,1.8955386275000001,0.00058101026625
2.5616455375,0.566940612875,1.8588187987500002,0.000951722798125
2.5215406725,0.6469106448749999,1.9819075187500002,0.000466311594125
2.4822645475,0.679674275375,1.83795156875,0.00038330746962499996
2.6433402624999998,0.712070829875,1.90347662375,0.0005226992031250001
2.4727348075,0.56242611275,1.6989483525,0.00104461757175
2.52191406375,0.522454123875,1.7605236612500001,0.001183526450875
2.40034919875,0.505390282875,1.67357181125,0.001586946110875
2.44253307375,0.635187786375,1.73965643125,0.000615111122375
2.5261428937500003,0.586672257875,1.62204150625,0.0007928866028750001
2.5743646025,0.64352314175,1.76475319,0.0006283959442499999
2.57272896125,0.563002638375,1.7934260800000001,0.000975415637125
2.4933479712500004,0.675736300875,1.77255885,0.00040700030862499993
2.627737325,0.6865962841666666,1.8136403333333333,0.0005190574080833333
2.6811100475000003,0.7296694265833333,1.8625274766666666,0.0005737266761666666
2.57695779125,0.6272207723750001,1.654943925,0.000584775789125
2.5491948112500005,0.535143036625,1.5887712375,0.0011889382212500002
2.7249718900000004,0.590707153,1.7666347299999998,0.0010761225785000002
2.648032605,0.536594644,1.7943668499999998,0.00119927895425
2.7297273300000002,0.681724861,1.8390246749999999,0.00077025535925
2.6764982533333335,0.5974442363333333,1.6928013733333334,0.0007194779488333334
2.628024616666667,0.6041813196666667,1.6189680166666667,0.0008978002636666668
2.8215680900000004,0.5593666036666667,1.7737200433333333,0.0016763816661666665
2.74914664,0.54486669575,1.8968144049999998,0.0015080686049999997
2.66011998,0.513674415375,1.8594566874999998,0.0014152519675
2.7418147050000004,0.6588046323750001,1.9041145124999999,0.0009862283724999998
2.8376845900000003,0.5288062988333334,1.8605064933333333,0.0018203636749999997
2.6704852262500003,0.544899571875,1.59749099375,0.0010840372775
2.6182334999999997,0.519778345,1.563279955,0.0012562255787499999
2.4187406025,0.50133660075,2.4198695724999997,0.00218261322625
2.535929385,0.9620497006250002,2.54280481,0.000472213621875
2.4748334312500004,0.955729834375,2.516322735,0.000375474484875
2.44381603875,0.9338101217500001,2.55418834375,0.00038213919299999997
2.2183232,0.98511255325,2.539843115,0.00018469035962500002
2.0244820716666667,0.9599654956666666,2.565121533333333,0.00015037011416666667
1.9523515408333334,0.8702589118333333,2.557097616666667,0.00014852787933333333
2.1665434675,0.967634526875,2.5209321112499996,0.00015602781775
1.9797854875,0.8503267758749999,2.56940213125,0.00017350885875
1.975785255,0.913919538,2.2576038275,0.0001259784895
2.04527318375,0.9392316110000001,2.306236285625,0.000119432322625
2.1147611125,0.964543684,2.35486874375,0.00012161437825
2.1842490412499997,0.989855757,2.403501201875,0.000123796433875
2.0167101625,0.8618590085,2.18388530875,0.00011309128174999999
1.9186282774999999,0.8683565705,2.2145443887500003,0.00013770462025
1.8939560633333334,0.9452524386666666,2.2706125216666666,0.00013334540716666667
1.8121268716666667,0.9765853393333332,2.2836212158333336,0.00012966194833333335
2.003262073333333,0.9119624300833333,2.115038505833333,0.00018689216966666667
2.04610554875,0.9855538456249999,2.1245879700000003,0.00016044475825
2.051870309375,0.8976761623125,2.11737738,0.00019056510037500002
2.10100032375,0.976156815625,2.1956656900000002,0.000117049591875
2.079317696875,0.8929776473125,2.15291624,0.00012547235081250002
1.96554043875,0.952741176875,2.169114115,0.00012429730425
2.011587754375,0.8812698279375001,2.1396404525,0.00013634391937500002
2.024157205,0.9623706544999999,2.2468336850000004,0.00010623174816666667
2.0408961375,0.8860845667499999,2.1785002375,0.00011225942233333334
1.9354501749999997,0.9477475790000001,2.46628714,0.00014523795441666668
1.9078355925000001,0.8641499534999999,2.5076804200000002,0.00013826355983333335
1.969765395,0.9394096062499999,2.5209098487499997,0.000147108072
1.9249932025,0.859980967125,2.534991774375,0.0001445559335
1.867358106666667,0.9870994006666667,2.5145082899999998,0.00014423423966666667
1.8737895583333335,0.8838258643333333,2.531790995,0.00013625613033333334
1.91869634375,0.9689234725,2.55707571125,0.000145602499875
1.8994586768750001,0.87473790025,2.553074705625,0.0001422975753125
1.9288212975,0.795304358,2.056107105,0.0002655132105
1.91781030875,0.8158512115000001,1.9713999325000002,0.00023523288775000002
1.9090504050000001,0.70496229825,1.9486313474999999,0.0012350703067500002
2.010841965,0.68890531375,2.0644054125,0.000758092644
1.8141935175000001,0.796778202,2.00676328,0.00053657706675
1.86049641875,0.8165881335,1.9467280200000001,0.000370764815875
1.8028615125,0.7933770865,2.0779613274999997,0.00052269661325
1.8469173025,0.82103860375,2.0383989825,0.00035884695549999994
1.87685831125,0.828718334375,1.9625458712500001,0.00028189976024999995
1.8156629525,0.77131828675,1.9647348825,0.00067492141075
1.7935074275,0.721839726,1.9700577275,0.001327548757
1.8375632175,0.74950124325,1.9304953825,0.0011636990992500002
1.8606776025,0.7012121975000001,2.1748147025,0.0006517923929999999
2.1973752975,0.5426649975,2.5676938325,0.0020222924675
2.4110661749999998,0.56336747125,2.1839720024999996,0.0010258059764999999
2.4176523075,0.511002116125,2.1112996962499997,0.0014230742382499999
2.4509748824999997,0.602894835125,2.12612420625,0.00068870944925
2.4306727075,0.551461808625,2.2673533562499997,0.00127990405325
2.3449648025,0.588111125125,2.2311107512499997,0.0007115361652499999
2.3492487074999997,0.52242918325,2.2120290399999996,0.001352949766
2.39976397375,0.530992664625,2.2813818749999997,0.001443475948
2.359399795,0.5481456965,2.141414465,0.001057352464
2.3918191175,0.50339122875,2.0900209275,0.0014388474819999999
2.4251416925,0.59528394775,2.1048454375,0.000704482693
2.3191316124999997,0.5805002377499999,2.2098319825,0.000727309409
2.48516765375,0.56963593875,2.12815589,0.00114795037375
2.46486547875,0.51820291225,2.2693850399999995,0.00173914497775
2.51341399625,0.55563599225,2.09254572125,0.0012398175750000001
2.3505642399999997,0.566096276,2.08084202,0.0010178672755
2.29708898,0.5223826615,2.13067329,0.00133902767775
2.420723915,0.6042592375,2.074559215,0.00068474009875
2.297042725,0.6253766865,2.05840087,0.00062859643775
2.5406163325,0.5027744172499999,1.9987140325000001,0.001440832623
2.51574996125,0.5725983081249999,2.03349522125,0.0008962227725000001
2.4746366725,0.57287263875,1.92734182,0.00091999885625
2.44943755625,0.515754699875,1.982984605,0.001370170678125
2.52286499625,0.527677386875,1.8747203950000002,0.001121217093125
2.48276013125,0.6076474188750001,1.9978091150000001,0.000635805889125
2.4434840062500003,0.640411049375,1.853853165,0.000552801764625
2.1425721025,0.5066404715,2.1488681425,0.0018507771625
2.1188399175,0.594021328,2.03648147,0.0014180142099999998
2.18118056375,0.6393392124999999,2.036220595,0.0008286699049999999
2.1742819525,0.5555035845,2.0956664675,0.0015049609149999999
2.20890158125,0.62008034075,2.06581309375,0.0008721432575
2.2617146349999997,0.51994890725,2.0684217225,0.0017069715924999999
2.2526179225,0.602303002125,2.05219072125,0.00097314859625
1.9176230125,0.5603057815000001,2.3177139175,0.0010538894984999999
1.8561439225,0.567492582,2.4153117550000003,0.00069322939
1.8539775325,0.608450696,2.442776205,0.000486409066
1.834816695,0.5660998150000001,2.3684741275,0.0007815146802500001
1.8637512925,0.56351419525,2.31853807,0.001035005681
1.81447366,0.61074800775,2.3369195475,0.0005997094625
1.8434082575,0.608162388,2.28698349,0.0008532004632499999
1.80694911,0.66233946375,2.3620748525,0.00032914517600000004
1.825125755,0.658649385,2.4210938825,0.00030413006975
1.7989872125,0.53273874525,2.38460702,0.00089458571
1.82031444,0.53413151225,2.4314446475000002,0.00080630041975
1.7512273225,0.56041153525,2.394402805,0.0006871473517499999
1.72611961,0.52657925325,2.390927375,0.00079199734975
1.8686784825,0.69743225,2.5617984575,0.0003504161865
1.7157623775,0.62959240375,2.0850929625,0.0034542539090000003
1.7423617550000001,0.660021603,2.1430090075,0.00152327626125
1.844574035,0.648216337,2.1600058675,0.00125403148525
1.75638178,0.6320955454999999,2.0229305925,0.0036027295440000003
1.8087974775,0.671818316,2.0303149525,0.0017104164295
1.7938046775,0.70860219,2.14672184,0.0010052440965
1.8196209975,0.71789576125,2.096190155,0.00104390862975
1.8335055125,0.70522101225,2.149507285,0.0009420226605
2.1834006299999995,0.5364895315,2.3153141725,0.0012524744750000002
2.1447561375,0.57574707275,2.2584317899999995,0.0008705238075
2.0730677525,0.552862957,2.26495701,0.0010976593265
2.2297488449999996,0.54618302,2.3746785525,0.0012826210375000001
2.1855971225,0.53592458375,2.4395841975,0.001485550319
2.1214391,0.515112959,2.4227619175,0.0015832527215000002
2.0658014700000003,0.5138321145,2.3327891225,0.0013780809915
2.5198302875,0.93863117725,2.2145684975,0.00024291286525
2.45828309875,0.878686875125,2.23697978375,0.000198717287125
2.5932219337499998,0.959983915125,2.20538610375,0.000305797504625
2.4966019687500003,0.8986712101250001,2.10990542375,0.000181582727125
2.5314380549999997,0.93836636875,2.3436263225,0.00032052036475
2.4640869824999996,0.8785544708749999,2.30150869625,0.000237521036875
2.5256213875,0.898009188875,2.4325499862499997,0.000375601475875
2.5990258175,0.959851510875,2.2699150162499997,0.000344601254375
2.4282189025000003,0.946824163,2.40760881,0.0002576623955
2.41247740625,0.882783368,2.3334999400000003,0.00020609205225
2.34097793625,0.9809959965,2.4298712350000002,0.00018745633125
2.4740118112500005,0.9022380860000001,2.46454123,0.00034417249125
2.40971726375,0.9339387785000001,2.2325317875,0.000177564634
2.4395902950000004,0.9856604036666667,2.138862453333333,0.000147037579
2.4564819725,0.9221858233333333,2.072052401666667,0.000173822569
2.377438268333333,0.9984136115,2.2980605783333337,0.00016963346550000002
2.3870870891666662,0.90857809225,2.2787258241666666,0.000184745222
2.5165895825,0.7498298735,2.146377685,0.00042004825749999996
2.45666274625,0.78428622325,2.2028843775,0.00028728498325
2.49498161625,0.80427055825,2.0758100175000003,0.00027015042324999997
2.6109773812499997,0.71463667625,2.1994892975,0.0007369270337499999
2.56052208,0.834558487,2.17835951,0.000424315563
2.4786289950000002,0.82665053,2.2188752899999997,0.000289418636
2.61356783,0.9079475699999999,2.18728161,0.0003964988535
2.516947865,0.846634865,2.09180093,0.000272284076
2.6329436299999998,0.757000983,2.21548021,0.0007390606865
2.5721298475,0.8342936785,2.3074173350000002,0.0005019230625
2.48443287875,0.82651812575,2.2834042025,0.00032822238575
2.54596728375,0.84597284375,2.4144454925,0.00046630282475
2.6193717137499997,0.90781516575,2.2518105225,0.00043530260325
2.63874751375,0.75686857875,2.2800091225,0.00077786443625
2.3525010349999995,0.6896691620000001,2.1604691750000002,0.00028568164625
2.3746184725,0.7542058675000001,2.2099301225000003,0.000220101677625
2.4216923125,0.6660456805,2.1143727925,0.00031864728412500003
2.3156822324999995,0.6512619705,2.2193593375000003,0.000341474000125
2.2980111224999997,0.6871631295,2.0982144475,0.000262503623125
2.40112859,0.751133278,2.0922173875,0.00021642820499999998
2.3989322499999997,0.7849379255,2.1758042287499997,0.000185474957
2.43725112,0.8049222604999999,2.0487298687499997,0.000168340397
2.3223249,0.7178951874999999,2.06408855375,0.00022787690249999998
2.4041905425,0.65339392425,2.2391629225,0.00060935077875
2.40046322625,0.736068248625,2.24927699625,0.000381936243875
2.44753706625,0.6479080616249999,2.1537196662499998,0.00048048185037499996
2.42723489125,0.596475035125,2.29494881625,0.001071676454375
2.51081598,0.67004109925,2.232750775,0.0007734856427499999
2.453775945,0.7443918361249999,2.2460709225,0.00046400367587499995
2.5008497849999998,0.656231649125,2.1505135925000003,0.000562549282375
2.48054761,0.604798622625,2.2917427425,0.001153743886375
2.60809058,0.674742289125,2.2426758424999997,0.0009136457263749999
2.5180462625,0.7238485517500001,2.346050085,0.0007932530589999999
2.45739108625,0.771295562375,2.3027205774999997,0.00047388738399999997
2.51892549125,0.7907502803750001,2.4337618675,0.0006119678229999999
2.48416275125,0.631702348875,2.3483923974999996,0.0011636275945
2.61170572125,0.701646015375,2.2993254975,0.0009235294345
2.3815097224999997,0.6679959595,2.3661907899999997,0.00072723492725
2.3891228162499996,0.74336926625,2.31279093,0.000440878318125
2.3908350162499996,0.68441314975,2.471289335,0.000775192221625
2.4417450450000002,0.7291952669999999,2.4269968275,0.0007355889855
2.4192404775,0.77396892,2.3431939487499998,0.00044505534725
2.4807748825000004,0.7934236379999999,2.47423523875,0.00058313578625
2.4209526775,0.7150128035,2.50169235375,0.00077936925075
2.4460121425,0.6343757065,2.3888657687499997,0.00113479555775
2.203239083333333,0.939923127,1.857415618333333,0.00012281650291666668
2.1416905516666667,0.8784417904999999,1.8735577191666666,0.00012660002683333334
2.1895617266666667,0.9568796946666667,1.7707327016666665,0.00012411751691666667
2.114335838333333,0.9123549258333334,1.7001918858333331,0.00012725053383333334
2.334316293333333,0.9538400566666667,1.8959297949999998,0.00012362957625000002
2.4038449716666666,0.9062756498333333,1.9505860725000002,0.0001270065635
2.20233693625,0.9786226741249999,1.9318577525,0.00013451781725
2.1412394781249997,0.8977915640624998,1.9107787862499999,0.00014226023637500001
2.4237597175,0.95256912675,1.9948334616666668,0.00014008596666666666
2.0909867875,0.92201969025,1.8594394749999998,0.0001241916995
2.0636320741666667,0.9559328255833334,1.6860736416666668,0.0001248422065
1.9931738766666665,0.9651169381666665,1.8363476416666669,0.00014687462783333335
2.036657948333333,0.8910386960833332,1.8630237308333333,0.00017471627666666668
1.9794965199999999,0.9820735058333332,1.7496647250000001,0.00014817564183333334
2.009303235,0.9249518314166667,1.6896578975,0.00017536678366666668
2.117053436,0.9985837098,1.906484273,0.0001354472903
2.0985977279999997,0.9077720819,1.8980920465,0.00014091872739999998
2.04478803125,0.9975180324999999,1.91605677,0.00017060500462499998
2.062465025625,0.9072392432499998,1.902878295,0.00019639101743749998
2.0651211333333332,0.9623959651666667,1.9705663149999997,0.00015294778350000002
2.0726315766666668,0.8896782095833333,1.9301330675,0.00018686258800000002
2.0576228800000003,0.922456099875,2.0605831762499998,0.00016049073325
2.2223094100000003,0.977205514,2.0414321749999997,0.00013473764025
2.1749202800000003,0.923790494,1.990854723333333,0.00012426786608333334
2.1275311500000003,0.870375474,1.9402772716666665,0.00012950275316666666
2.13997224,0.8935019965,2.0757994825,0.00011747085712499999
2.30599749,0.9377074236666667,2.0293688999999997,0.00012508093941666668
2.38968557,0.8982093333333334,2.017305625,0.00012990928983333332
1.964788795,0.888375267,1.9425178175,0.000222150304
2.0112119325,0.8490868730000001,2.02634230375,0.000161177189
1.9147187866666666,0.9556982013333333,1.9228491783333332,0.00038365783333333336
1.960157515,0.9028831865,1.8223888875,0.0002273454105
2.0201497675,0.85992182025,1.85604435375,0.00017318919475
1.9996337325,0.88535667175,1.7260199787500001,0.00017416495525
1.8873681425,0.99661362825,1.85295039375,0.00034587850425000003
2.2136679875,0.7925318182500001,2.0102671699999997,0.0001447038105
2.1469050037499997,0.804746136125,1.9499834949999997,0.00013186839475
2.13565152875,0.801165148625,2.06021698,0.00012245394225
2.300236541666667,0.8145916265,2.0085922299999996,0.0001284029961666667
2.3868050958333336,0.83665143475,2.00691729,0.00013655340333333334
2.3023420549999996,0.7670695635,1.9278166,0.00016605396025
2.1912420374999995,0.79201500875,1.90875821,0.000142543469625
2.3878578525,0.81289040325,1.9665294750000002,0.00014315327462500002
2.3573366975,0.73750951175,1.854090555,0.000175829316625
2.25123924,0.8128628285,1.8262394375,0.00013646868525000002
2.16569063,0.8149116412499999,1.8579696287499998,0.00012775083212500002
2.1805294766666665,0.8311852713333334,1.7607099816666667,0.00012614589508333333
2.109819713333333,0.8495077141666667,1.6951805258333335,0.00013130729016666668
2.3252840433333333,0.8281456333333334,1.885907075,0.00012565795441666668
2.3993288466666667,0.8434284381666667,1.9455747125,0.00013106331983333335
2.33178529,0.7604061442500001,1.80330197375,0.000161036679125
2.10078597,0.73603901275,1.994897725,0.00044274097825
2.1721535899999997,0.7103480548750001,2.0154287225000003,0.000341033289125
1.974541605,0.7495814562500001,1.9440602674999998,0.000560963064
1.9834889775,0.79384607075,1.9856608224999999,0.0002579137675
2.0122505425,0.74293155975,1.9999287749999999,0.00053477594125
1.9332225650000001,0.72499912975,1.6247217675,0.0006810276217500001
1.9861662574999999,0.796414643375,1.62718641875,0.00040100606087500006
1.9610918325000002,0.6934011878749999,1.54021316875,0.0005887627908750001
1.8508540575,0.713573604875,1.64575535375,0.000923758470875
1.897558125,0.57331582125,1.82572034,0.0046715408092499995
1.9403902899999999,0.60758236775,1.867147835,0.00269685991175
1.8433783375000001,0.62613019325,1.77489254,0.00353330370675
1.80593194375,0.664139136625,1.7208407399999999,0.002349896513375
1.920788945,0.693959236,1.87129599,0.0013182386205000001
1.986280145,0.738578394,1.8667249099999998,0.0006441313777499999
1.9905962375,0.797350928,1.7881965349999998,0.00034627718774999993
2.0148530937499998,0.8325905425,1.7089238024999998,0.00023363084387499996
1.8564292225,0.7894354015,1.73941508,0.0007886321427499999
1.83526379125,0.87020791325,1.698425605,0.000815790060875
1.8816142712500001,0.81291673325,1.81305392,0.000496792353875
1.9240853225,0.83085592075,1.7301306125,0.00052725593775
1.93020949125,0.749535478375,1.73843655125,0.0007336973223749999
1.98159763625,0.8493430388750001,1.67989084125,0.000324120218875
1.86909184125,0.890918172875,1.69378337125,0.000685101958375
1.91544232125,0.833626992875,1.80841168625,0.000366104251375
1.88950688,0.7972934245000001,1.6751546575,0.0007676401264999999
1.91292027,0.7327542302500001,1.71094857375,0.00085388941675
1.964308415,0.83256179075,1.65240286375,0.00044431231325
1.85180262,0.87413692475,1.66629539375,0.0008052940527499999
1.828996215,0.74972075225,1.6709717987500001,0.0009670647232499999
1.83687884,0.7544142455,1.792861225,0.0008346242554999999
1.802682195,0.72828116275,1.7298250825,0.0010005567877499999
1.8493017575,0.738498181,1.853160025,0.0012468674130000001
1.89281770875,0.7033566085,1.7999512575,0.00109350306
1.814723315,0.7049356847499999,1.79818407,0.00148725160175
1.7753100725,0.757915742875,1.83470239,0.001257084015875
1.8615864525,0.52442867325,1.427232085,0.0043859734725000005
1.92527377625,0.593115959625,1.4414683275,0.00244123571625
1.7818179712500002,0.500385094625,1.4195871025,0.00573543000625
1.8865742112500001,0.500745181125,1.3501463825,0.00372032013625
1.96399969,0.50622389475,1.4483237249999998,0.0037504984375
1.976480395,0.584013570375,1.4520141475,0.00212349819875
1.8258173475000001,0.580700271,1.5256641499999999,0.0039139291025
1.90738922375,0.6212517584999999,1.49068436,0.00220521353125
1.7639334187500002,0.5285208935,1.468803135,0.00549940782125
1.7971514487500002,0.6414241755,1.596226545,0.00254020921125
1.73278928,0.54133696125,1.586541265,0.0078688950375
1.717419385,0.508839238625,1.4992416925,0.00747689078875
1.750637415,0.621742520625,1.6266651025,0.00451769217875
1.7699061375,0.546170041,1.6780693825000002,0.008400454615
1.76919584375,0.6241590605,1.6724291612500002,0.0047834719675
1.849777345,0.58713629825,1.6899517474999999,0.00455639886675
1.8467752974999998,0.534822270125,1.62908635875,0.0057321207283749995
1.88438839,0.6286686509999999,1.6093642424999999,0.00237774214425
1.8640808199999999,0.5555884464999999,1.58879260625,0.004642792367125
1.910361025,0.6484418434999999,1.67805336625,0.001658940425625
1.936674745,0.6452359484999999,1.53253440625,0.001437120052125
1.9499595175000002,0.53685919225,2.57045293,0.00095377266025
1.9975747175,0.5604973885,2.563681725,0.00096673722275
1.9248026925000001,0.5480284470000001,2.5311777,0.00092862123175
1.90268302,0.59248259675,2.4582552325,0.00064294059925
1.9115589575,0.593784556,2.51351017,0.0007275266477500001
2.0603749175,0.53946787875,2.4477628475,0.0012006341515
1.90484941,0.5515244827500001,2.4307907825,0.0008497609232500001
1.9977652125,0.572826594,2.3767979749999997,0.0007744076074999999
2.032838255,0.52684219925,2.3893824224999998,0.001224840389
1.9373939025,0.546923302,2.3831290025,0.000956930031
1.78117347,0.6278868467500001,2.4905744825,0.00034156391125
1.8158357475,0.5901669562499999,2.479081275,0.00051243265625
1.73557997,0.61460152275,2.4729058175,0.000340945877
1.7915886675,0.548900135,2.46379173,0.0006203807935000001
1.7452173875,0.5657572225,2.445945385,0.000488666483
2.031683355,0.5007424502500001,1.95656857,0.0037267966249999998
2.0540091074999998,0.5282336697500001,2.0259451275,0.0025500121400000002
1.9681371149999998,0.656026125,2.1717013725,0.0008019792314999999
1.9287583074999999,0.684126705,2.11389264625,0.0007047223417499999
2.006109535,0.70978201925,2.14587325,0.0004776637375
1.9938197125,0.60829888275,2.2337679875,0.0009765649759999999
2.0446262649999998,0.6096235065,2.270174385,0.0007396830875
1.9148780125,0.71151065825,2.1776710175,0.0005862619717499999
1.9528504325,0.7652665525,2.1518428949999997,0.00026194647775
1.9514803875,0.615252435,2.2890156525,0.0008065538595
2.0022869400000003,0.61657705875,2.3254220500000002,0.0005696719709999999
2.0439398,0.84100168875,2.2508553300000003,0.0001393926815
2.11387219,0.8990570691666666,2.317948106666667,0.00012463107183333333
2.18380458,0.9571124495833334,2.3850408833333336,0.00013201187666666666
1.9527055500000001,0.831897645875,2.21117014,0.00014441171625
1.8890616925,0.7022170870000001,2.2282027025,0.0005475974385
1.89998147,0.6536861060000001,2.2774807225,0.0005933035817500001
1.9621054525,0.8905316289999999,2.29747111,0.00014859887949999998
1.98251065625,0.8033892359999999,2.283553515,0.00016964225675
2.035013331875,0.9216906792499999,2.3361367475,0.000125087420125
2.10792121125,0.9528497295,2.3748023849999997,0.00013292457325
2.1808290906249996,0.9840087797499999,2.4134680225,0.000140761726375
1.91178837625,0.8566626159999999,2.23447803,0.00014901481525
1.884836195,0.9296604993333333,2.29719071,0.00014088553716666666
1.8075669375,0.9687893696666666,2.29691031,0.00014474220833333334
1.8492565475,0.7386528102500001,2.2768999350000003,0.0002352349295
1.92608620375,0.727449826625,2.2732679275,0.00021296028175
1.79789067875,0.7395853026250001,2.3425840725000002,0.00019162547175
1.8601763249999999,0.6901218292500001,2.3261779550000004,0.00028094107274999997
1.9315460924999999,0.7031843361250001,2.2979069375,0.00023581335337499997
1.872783245,0.7650276422500001,2.349615695,0.000160086187
1.9378495525,0.7406372426250001,2.3096258075,0.0001753859105
1.8671272724999999,0.7939106226250001,2.2605503225,0.00015475846899999998
1.8765021275,0.772789985125,2.4493446975,0.000156149268
2.0180937649999997,0.50734242825,2.5531792675,0.0014489569007500001
2.19478753,0.8950461511250001,2.23655167375,0.000116187218125
2.1497495566666665,0.9417208918333333,2.1961920683333336,0.00011008869575
2.103692313333333,0.8757596854166667,2.153179429166667,0.0001199733175
2.237175135,0.896164162875,2.25520470875,0.0001229769225
2.33865896,0.914330347375,2.26795092375,0.00014897952850000001
2.25071597,0.9685679515000001,2.12748188,0.00013060851974999998
2.2222421150000002,0.8754890777500001,2.18069026,0.00011656250837499999
2.18635567,0.9156447940000001,2.1217101833333336,0.00011033888925
2.12199537,0.8627216365,2.115938486666667,0.00012047370449999999
2.324935196666667,0.9319490486666667,2.08673537,0.00012370456591666667
2.3991544233333335,0.8953301458333334,2.04598886,0.0001271565428333333
2.33549118,0.9708039749999999,2.16478795,0.00014418792850000002
2.2646297200000003,0.8766070895,2.1993432950000003,0.00012335221275
2.366113545,0.894773274,2.21208951,0.00014935481875000002
2.404432415,0.914757609,2.0850151500000003,0.00013222025875
2.12701404,0.830905839,2.2664587525,0.000127664118
2.0649649500000002,0.7735763410000001,2.26804733625,0.00015917487600000001
2.169255016666667,0.8923265026666667,2.3283503883333334,0.00012072155066666666
2.211495993333333,0.9537471663333335,2.3902420241666666,0.00012419283433333334
2.0923245550000003,0.820352159,2.18831277125,0.00011393409599999999
2.2420745475,0.78389425575,2.0963168750000003,0.00014057468999999998
2.14985480875,0.796846367375,2.1032418325,0.00012038938199999998
2.3191742483333337,0.8088332515000001,2.0659587000000004,0.00012702662266666668
2.396273949166667,0.83377224725,2.0356005250000004,0.00013380065633333333
2.3268497575,0.78613027925,2.133622945,0.00015415409875
2.26030900875,0.784270241625,2.1837607925,0.00012833529787499999
2.40011170375,0.8224207611250001,2.0694326475,0.000137203343875
2.28518548375,0.7353936881250001,2.0847913325,0.000196739849375
2.2782222025000003,0.72466616325,2.2018747325000003,0.00022340754
2.3374790562500003,0.771704368125,2.23063290125,0.00018896462450000001
2.26087170625,0.7046616301249999,2.1189172262500002,0.00023136657
2.082206725,0.727327749,2.1903269300000003,0.00035142649875
2.1976651525,0.6701943875,2.1739285575,0.00043785206025
2.1423580625,0.7194303125,2.13190788,0.00036358649025000004
2.16402775,0.6490484625,2.254714845,0.0004905052842500001
2.0950408575,0.6748964785,2.25256145,0.00043886010425
2.09034568,0.532416597,1.9224506024999999,0.0028412744575
2.1549248075,0.58085822325,1.9639154975,0.0014712464249999999
2.1992230087499998,0.632757660125,1.99993760875,0.0008552860125
2.23871046,0.6894425155,1.8908416325000001,0.00044229797550000003
2.15942624,0.7532014847499999,1.89027072625,0.00028066547725000003
2.3255209,0.6986959877500001,1.83560307125,0.00031395132425000004
2.14108902,0.67064015575,1.9316916474999999,0.00072399712225
2.179968145,0.609421603375,1.89451706375,0.0009746128861250001
2.1106155199999996,0.7438003048749999,1.91069573375,0.00042151505062500003
2.2555230225000003,0.53733240825,1.9876312025,0.0015982317349999998
2.24952211625,0.6109947526249999,2.01179546125,0.0009187786674999999
2.3413958525,0.64580795175,1.93548578,0.00050044296125
2.2801215612499997,0.597005501375,1.8964141300000001,0.000862835805625
2.41613972125,0.644115075375,2.001881095,0.000426027941625
2.3768635962499998,0.6768787058750001,1.857925145,0.00034302381712499996
2.3443726275,0.583479777,2.0000515,0.000909127418
2.28160994875,0.565841414,1.9286969900000002,0.001067178034
2.38430553375,0.521058269,2.019339445,0.001364734959
2.41762810875,0.6129509879999999,2.0341639550000004,0.00063037017
2.38657516,0.58930286775,1.9361526975,0.00089569718625
2.302711215,0.568752959375,1.89674758875,0.001060462918125
2.4054067999999997,0.523969814375,1.98739004375,0.001358019843125
2.4387293750000003,0.615862533375,2.00221455375,0.000623655054125
2.39945325,0.6486261638749999,1.85825860375,0.000540650929625
2.38255888,0.54674727475,1.7770003075,0.0012156358257500001
2.300703075,0.547475162875,1.81717139375,0.001220432237875
2.4768261000000003,0.5146147048749999,1.79954963875,0.001269035577875
2.39744511,0.627348367375,1.77868240875,0.000700620249375
2.4066275925,0.5493178517499999,1.8746083375,0.00113840278825
2.31273743125,0.548760451375,1.86597540875,0.0011818157191250001
2.4154330162499997,0.5039773063749999,1.95661786375,0.001479372644125
2.4888604562500003,0.5158999933749999,1.84835365375,0.001230419059125
2.40947946625,0.628633655875,1.82748642375,0.0006620037306249999
1.799339595,0.5087920875,2.4903779025,0.0007308131682500001
1.7492291325,0.533830464,2.0957448475,0.0053209609475
1.7194038025,0.57976003,2.1184852125000004,0.00419625023
1.74600318,0.61018922925,2.1764012575000002,0.0022652725822499995
1.741882325,0.5748450905,2.2488928425,0.0017091218672499998
1.80340612,0.5826005935,2.2394620174999997,0.00172722075225
1.808514625,0.601765141,2.1906126725,0.00205924924225
1.79161486,0.5816331802499999,2.0170553625,0.00495288137
1.7808207875,0.5332004724999999,2.0564773675,0.0059291164525
1.7668529450000001,0.54617908575,1.95540172,0.00898448244
1.8095529975000002,0.53176349375,1.8932787475,0.009243084175
1.9002276949999999,0.62683841575,1.9823184624999999,0.0027490717905
1.8440305574999998,0.6213559507499999,2.0244397225,0.0030605682555
1.924183995,0.5715042425,1.9358225175,0.00402706486
1.9656891825,0.517259903,1.95728007,0.0045150287025
1.88135183,0.537237696,1.8943950225,0.0060017457574999995
1.8659225999999998,0.61042872075,2.1008135075,0.0027060692805
1.988014935,0.5447511225,2.0266566275,0.0033382442175
2.0312613225,0.57280329625,2.08713149875,0.00217527200375
1.9352852699999998,0.607940048,2.1096526975,0.0023195474480000003
1.9643103174999998,0.61743132775,2.04222402,0.0022982812505
2.01940901375,0.6091433988749999,2.094915195,0.00165529052025
2.0050795675,0.6646039932500001,2.3637712,0.0002970668175
1.9082355199999999,0.7376857550000001,2.4211812025,0.00017657545325
1.9555756899999999,0.7269662990000001,2.34540856125,0.000183630543625
1.827380165,0.7391017750000001,2.4147247062500004,0.000162295733625
1.9144678699999997,0.6997150927500001,2.3760620350000003,0.00022158619700000001
1.8304963399999998,0.7201164438750001,2.3921651225000002,0.00018480110550000002
1.9675956974999997,0.72129435875,2.5577040925,0.000352641491
1.872211755,0.7236972155,2.4773439175,0.00021709076825
1.8784441049999998,0.6857265532500001,2.4322247499999996,0.00026210151199999995
2.0458664,0.8166169372500001,2.5233333125,0.00021430417825
2.11515659,0.8828005681666666,2.499600095,0.00014960157075
2.18444678,0.9489841990833334,2.4758668775,0.00018195287449999998
1.963043705,0.798584632625,2.53620350625,0.000183258263625
1.9207440925,0.69703714575,2.52268106,0.00034773664425
2.02310458,0.66911153525,2.5549036875,0.00061683427375
2.00055784,0.6208535285000001,2.415147125,0.000501802454
1.9668840149999998,0.879266113,2.4388960625,0.0001554698245
1.9850822074999999,0.7963460835,2.44832152125,0.00018542882025
2.0625016666666665,0.9245666853333334,2.443308595,0.00012999011949999998
2.158119318333333,0.9698672576666667,2.4477211275,0.000142729972
1.9235525125,0.8299092205,2.4939848812500003,0.00015384108675
1.8880219033333332,0.9221501553333333,2.391474011666667,0.00014317585216666666
1.8091597916666666,0.9650341976666666,2.3440519608333332,0.00014932283833333333
1.9975577274999998,0.86318974175,2.3690366175,0.00016508814575
2.00041906375,0.788307897875,2.41339179875,0.00019023798087499999
2.00023679375,0.7897182923749999,2.31933626875,0.000177886889875
2.082950808333333,0.9138491044999999,2.3967356316666666,0.00013319622658333332
2.1683438891666666,0.96450846725,2.4244346458333332,0.00014914218616666667
1.9084710449999998,0.9114325744999999,2.3449010483333335,0.00014638195925
1.8193843625000001,0.95967540725,2.3207654791666665,0.0001557350525
1.9380201400000001,0.6359083505,2.4489426025,0.0004775045535
1.9468960775000002,0.63721030975,2.50419754,0.000562090602
2.0077550125,0.6150923970000001,2.515093865,0.0007761497485
2.0498343725000003,0.6066413672500001,2.4574658874999997,0.000720984493
1.8688175975,0.83117255625,2.368733885,0.00016351494549999998
1.93604899875,0.772299305125,2.4132404325000003,0.00018945138074999998
1.8651444487500002,0.826983079625,2.2701094175,0.00015647284824999997
1.87451930375,0.805862442125,2.4589037925,0.00015786364725
1.79955763875,0.9195453981249999,2.3326818975,0.00015027190575
1.8994913099999997,0.815096185,2.29887444,0.00017313326675
1.9513858549999998,0.7642611195,2.37831071,0.000194260541375
1.8430934333333333,0.8793702033333334,2.2981262633333333,0.00014906366625
1.7866955566666667,0.9436442216666667,2.297378086666667,0.00016109846650000001
1.9369721424999997,0.7582547070000001,2.3619853875,0.0001769291375
1.89922172125,0.7905241550000001,2.26673516875,0.00016317994425
1.90859657625,0.7694035175,2.45552954375,0.00016457074325000002
2.097857355,0.51698979725,1.79121694,0.00339833338475
1.9690512749999998,0.566803999,1.76932767,0.004215052409
2.0366005475,0.5896202660000001,1.7258705650000001,0.002602280379
2.0057747675,0.5038574932500001,1.7713949675,0.00539480743475
2.05496229375,0.558147013125,1.7269042137500001,0.003192157891875
2.01188344,0.6010705455,1.810755165,0.0022403715115
2.05801663,0.6067535392500001,1.7465843125,0.00161493993025
2.0825118424999998,0.57106754925,1.8384051625,0.00231164399725
2.09333083125,0.591752041125,1.76040931125,0.001650576173125
1.9336934124999998,0.5647084115,1.6938578775,0.004512153624000001
2.01892161625,0.58857247225,1.68813566875,0.0027508309865000003
1.8887333312499999,0.52360832675,1.6310394237499999,0.005709998107
1.970416905,0.50176190575,1.6959251750000002,0.00569190864975
2.0372833625,0.557099219375,1.6891693175000002,0.003340708499375
2.03561777,0.682588011,1.815655085,0.0008402703237499998
2.069883795,0.6475122719999999,1.7490342724999999,0.0009148893363749999
2.057879895,0.7497742325,1.8526774525,0.00047965165137499994
2.1062461724999997,0.6525850147500001,1.8433050825,0.0009115428095
2.10519799625,0.632510773875,1.76285927125,0.00095052557925
2.16254672125,0.600394032875,1.85032378125,0.00106838572975
2.0931940962499995,0.734772734375,1.86650245125,0.00051528789425
2.1835470774999997,0.5063557625,1.7357407225,0.0025007926147500004
1.9683044575,0.60624076425,1.6132703725,0.0023334969015
2.03622713875,0.609338648625,1.64784191625,0.00166150262525
1.90603885375,0.544374503125,1.59074567125,0.00462066974575
1.9523190587500001,0.637227900125,1.6800064312499998,0.00163681780425
1.97863277875,0.634022005125,1.5344874712499998,0.00141499743075
2.0399338625,0.741360545,1.73712671,0.0005424161337499999
2.07204184125,0.676898539,1.7097700850000002,0.0007659622413749999
2.06003794125,0.7791604995,1.8134132649999999,0.00033072455637499996
2.03952190625,0.804595351,1.68338889,0.00033170031687499997
2.1075525600000002,0.7210461349999999,1.5694673075,0.00043910818749999997
2.10585119,0.6667413339999999,1.6259403837500002,0.00071430826825
2.0733312550000003,0.794438146,1.59955918875,0.00028004634375
2.04825683,0.6914246904999999,1.51258593875,0.00046780307374999996
2.202770965,0.7315803694999999,1.53978371875,0.00029427506425
2.0171386325,0.702571243,1.6286278975,0.0006367823789999999
2.02812429125,0.7852007,1.62913948375,0.0003788834395
2.00304986625,0.6821872444999999,1.54216623375,0.0005666401695
2.1257006824999998,0.6049691962499999,1.5361317099999998,0.0015446086625
2.11870156125,0.504245799125,1.5162201949999998,0.0030437975312499997
2.05733089125,0.6333862211249999,1.49591814,0.00102055331125
2.21184502625,0.6735419001249999,1.52311592,0.00084702530175
2.21339512,0.7325826885,1.6506322925,0.00036138486575
2.1587724699999997,0.6725096107499999,1.6665228762500002,0.000675446607375
2.126252535,0.80020642275,1.64014168125,0.00024118468287499998
2.31286323,0.72026607425,1.71549840125,0.000273494769375
2.2556922449999997,0.73734864625,1.58036621125,0.000255413403375
2.210451305,0.551606998,1.584254385,0.0019528028350000001
2.1573005624999997,0.5820217655,1.6333339224999999,0.001471155592
2.2542203374999996,0.646860801,1.5471772575,0.001051122388
2.1304553449999997,0.5413110666250001,1.66394786625,0.002159870200625
2.2856085299999997,0.6277137625,1.6552683424999999,0.00086345740325
2.1948791749999996,0.6200751477499999,1.6688409012499998,0.000926482876125
2.30678606,0.5380341077499999,1.65173180625,0.001496366026625
2.348969935,0.66783161125,1.71781642625,0.000524531038125
2.2917989499999996,0.68491418325,1.58268423625,0.000506449672125
2.2658230049999997,0.57923587425,1.74207893,0.0011324040805
2.1849864125,0.595836203625,1.712246195,0.00106095621475
2.2968932974999996,0.513795163625,1.6951371,0.00163083936525
2.3390771724999997,0.6435926671250001,1.76122172,0.0006590043767499999
2.0121466525000002,0.54006760575,1.55066192,0.00323420882475
2.05814823625,0.576252069375,1.61653769,0.0021118585868750003
1.92795995125,0.511287923875,1.559441445,0.005071025707375
2.00055387625,0.6009354258749999,1.503183245,0.001865353392375
2.0699315525,0.54558029025,1.65395107875,0.002757191193125
2.1589332825,0.751294151,1.7455322149999999,0.00035378262524999996
2.1315415512499998,0.681865342,1.7139728375,0.000671645487125
2.11953765125,0.7841273025,1.8176160174999998,0.000236407802125
2.09902161625,0.809562154,1.6875916425,0.00023738356262499997
2.243399301666667,0.7368459206666667,1.7571429799999998,0.00024166399041666666
2.3278653208333333,0.7223976903333333,1.768753745,0.0002977233078333333
2.2038676125,0.6713873745000001,1.8024550675,0.00062984366275
2.15400871625,0.64191195375,1.7424342637499999,0.000809676005875
2.14200481625,0.74417391425,1.84607744375,0.000374438320875
2.30809947625,0.68966841725,1.79140978875,0.00040772416787499997
1.7915592475,0.50888168075,2.1316984275,0.004339678620000001
1.8231509025000001,0.50825168925,2.0924309475,0.004947834125
1.8242453625,0.5463871585,2.1686502075000003,0.0030089445625
1.8558370174999999,0.545757167,2.1293827275,0.0036171000675
1.8191368575,0.527222611,2.2174995525,0.0026769160725
2.2842484387499997,0.501793701125,1.82893195625,0.0016788203325000001
2.2962827949999998,0.503078989625,1.87773597125,0.0016402038137500001
1.8891396550000001,0.5587512777499999,2.566578685,0.0007958149592499999
1.87589592,0.6045073867499999,2.548911155,0.00059472037525
1.8288781975,0.58492168775,2.5299612875,0.000536157917
1.8048245925,0.6625095160000001,2.56655431,0.000312728247
1.7942159199999999,0.62264157825,2.541454495,0.000365289172
2.126625955,0.7188715485,2.3287633075,0.000235437292
2.1637370275,0.74781364925,2.39058855375,0.0002170229165
2.07900399,0.701625511,2.3847253925,0.00026365512175
2.139926045,0.7391906305,2.4185695962500002,0.00023113183137500002
2.1628172975,0.8226451567499999,2.352020505,0.00015226523475
2.08286657875,0.769445999875,2.3108282124999997,0.00017147543437499998
2.2082771337500002,0.918906493375,2.4020770825,0.00013475775087499998
2.1151953325,0.8053991192500001,2.40798259,0.00018048306449999999
2.05923786625,0.7594125866250001,2.432864785,0.00019793544025
2.05905559625,0.760822981125,2.338809255,0.00018558434925
2.1613758783333332,0.8753220228333334,2.422699613333333,0.00013832786616666665
2.2075564241666665,0.9452449264166667,2.4374166366666667,0.00015940546533333333
2.1956128475,0.6930235325,2.3309167024999997,0.000287082472
2.1038391599999997,0.6655190587500001,2.4517844324999998,0.00051822958325
2.2954866275,0.654604867,2.44831878,0.00079055031275
2.24816736375,0.7156803085,2.45036629,0.0004945794268750001
2.3478234687499997,0.6777176035,2.51235333,0.0008068499143750001
2.28717502875,0.6337298229999999,2.36328414,0.000593908333375
2.22268945,0.62941563125,2.3939980275,0.0006972475577500001
2.211768775,0.703085690625,2.42320591375,0.000447928049375
2.26238206,0.578697115125,2.44011098375,0.001220212198875
2.3191519375,0.7272958605,2.3916105625,0.00039338653
2.3579439237499997,0.77301921675,2.32550081625,0.00027395411950000004
2.35965612375,0.71406310025,2.48399922125,0.000608268023
2.29900768375,0.67007531975,2.33493003125,0.000395326442
2.267553925,0.7476908265,2.3059882524999997,0.00021322827525000002
2.2342010125,0.76222328825,2.3792010262499996,0.00020591840812500003
2.3321449175,0.78321669975,2.28268966125,0.00018387499212500002
2.1785377275,0.619157195,2.4589036725,0.00090017683925
2.18969291375,0.6979564725,2.45565873625,0.000549392690125
2.24030619875,0.573567897,2.47256380625,0.001321676839625
2.2612723100000003,0.84826908925,2.3494592924999997,0.0001432242535
2.32900411,0.833505831125,2.30442518125,0.00014887298125000002
2.25750464,0.931718459625,2.40079647625,0.00013023726025
2.1260231725,0.81566779275,2.4991683375,0.00022590322625
2.06465178625,0.764546923375,2.47845765875,0.000220645521125
2.18988007125,0.915417811375,2.47565099875,0.000171576746625
2.0861251962500003,0.786494664875,2.56677362375,0.000299134753625
2.274235485,0.6637551635,2.5493126525000003,0.00107614684175
2.2375417925,0.7202554567499999,2.50086322625,0.0006373776913750001
2.2881550775,0.59586688125,2.51776829625,0.001409661840875
2.1997595425000003,0.631502837,2.5396837025,0.00117260533275
2.2003038212500003,0.7041292935,2.49604875125,0.0006856069368750001
2.25091710625,0.579740718,2.51295382125,0.001457891086375
2.16832289,0.73279716075,2.5145681225,0.0005142556170000001
2.0881530649999998,0.7048310937500001,2.5206029425,0.0004988365295000001
2.1445005825,0.7407934218750001,2.4865083712500002,0.00034872253525
2.37938726,0.788495168,2.4524166,0.00040174058824999997
2.29011768,0.7826254589999999,2.4524152,0.00030017456462499997
2.388061585,0.8036188705,2.355903835,0.000278131148625
2.44959599,0.8230735885,2.486945125,0.00041621158762499997
2.389773785,0.7446627539999999,2.51440224,0.0006124450521249999
2.342781425,0.8670795405,2.421353045,0.00022526577599999998
2.2718147625,0.82191764525,2.4368834225000002,0.0002119371585
2.3697586675,0.84291105675,2.3403720574999998,0.0001898937425
2.2982591975,0.94112368525,2.4367433524999997,0.0001712580215
2.4312930725,0.86236577475,2.4714133475,0.0003279741815
2.19881779,0.867405414,2.559822025,0.00026743444325
2.22627738,0.941286622,2.5059778425,0.000192342355125
2.2365898175,0.76930519925,2.52763045,0.000467169671875
2.19234818125,0.776366598875,2.5348793287499998,0.0004108217675
2.353818,0.8139036595,2.5626592649999997,0.00045848833200000003
2.27733305,0.79532970475,2.5075365324999996,0.0003285484365
2.43681136,0.83577783425,2.5420664575,0.0004445854595
2.317212165,0.892488032,2.53159571,0.00028201351975
2.2590301325,0.8346218910000001,2.492004755,0.00024031103037499998
2.2854745674999997,0.953827931,2.491864685,0.00019963189337499998
2.4185084425000003,0.8750700205,2.52653468,0.000356348053375
2.0270663774999997,0.5492682233749999,2.1141893400000003,0.002497608495
1.9600119,0.54099808625,2.1356885425,0.0031404543825000004
1.903644265,0.50416948625,2.14137715,0.003950276585
2.0428963575,0.51395946725,2.2152376174999997,0.001957948
1.9901622525,0.5403520315,2.2064158325,0.001901666865
1.9337946175,0.5035234315,2.21210444,0.0027114890675
1.852109375,0.52397611,2.566044985,0.00073576974075
1.8070147349999999,0.50867994875,2.5289662475,0.0006422829685
1.8123062575,0.54354272775,2.5532600875,0.0005555758545
