
[Name]
environment

[Data]
X [ m ], Y [ m ], Z [ m ], odor [ kg m^-3 ]
-1.93364203e+00, 1.67090929e+00, 2.14992929e+00, 2.65708013e-06
-3.84137082e+00, 1.76310623e+00, 2.14361167e+00, 1.89373560e-12
-2.35876060e+00, 1.78709400e+00, 2.37908602e-01, 5.21725230e-03
-4.09978151e+00, 1.73561668e+00, 2.87008971e-01, 1.01780229e-08
-2.44389963e+00, 7.59689957e-02, 1.50157690e+00, 1.45943868e-05
-2.47124147e+00, 6.55485466e-02, 1.43720114e+00, 4.95541535e-05
-2.51587534e+00, 7.41595104e-02, 1.37342846e+00, 2.24714204e-05
-2.27984715e+00, 2.68968010e+00, 3.41213226e+00, 2.87978356e-11
-1.63445866e+00, 2.97459555e+00, 3.39913130e+00, 1.42570025e-10
-3.06846356e+00, 2.87212586e+00, 3.55334210e+00, 1.46669488e-13
-7.93186665e-01, 2.87801838e+00, 3.25367785e+00, 2.22493779e-09
-1.98453963e-01, 3.00800538e+00, 3.59715962e+00, 5.48612648e-11
-1.73689413e+00, 3.30971509e-01, 3.00928998e+00, 4.22129588e-11
-3.82314658e+00, 2.96371984e+00, 3.46450734e+00, 9.82874409e-19
-2.81112266e+00, 1.05969869e-01, 2.01615500e+00, 9.51391257e-11
-2.35656834e+00, 1.04880653e-01, 1.98330534e+00, 2.42973730e-09
-2.39508891e+00, 3.04588586e-01, 3.14899278e+00, 2.76124257e-13
2.78644085e-01, 2.99100828e+00, 2.30365944e+00, 3.30614291e-08
-2.03745461e+00, 1.07800841e-01, 1.31434774e+00, 2.44582025e-05
-1.65899539e+00, 4.48944807e-01, 3.47131276e+00, 5.04975792e-12
-9.04916286e-01, 3.39865804e-01, 2.80914950e+00, 1.46718071e-09
7.96378493e-01, 2.91096783e+00, 3.07837582e+00, 6.61854321e-11
-4.58353901e+00, 2.99808216e+00, 3.34104538e+00, 2.04326036e-17
-3.19513988e+00, 2.82818645e-01, 2.87264395e+00, 5.52743547e-15
-3.07745552e+00, 9.46295857e-02, 1.64048576e+00, 1.35301464e-10
-2.61699629e+00, 5.70336245e-02, 1.82935834e+00, 2.23311014e-09
-2.00862932e+00, 3.09057593e-01, 3.69094229e+00, 1.25062612e-13
2.14106381e-01, 1.10419166e+00, 3.35101247e+00, 8.95646474e-11
1.15600097e+00, 3.13205004e+00, 3.63913965e+00, 5.20749568e-13
-2.57720876e+00, 1.70444891e-01, 1.51795506e+00, 3.26428184e-04
-2.19773197e+00, 8.42880458e-02, 1.69809568e+00, 1.79805184e-07
-1.07291317e+00, 4.02825922e-01, 3.43548608e+00, 1.44436485e-11
-5.31438255e+00, 2.91873407e+00, 2.68724585e+00, 9.45401927e-18
-4.14718342e+00, 1.08515322e+00, 3.43696094e+00, 1.76385810e-17
-3.08780003e+00, 1.13243319e-01, 1.20163906e+00, 1.20486504e-07
-2.72105598e+00, 3.66682500e-01, 3.54173303e+00, 1.45441899e-15
-5.60887933e-01, 4.16210383e-01, 3.41558409e+00, 2.37713148e-11
-4.75081176e-01, 3.58961016e-01, 1.00811076e+00, 1.01862213e-07
-2.44779801e+00, 4.73661572e-02, 1.73181868e+00, 2.22597105e-08
-3.08814549e+00, 3.18368316e-01, 3.68163180e+00, 3.56846907e-17
-5.29016447e+00, 1.82021976e+00, 3.46850109e+00, 5.75675119e-20
-5.55245113e+00, 2.88565373e+00, 2.02237296e+00, 9.54718694e-17
-5.40731287e+00, 9.99937057e-01, 2.07466769e+00, 5.32178823e-17
-5.38550282e+00, 2.32201314e+00, 1.57360947e+00, 1.22310721e-15
1.03471622e-01, 4.86100942e-01, 3.55666518e+00, 7.78942535e-12
-2.38711929e+00, 1.04079567e-01, 9.63229716e-01, 7.66964004e-05
-2.59799337e+00, 1.73538521e-01, 1.48662758e+00, 5.44506998e-04
-2.54810143e+00, 1.51661322e-01, 1.53105521e+00, 6.22555206e-04
-5.38315439e+00, 2.63640451e+00, 3.46672440e+00, 9.16408908e-20
-4.41528320e+00, 5.03220379e-01, 3.52647901e+00, 5.43617993e-20
-3.78223085e+00, 4.01026756e-01, 3.37083817e+00, 5.24194777e-18
8.72764349e-01, 4.64320481e-01, 3.31407070e+00, 3.35427823e-12
-5.36396122e+00, 4.76604581e-01, 1.88524067e+00, 1.75427207e-16
1.84769213e+00, 5.23186147e-01, 2.25518370e+00, 3.52672266e-11
1.94756675e+00, 2.23540401e+00, 3.41160750e+00, 3.46290379e-14
2.31420016e+00, 2.92389154e+00, 3.39738107e+00, 2.30812751e-15
-5.38949442e+00, 2.89291549e+00, 1.15552509e+00, 1.18801894e-14
-5.36569691e+00, 7.08889067e-01, 1.32524467e+00, 1.36307049e-14
-5.48658371e+00, 9.88902330e-01, 2.93945861e+00, 1.10758088e-19
-2.76871824e+00, 8.03336352e-02, 1.12033343e+00, 1.34461095e-06
-5.60955477e+00, 1.40123498e+00, 3.48063493e+00, 1.51432536e-21
-5.46480083e+00, 5.77684641e-01, 2.58637929e+00, 3.91179450e-19
1.00524437e+00, 5.15481710e-01, 7.94215560e-01, 3.98280129e-08
1.66330576e+00, 5.09226441e-01, 3.33300686e+00, 1.23778049e-13
-2.73611045e+00, 4.48045060e-02, 1.66660142e+00, 2.39792075e-09
-5.54680347e+00, 4.50616896e-01, 7.27041900e-01, 1.07710322e-13
-5.40854168e+00, 2.89412594e+00, 4.29919004e-01, 2.10336272e-14
2.97617030e+00, 2.95521665e+00, 3.38979006e+00, 1.65508749e-17
-2.83300447e+00, 5.78503609e-02, 1.34843802e+00, 2.73848375e-08
-2.57828355e+00, 1.15422845e-01, 1.54764307e+00, 1.01471346e-06
-5.47242355e+00, 4.45668280e-01, 3.14111924e+00, 1.62208503e-21
-5.70311594e+00, 3.23771119e-01, 3.65272141e+00, 3.00139171e-24
-5.07703781e-01, 4.52229351e-01, -1.81170329e-01, 1.21542589e-05
2.48460531e+00, 6.51203871e-01, 3.46097994e+00, 1.09402511e-15
-2.29608822e+00, 6.01417869e-02, 1.34236753e+00, 1.20810491e-05
-2.46147966e+00, 3.58760320e-02, 1.62291098e+00, 6.69404798e-08
-5.52698135e+00, 3.14026546e+00, -1.32067934e-01, 1.54709365e-14
3.75674653e+00, 2.98941088e+00, 3.43016744e+00, 2.40432370e-18
-2.54862380e+00, 5.66782355e-02, 1.18031526e+00, 1.44583089e-06
-2.82684994e+00, 3.62562649e-02, 1.50542867e+00, 2.52561350e-09
-2.61901617e+00, 1.45906359e-01, 1.47237182e+00, 1.22467864e-05
-5.49030256e+00, 8.33385885e-01, -6.01529470e-03, 3.21385930e-12
2.46525502e+00, 6.03836417e-01, 7.70228267e-01, 4.13135348e-09
3.10260487e+00, 5.28652787e-01, 3.41476798e+00, 1.00727199e-15
-2.70819497e+00, 4.49915566e-02, 1.28584492e+00, 1.51547084e-07
-3.14658689e+00, 3.04395485e+00, -1.48571181e+00, 1.53101143e-09
-2.53705645e+00, 1.10246554e-01, 1.53550363e+00, 2.95564701e-06
-5.58968306e+00, 3.08968306e+00, -7.27272749e-01, 4.92297412e-15
1.02438331e+00, 2.91994047e+00, -7.34815180e-01, 6.75595828e-08
-1.19867516e+00, 5.13890684e-01, -1.38852572e+00, 1.98675843e-04
-2.55098581e+00, 2.49352660e-02, 1.61960042e+00, 1.65651990e-08
-5.58935213e+00, 4.37534273e-01, -5.79369664e-01, 6.18056821e-12
3.28135490e+00, 2.81127906e+00, 2.13588548e+00, 1.82387623e-14
3.68587756e+00, 5.57347715e-01, 3.46209526e+00, 3.08839939e-16
4.83973646e+00, 2.85768414e+00, 3.44785619e+00, 2.86247887e-20
-2.73251033e+00, 2.69972067e-02, 1.56295490e+00, 3.47906348e-09
-4.40313292e+00, 2.94337010e+00, -1.19793272e+00, 8.04824610e-12
-2.60609841e+00, 1.33301854e-01, 1.43859935e+00, 3.90931673e-05
-2.65737057e+00, 2.83669773e-02, 1.62659395e+00, 4.91420327e-09
2.18061209e+00, 4.43479478e-01, -1.22551584e+00, 2.00128074e-08
-5.55048609e+00, 3.00123453e+00, -1.53201759e+00, 5.88082270e-16
-2.00282741e+00, 2.98741531e+00, -2.47852182e+00, 3.79036491e-09
-2.57905936e+00, 1.20656446e-01, 1.42008448e+00, 1.12083601e-03
-5.39740181e+00, 1.16666663e+00, -1.27358472e+00, 3.90102620e-12
9.41238642e-01, 5.46668291e-01, -2.10617471e+00, 5.04250615e-08
3.80501628e+00, 2.88930035e+00, 8.02303199e-03, 2.82473155e-13
4.45805407e+00, 4.37567472e-01, 3.42522478e+00, 1.52712794e-17
-2.51581240e+00, 8.11978206e-02, 1.48127687e+00, 5.20579561e-05
-2.73612642e+00, 2.58563589e-02, 1.48364508e+00, 5.49199353e-09
-3.04068947e+00, 2.93102932e+00, -2.69411707e+00, 8.67021732e-11
-2.59205222e+00, 4.67494912e-02, 1.55907714e+00, 1.62296665e-08
-2.55586147e+00, 4.77142818e-02, 1.54658127e+00, 3.62509276e-08
-3.32159460e-01, 5.43777466e-01, -2.40145278e+00, 5.71676821e-07
4.69358301e+00, 2.81816912e+00, 1.96934998e+00, 9.63836276e-17
-3.13386631e+00, 1.42726493e+00, -3.33664823e+00, 1.23285340e-10
-1.78557980e+00, 6.05164230e-01, -2.55710912e+00, 5.33432228e-07
-5.04386365e-01, 2.89412594e+00, -2.73419070e+00, 1.61941294e-09
4.58475924e+00, 6.13652885e-01, 5.74630260e-01, 2.24440674e-11
5.48507977e+00, 1.41946137e+00, 2.20739865e+00, 3.66229200e-16
5.55408192e+00, 2.39082646e+00, 3.47657228e+00, 6.53502128e-21
5.59749794e+00, 3.07436085e+00, 3.61134219e+00, 3.06047423e-23
-5.42936945e+00, 2.04629254e+00, -2.35097980e+00, 6.26228737e-15
-2.71708512e+00, 2.50636134e-02, 1.40630281e+00, 1.55921533e-08
-2.56882381e+00, 3.00199296e-02, 1.55399585e+00, 1.59302740e-08
-2.49678016e+00, 2.02020723e-02, 1.54181981e+00, 5.32333324e-08
-5.50686455e+00, 2.86379099e+00, -2.54159021e+00, 2.01395666e-17
5.46785593e+00, 2.24821043e+00, 6.78342700e-01, 3.72187293e-15
-2.27853489e+00, 5.53449392e-01, -3.38328552e+00, 5.82231263e-10
-2.52799368e+00, 5.51730134e-02, 1.49058187e+00, 4.20844316e-07
-5.44008112e+00, 7.67085671e-01, -2.44541168e+00, 1.05541398e-14
-4.30480719e+00, 2.25965524e+00, -3.38510776e+00, 1.90431695e-13
-2.67507219e+00, 1.65612530e-02, 1.56613386e+00, 5.12932319e-09
-2.63858652e+00, 1.75675675e-02, 1.58072329e+00, 6.46910081e-09
1.05863225e+00, 2.24642134e+00, -3.39412594e+00, 2.17388312e-11
3.96848464e+00, 2.83035707e+00, -1.37224269e+00, 7.75977251e-14
5.16837120e+00, 1.59637856e+00, 3.43284965e+00, 2.38044134e-18
5.56025410e+00, 2.91843152e+00, 2.49729586e+00, 1.06321944e-19
-3.70075774e+00, 6.73084676e-01, -3.34230065e+00, 4.37676544e-12
-1.65875506e+00, 2.86533308e+00, -3.35379100e+00, 6.36426259e-11
-2.89968634e+00, 6.53561413e-01, -3.35351658e+00, 1.87658486e-10
-1.64358783e+00, 6.39520586e-01, -3.38322306e+00, 3.43637230e-09
-8.91162455e-02, 2.95477009e+00, -3.37112546e+00, 3.05179632e-11
-2.53820086e+00, 7.35568330e-02, 1.44532657e+00, 3.08691597e-05
-2.61503673e+00, 9.01178569e-02, 1.44008255e+00, 1.40332915e-07
-2.58735871e+00, 2.25632936e-02, 1.56058633e+00, 1.10942242e-08
-2.55285692e+00, 2.20497157e-02, 1.54310262e+00, 1.77989197e-08
5.28705418e-02, 5.49106896e-01, -3.30921555e+00, 2.78749335e-09
5.92215836e-01, 2.83320284e+00, -3.40335226e+00, 1.70925270e-11
4.82442570e+00, 2.99875426e+00, -1.98800087e-01, 3.40263723e-15
5.43291521e+00, 6.57023668e-01, 2.89064974e-01, 4.18430563e-13
5.26174116e+00, 5.36278844e-01, 3.26933312e+00, 3.24578393e-18
5.56591797e+00, 5.83535075e-01, 2.57693624e+00, 1.64894538e-16
5.39599228e+00, 3.00405502e+00, 1.13719928e+00, 2.79256076e-17
5.38417768e+00, 3.00440288e+00, 1.81664240e+00, 8.14902109e-18
-2.38674831e+00, 2.93397737e+00, -3.34124660e+00, 2.78895171e-11
-7.87685692e-01, 2.90937924e+00, -3.46120644e+00, 4.57636949e-11
-7.27926672e-01, 4.89525408e-01, -3.40510964e+00, 3.78869425e-09
-2.58218312e+00, 7.56500438e-02, 1.42859948e+00, 6.02171497e-07
-2.65832973e+00, 4.55793850e-02, 1.50106370e+00, 1.05626548e-08
-2.96950293e+00, 2.96179891e+00, -3.38863516e+00, -5.98482462e-12
-3.65426421e+00, 2.91632104e+00, -3.45714855e+00, 1.43390752e-13
-4.50265121e+00, 2.96168804e+00, -3.50939965e+00, 9.85499964e-16
-2.56524420e+00, 1.39285345e-02, 1.55155635e+00, 1.32946996e-08
-2.51568127e+00, 1.57910716e-02, 1.51043844e+00, 5.41204948e-08
2.34456253e+00, 1.39557958e+00, -3.44148970e+00, 6.25014499e-14
9.60030377e-01, 5.74886322e-01, -3.25247145e+00, 3.32627453e-10
2.44915819e+00, 2.87106681e+00, -2.82511091e+00, 9.14260746e-13
5.47094727e+00, 1.41148221e+00, -7.90980101e-01, 1.29009935e-13
5.53305864e+00, 1.06502247e+00, 3.40410280e+00, 1.14812255e-18
5.54334879e+00, 7.07358479e-01, 1.86184216e+00, 5.09350134e-15
-4.27307844e+00, 5.01294196e-01, -3.61162448e+00, 5.91544907e-14
-2.51729202e+00, 1.66751854e-02, 1.45585477e+00, 1.22732604e-06
-2.64884400e+00, 4.78644930e-02, 1.47192347e+00, 1.44406309e-08
5.42137718e+00, 6.00390494e-01, 1.03100681e+00, 1.87046735e-13
5.32011414e+00, 3.00404263e+00, 4.29658473e-01, 8.06425327e-17
5.52117014e+00, 5.15445530e-01, -5.71520686e-01, 2.49001422e-13
5.45103359e+00, 2.90307117e+00, -3.06815773e-01, 1.39871993e-16
-2.56135273e+00, 5.42545319e-02, 1.43949580e+00, 1.93613346e-06
-2.59595060e+00, 1.16029624e-02, 1.56087804e+00, 9.22780963e-09
-2.52646637e+00, 1.52054019e-02, 1.48950887e+00, 1.65881772e-07
-2.63311982e+00, 1.54527221e-02, 1.55009544e+00, 7.48262519e-09
1.63096321e+00, 2.96508622e+00, -3.42095375e+00, 5.57818223e-14
1.55168927e+00, 5.11811674e-01, -3.38342285e+00, 1.22615720e-12
2.62500000e+00, 3.07130122e+00, -3.57130122e+00, 7.89812166e-16
3.70966005e+00, 1.46417904e+00, -3.41702628e+00, 1.73593198e-15
-2.66696286e+00, 1.43374298e-02, 1.52703655e+00, 6.53594956e-09
-5.17763042e+00, 1.91400325e+00, -3.46074557e+00, 1.75906164e-16
-2.61504364e+00, 1.58332121e-02, 1.56082857e+00, 8.19580226e-09
-2.54221559e+00, 1.78396255e-02, 1.52792263e+00, 2.25885408e-08
2.13414764e+00, 5.83360553e-01, -3.35249519e+00, 1.55421073e-13
5.55226564e+00, 2.94128013e+00, -9.72314119e-01, 1.55300023e-16
5.51670504e+00, 1.46553898e+00, -2.22485685e+00, 1.73723154e-15
5.56098557e+00, 5.99260628e-01, -1.13671124e+00, 1.40302429e-13
-4.88632011e+00, 4.44625884e-01, -3.52956724e+00, 2.56942752e-14
-5.41622353e+00, 2.43298602e+00, -3.51086354e+00, 2.84445099e-18
-2.61346817e+00, 5.42547479e-02, 1.43921828e+00, 4.13441512e-08
-2.63848448e+00, 8.24342296e-03, 1.54169416e+00, 7.21855375e-09
-5.68874025e+00, 3.14701676e+00, -3.67550135e+00, 9.83111460e-20
2.80863237e+00, 6.70245409e-01, -3.39392710e+00, 4.81124099e-14
5.46041727e+00, 5.87718189e-01, -1.93148339e+00, 8.46305041e-14
-2.59588075e+00, 1.68103650e-02, 1.41341043e+00, 3.50680054e-08
-2.53744936e+00, 1.17426952e-02, 1.47682703e+00, 3.74450337e-07
-2.67118645e+00, 1.50407134e-02, 1.49409044e+00, 7.48724460e-09
-5.40413046e+00, 1.09375000e+00, -3.49546719e+00, 2.32536776e-16
-2.53586602e+00, 1.09424582e-02, 1.50739980e+00, 4.54863525e-08
3.76883769e+00, 2.88499856e+00, -3.15953112e+00, 3.73360741e-16
-2.54604888e+00, 1.30829494e-02, 1.44881690e+00, 9.67966344e-07
-2.65551472e+00, 1.39226764e-02, 1.46040666e+00, 9.49311829e-09
5.42785406e+00, 3.02683663e+00, -1.79339230e+00, 1.03110239e-17
3.74898767e+00, 5.93547285e-01, -3.44497442e+00, 2.17627328e-15
-2.64569807e+00, 1.53464833e-02, 1.43422246e+00, 1.32956934e-08
5.50930882e+00, 5.19099891e-01, -2.62165618e+00, 2.05377114e-15
4.21435213e+00, 3.14451218e+00, -3.60630631e+00, 2.18660087e-18
-2.57189107e+00, 1.63970944e-02, 1.42646790e+00, 1.63408643e-07
-2.54806662e+00, 1.01954807e-02, 1.46323001e+00, 6.99741747e-07
-2.65933752e+00, 9.46962740e-03, 1.49557424e+00, 7.73841169e-09
-2.65582848e+00, 1.59047302e-02, 1.48006916e+00, 8.48625170e-09
5.50253296e+00, 2.57887721e+00, -2.74155211e+00, 7.86328975e-18
4.56888342e+00, 5.72513282e-01, -3.39782810e+00, 9.25282486e-16
-2.56323004e+00, 1.16204349e-02, 1.44784057e+00, 4.75188699e-07
5.06109095e+00, 1.54482687e+00, -3.37735677e+00, 3.22865613e-16
-2.57869315e+00, 1.30268503e-02, 1.44124794e+00, 1.61912681e-07
-2.59970117e+00, 1.68501064e-02, 1.43766332e+00, 2.91633011e-08
5.47223902e+00, 2.32234621e+00, -3.45689678e+00, 1.51988141e-18
5.12669611e+00, 2.95795155e+00, -3.33891392e+00, 1.66376730e-18
5.47684765e+00, 1.01228130e+00, -3.47328258e+00, 6.41152201e-18
-2.61952019e+00, 1.45674776e-02, 1.44201303e+00, 1.45712429e-08
5.60688257e+00, 3.08897400e+00, -3.57808208e+00, 1.05942910e-20
-1.68091619e+00, 2.05307126e-01, 2.18326211e+00, 4.01769107e-08
-1.54580283e+00, 2.91184807e+00, 2.29051661e+00, 7.10263123e-07
-1.40025175e+00, 1.80568671e+00, 3.41885686e+00, 3.66695063e-10
-2.60106778e+00, 2.84502959e+00, 2.24771547e+00, 8.36828384e-09
-2.34454060e+00, 1.80668116e-01, 2.44950175e+00, -5.51993217e-12
-1.02448881e+00, 2.81915605e-01, 1.93513155e+00, 7.08055552e-07
-2.66895366e+00, 1.65799212e+00, 3.43190169e+00, 1.23486128e-12
-1.27647543e+00, 2.90023398e+00, 1.16041756e+00, 8.22433096e-04
-1.46690333e+00, 1.96783364e-01, 1.22374940e+00, 4.71145086e-06
-3.74455166e+00, 2.89824080e+00, 2.20684171e+00, 2.86769024e-12
-3.76882029e+00, 2.23176450e-01, 1.98343396e+00, 4.08505830e-14
-3.87515974e+00, 2.28361979e-01, 1.32793260e+00, 6.98484104e-10
-2.23438287e+00, 2.79920316e+00, 4.25650954e-01, 1.71369422e-04
-2.47755790e+00, 2.12700948e-01, 2.96443224e-01, 4.94330714e-04
-1.81014764e+00, 2.38511503e-01, 4.75369334e-01, 4.35290349e-05
-2.97976685e+00, 3.03274095e-01, -1.72104090e-01, 8.18359607e-04
-2.21345258e+00, 3.46865147e-01, -3.33978653e-01, 2.75656115e-04
-3.01579380e+00, 1.69631958e-01, 6.83592021e-01, 9.78195967e-05
-1.93219614e+00, 2.94060493e+00, -1.12850463e+00, 1.66624272e-06
-1.12551236e+00, 2.92203450e+00, 2.29489990e-03, 7.20842567e-04
-4.11710072e+00, 3.54548544e-01, 3.10659617e-01, 2.81417528e-07
-5.44609880e+00, 1.75725996e+00, 1.76044866e-01, 3.25192211e-13
-4.02418518e+00, 2.86907887e+00, 4.82533686e-02, 4.96830355e-10
-3.96525359e+00, 2.84423399e+00, 1.16025758e+00, 1.24467867e-10
-4.05190182e+00, 4.36810881e-01, -6.48108304e-01, 1.25893348e-06
-2.35194302e+00, 4.68416326e-02, 1.53284013e+00, 8.35845071e-07
-2.50300336e+00, 1.15565851e-01, 1.50593591e+00, 1.00176912e-02
-2.41011715e+00, 3.44864726e-02, 1.52561319e+00, 7.51390417e-07
-2.38498950e+00, 4.08252403e-02, 1.44831741e+00, 4.33047762e-06
-2.46331716e+00, 2.43045129e-02, 1.50498569e+00, 4.51071287e-07
-2.43388844e+00, 3.47794592e-02, 1.46519530e+00, 3.02939202e-06
-2.42598867e+00, 3.78691331e-02, 1.36873150e+00, 1.12596945e-05
-2.45986724e+00, 3.19515616e-02, 1.40297103e+00, 8.99012593e-06
-2.50931215e+00, 9.57064182e-02, 1.45361912e+00, 9.02213901e-03
-2.46008015e+00, 3.04397009e-02, 1.43767083e+00, 4.71377325e-06
-2.50594735e+00, 2.71560512e-02, 1.41591859e+00, 5.07574077e-06
-2.48871803e+00, 4.20249104e-02, 1.28567410e+00, 1.40474071e-06
-2.54234481e+00, 3.34166773e-02, 1.32653141e+00, 4.69808811e-07
-2.50927281e+00, 2.81780902e-02, 1.35732877e+00, 1.74337868e-06
-2.54898477e+00, 1.10795543e-01, 1.41758609e+00, 1.48837334e-02
-2.56312895e+00, 2.35999245e-02, 1.38093901e+00, 1.81203887e-07
-2.61091471e+00, 3.11233643e-02, 1.33826816e+00, 1.20889638e-07
-2.55142641e+00, 2.18395852e-02, 1.41132677e+00, 5.79287644e-07
-2.57588601e+00, 1.96220297e-02, 1.40519369e+00, 1.09143805e-07
-2.59439278e+00, 2.65548285e-02, 1.37126493e+00, 8.87582630e-08
-2.53881145e+00, 2.47171968e-02, 1.37340069e+00, 6.19858838e-07
-2.55810046e+00, 8.77658427e-02, 1.42721558e+00, -1.44904116e-04
-2.53536367e+00, 1.05799593e-01, 1.42422688e+00, 2.79455911e-02
-2.49515390e+00, 2.45406814e-02, 1.39014113e+00, 4.14009037e-06
-2.46666002e+00, 3.17763500e-02, 1.33563638e+00, 3.85495878e-06
-2.54015493e+00, 3.94848175e-02, 1.28417218e+00, 5.61065292e-07
-2.42138982e+00, 5.73610328e-02, 1.21088874e+00, 3.52401048e-06
-2.51731086e+00, 4.26834077e-02, 1.23107791e+00, 1.00324473e-06
-2.43298101e+00, 4.98660356e-02, 1.27593207e+00, 3.72864565e-06
-2.52681923e+00, 1.79030821e-02, 1.42350113e+00, 2.26583984e-06
-2.42077017e+00, 3.51615138e-02, 1.42156637e+00, 6.90246225e-06
-2.46932220e+00, 2.55048294e-02, 1.47211242e+00, 1.50922131e-06
-2.48351336e+00, 2.14072298e-02, 1.43756807e+00, 3.36228072e-06
-2.50618815e+00, 9.70650911e-02, 1.47050607e+00, 5.63807273e-03
-2.51891994e+00, 8.40177909e-02, 1.46276402e+00, 5.12998726e-04
-2.39880705e+00, 3.58242095e-02, 1.39526677e+00, 8.75248861e-06
-2.39740515e+00, 4.63057682e-02, 1.32192469e+00, 1.20741724e-05
-2.49097872e+00, 1.98221784e-02, 1.49922001e+00, 2.08865671e-07
-2.47099876e+00, 2.77778152e-02, 1.53414392e+00, 1.73500212e-07
-2.37340474e+00, 3.19449194e-02, 1.48717463e+00, 1.08802510e-06
-2.31341100e+00, 5.65150231e-02, 1.42730665e+00, 4.69366387e-06
-2.42447209e+00, 3.11424881e-02, 1.57273149e+00, 2.10743565e-07
-2.44201159e+00, 2.79955678e-02, 1.52460289e+00, 4.68592560e-07
-2.52267766e+00, 8.43179896e-02, 1.51587451e+00, 8.86113412e-06
-2.51050091e+00, 1.00306056e-01, 1.50386798e+00, -6.83669292e-04
-2.51525807e+00, 1.11829735e-01, 1.51609397e+00, -5.24297764e-04
-2.34887838e+00, 4.78182286e-02, 1.64359486e+00, 1.31644128e-07
-2.36761999e+00, 4.09102775e-02, 1.59132361e+00, 2.39728053e-07
-3.84128380e+00, 5.65962195e-01, -1.74121273e+00, 5.45976349e-08
-3.54570723e+00, 3.53428364e-01, -4.70822871e-01, 6.69671426e-05
-4.74902678e+00, 5.02182186e-01, -6.53044045e-01, 2.81067658e-09
-3.64400816e+00, 4.35057789e-01, -1.14268720e+00, 7.50144409e-06
-3.15815616e+00, 2.86689568e+00, 8.95166934e-01, 5.73710608e-08
-4.82951784e+00, 2.89412594e+00, -3.15331906e-01, 2.80381382e-12
-3.24890423e+00, 2.95503283e+00, -3.33125174e-01, 2.49757601e-08
-3.68069267e+00, 3.00666475e+00, 5.44923186e-01, 3.95492172e-09
-5.41688061e+00, 1.19083905e+00, 7.17073441e-01, 2.84783780e-13
-5.48151302e+00, 2.38896608e+00, -2.33449385e-01, 9.65338988e-14
-5.43720579e+00, 1.50103021e+00, -4.86266345e-01, 6.21288567e-12
-5.48800755e+00, 2.20735526e+00, 6.38944209e-01, 1.65351538e-14
-3.46528769e+00, 2.30829656e-01, 4.78256196e-01, 2.98116465e-05
-4.57769918e+00, 3.87412131e-01, 8.81824851e-01, 9.97504787e-11
-4.62564516e+00, 4.41365957e-01, 1.04434267e-01, 4.91072383e-09
-3.97548151e+00, 3.07983309e-01, 7.41920769e-01, 3.31017063e-08
-3.86633396e+00, 3.60789239e-01, -6.75551519e-02, 1.38064870e-05
-1.58712196e+00, 2.89136839e+00, -4.75501537e-01, 1.58487936e-04
-2.28935922e-03, 2.94345570e+00, 3.71475160e-01, 4.99164344e-05
-8.30676913e-01, 2.90553141e+00, -7.26280510e-01, 5.99282976e-05
-5.43002725e-01, 2.97250462e+00, -9.01704803e-02, 2.15629261e-04
-2.44245291e+00, 2.97328067e+00, -5.53791225e-01, 2.13872841e-06
-1.24715269e+00, 2.94771290e+00, -1.05803072e+00, 5.87866816e-06
-1.57495415e+00, 3.00385976e+00, -1.68974662e+00, 5.32286890e-07
-2.67207170e+00, 1.42312601e-01, 7.67032981e-01, 1.57515737e-04
-2.87757206e+00, 2.05057740e-01, 3.74841094e-01, 4.80414630e-04
-3.21217966e+00, 1.31442159e-01, 9.27474380e-01, 2.19006847e-06
-2.92069387e+00, 1.13129571e-01, 9.43003237e-01, 1.28288020e-05
-3.13776445e+00, 2.25888610e-01, 5.01034498e-01, 1.91816522e-04
-2.97005343e+00, 1.28238648e-01, 5.36846757e-01, 1.54096328e-04
-2.86990714e+00, 1.28004685e-01, 7.67942607e-01, 7.72796993e-05
-2.64076924e+00, 3.90678108e-01, -6.19262099e-01, 8.75281403e-04
-2.27163625e+00, 2.54841596e-01, 6.96524829e-02, 2.69016484e-04
-1.62355113e+00, 3.21644813e-01, -6.71683252e-02, 3.13995588e-05
-2.08662009e+00, 4.30068463e-01, -8.83201122e-01, 5.26960706e-04
-2.76144767e+00, 2.07033053e-01, 1.69062302e-01, 5.06689132e-04
-2.57304311e+00, 2.88285285e-01, -1.79686412e-01, 5.92849799e-04
-3.33357811e+00, 2.95667142e-01, -8.60716701e-02, 3.19154438e-04
-1.17321813e+00, 2.97910601e-01, 5.73667586e-01, 2.81936786e-06
-1.84701073e+00, 1.74528047e-01, 9.01376605e-01, 5.20427129e-05
-1.64760423e+00, 2.01467678e-01, 6.88484013e-01, 9.14238171e-06
-2.09383440e+00, 2.01896995e-01, 5.23132265e-01, 1.56728420e-04
-2.05156207e+00, 2.15692282e-01, 2.57930189e-01, 9.60741891e-05
-1.51099670e+00, 2.40820870e-01, 3.29828858e-01, 8.87803890e-06
-2.47548914e+00, 2.95768189e+00, 8.49080503e-01, 6.86945441e-06
-3.50542307e+00, 1.55508742e-01, 1.57476604e+00, 1.05881824e-10
-4.18006182e+00, 2.60679007e-01, 1.61966741e+00, 1.30169714e-12
-3.59523511e+00, 1.78687498e-01, 1.33380425e+00, 2.47310972e-09
-3.85061765e+00, 1.85152739e-01, 1.61732233e+00, 1.43973054e-11
-3.80091548e+00, 2.13113651e-01, 1.02398670e+00, 1.79884161e-08
-4.16072416e+00, 2.60700434e-01, 1.06874669e+00, 1.00060615e-09
-3.26715946e+00, 1.47072807e-01, 2.07925868e+00, 7.09417334e-13
-4.23243093e+00, 3.36895853e-01, 2.25917959e+00, 1.07838507e-15
-3.66918612e+00, 2.28879809e-01, 2.32136941e+00, 2.28748659e-15
-3.53923559e+00, 1.88265637e-01, 1.86987615e+00, 3.14002459e-13
-4.11762810e+00, 2.30303526e-01, 1.91345370e+00, 2.17564986e-14
-3.16123843e+00, 2.99614525e+00, 2.11358142e+00, 1.83386514e-10
-4.42421246e+00, 2.97879386e+00, 1.90853751e+00, 3.17629332e-13
-3.93998051e+00, 2.96121311e+00, 2.83374715e+00, 4.64517781e-14
-1.69405007e+00, 1.74806550e-01, 1.66584384e+00, 5.05681555e-06
-1.14684284e+00, 2.44247943e-01, 1.35947192e+00, 8.09163396e-07
-1.65011477e+00, 1.62992626e-01, 1.06220138e+00, 1.77874881e-05
-1.44855917e+00, 1.77890122e-01, 1.48616576e+00, 3.66730933e-06
-1.45849752e+00, 2.92274833e+00, 5.16017377e-01, 1.25582807e-03
-7.93313980e-01, 2.97560024e+00, 1.60252452e+00, 8.20093628e-05
-2.19691682e+00, 1.08741045e+00, 3.49348712e+00, 2.56263912e-12
-3.06369805e+00, 1.12853372e+00, 3.47969580e+00, 2.00975236e-14
-2.28685880e+00, 2.04452324e+00, 3.56465125e+00, 4.26044790e-12
-3.17763472e+00, 1.65315545e+00, 3.50165534e+00, 3.22380232e-14
-2.70028979e-01, 4.42625999e-01, 2.03992653e+00, 3.78808522e-08
-1.23193312e+00, 2.15482622e-01, 2.09306765e+00, 1.47846904e-07
-7.46409059e-01, 2.86458671e-01, 1.62529159e+00, 1.71850331e-07
-9.39496934e-01, 2.76421458e-01, 2.28402567e+00, 5.17212406e-08
-2.59739709e+00, 1.28266320e-01, 2.22648168e+00, 1.74314920e-11
-2.01134491e+00, 2.23977387e-01, 2.55914521e+00, 2.68891909e-10
-2.24158645e+00, 1.39843702e-01, 2.27756214e+00, -1.19784894e-11
-2.56855464e+00, 2.48288617e-01, 2.77385855e+00, 6.01020481e-13
-2.45133591e+00, 1.53412774e-01, 2.32680583e+00, -9.00290606e-12
-2.19755483e+00, 3.00801396e+00, 2.70705342e+00, 3.93460864e-09
-2.02795959e+00, 2.89656806e+00, 1.60093772e+00, 9.42269980e-06
-8.73669565e-01, 1.55131173e+00, 3.38610053e+00, 1.29670952e-09
-1.33146834e+00, 2.37203717e+00, 3.48545957e+00, 2.06932374e-10
-1.93158567e+00, 1.69131589e+00, 3.55499649e+00, 1.28416383e-11
-9.99312341e-01, 3.01138139e+00, 2.42822886e+00, 5.98602867e-07
-1.55289721e+00, 2.59431809e-01, 2.54215193e+00, 2.37095854e-09
-1.92837977e+00, 1.47155985e-01, 2.06666708e+00, 2.71367817e-08
-1.68176723e+00, 1.79219574e-01, 1.93751848e+00, 5.28400392e-07
-2.63250470e+00, 1.57083534e-02, 1.44929850e+00, 1.16550183e-08
-2.62200594e+00, 3.02872397e-02, 1.44304919e+00, 1.65774239e-08
4.49394321e+00, 2.36662221e+00, -3.49363875e+00, 6.00711319e-16
5.56523037e+00, 1.96139097e+00, -2.82627463e+00, 1.84965774e-17
-2.58811975e+00, 3.29740234e-02, 1.43825138e+00, 9.22689409e-08
-2.60565996e+00, 3.13550197e-02, 1.43852913e+00, 2.61865782e-08
-2.56870484e+00, 2.75771152e-02, 1.44432294e+00, 4.28273324e-07
4.21849728e+00, 5.02384603e-01, -2.68622637e+00, 3.24330732e-13
4.91591835e+00, 2.90278506e+00, -2.41729140e+00, 3.59497829e-16
-2.66976309e+00, 1.24925710e-02, 1.47267628e+00, 8.21134805e-09
-2.54477978e+00, 2.47135870e-02, 1.46628451e+00, 8.61375042e-07
-2.64178658e+00, 1.84371211e-02, 1.40909898e+00, 2.06199164e-08
-2.66267514e+00, 1.71423201e-02, 1.44230425e+00, 1.12925891e-08
-2.54226422e+00, 1.64195262e-02, 1.43315423e+00, 1.17771435e-06
3.37558818e+00, 2.90179610e+00, -2.36619353e+00, 5.82884774e-14
4.13787746e+00, 2.92467499e+00, -2.63882232e+00, 7.75707267e-16
-2.53451157e+00, 3.00358571e-02, 1.50675189e+00, 6.91875073e-08
-4.59528255e+00, 1.28403509e+00, -3.38288236e+00, 6.64750508e-14
-2.68562388e+00, 1.49578396e-02, 1.50835526e+00, 6.34036912e-09
-2.65789962e+00, 2.63990127e-02, 1.49303532e+00, 8.65948202e-09
-2.61800766e+00, 1.55310240e-02, 1.40849710e+00, 2.57326693e-08
3.32791543e+00, 6.09263182e-01, -2.75361252e+00, 3.17879729e-13
-2.64643097e+00, 1.83923282e-02, 1.53673029e+00, 7.31327265e-09
-2.62746072e+00, 5.86815737e-02, 1.44727921e+00, 3.14772706e-08
-2.59997249e+00, 6.32391125e-02, 1.43281448e+00, 1.05734166e-07
5.00863886e+00, 4.90826786e-01, -1.10815120e+00, 6.05755203e-12
5.50650311e+00, 2.16401601e+00, -2.24720478e+00, 9.03085247e-16
5.45652485e+00, 1.76301908e+00, -1.59902000e+00, 3.94940292e-14
2.40641141e+00, 5.57478130e-01, -2.59702325e+00, 7.40940295e-11
-2.54002500e+00, 3.33729535e-02, 1.52795720e+00, 3.36404788e-08
-2.52784944e+00, 1.22382296e-02, 1.52762938e+00, 2.74282073e-08
-2.61195755e+00, 3.74118872e-02, 1.55854893e+00, 1.07071640e-08
-2.65439916e+00, 1.90731063e-02, 1.51951134e+00, 7.48236939e-09
-2.66683292e+00, 1.62616149e-02, 1.54455268e+00, 6.01628392e-09
3.37350750e+00, 2.17874670e+00, -3.37527466e+00, 1.05774340e-15
2.93093038e+00, 1.60069561e+00, -3.45462918e+00, 3.73025178e-15
4.40475607e+00, 1.33944762e+00, -3.45322156e+00, 1.17660426e-15
1.58231783e+00, 5.64521551e-01, -2.70427775e+00, 3.97146260e-10
1.67231441e+00, 2.89876032e+00, -2.67730188e+00, 1.68746371e-11
-2.63229561e+00, 1.08199157e-02, 1.56475759e+00, 7.00027014e-09
-2.63194680e+00, 3.95166203e-02, 1.54944420e+00, 9.47667100e-09
-2.53242230e+00, 3.33917364e-02, 1.49093318e+00, 2.38646919e-07
-2.59974122e+00, 1.53210601e-02, 1.57756662e+00, 9.04923336e-09
-2.55531359e+00, 4.27172258e-02, 1.44854820e+00, 1.72463911e-06
-2.54891443e+00, 6.02843948e-02, 1.44577420e+00, 6.70003692e-06
-2.57988477e+00, 4.83182706e-02, 1.43644726e+00, 2.97418381e-07
-2.56226969e+00, 6.98003471e-02, 1.43445539e+00, 5.36075595e-06
5.42477608e+00, 1.29641175e+00, 1.45356488e+00, 7.38291789e-15
-2.64617610e+00, 3.64330336e-02, 1.46037018e+00, 1.27729951e-08
-2.64502549e+00, 7.89232552e-02, 1.47286189e+00, 3.77522440e-08
-2.51755881e+00, 1.55396657e-02, 1.47415280e+00, 4.69942478e-07
4.77517605e+00, 5.49060166e-01, 1.50502205e+00, 8.91560751e-13
5.57360649e+00, 1.48815656e+00, 2.83684731e+00, 4.93137122e-18
5.54328394e+00, 1.44833636e+00, -1.31109881e-03, 9.81916778e-14
5.41494799e+00, 2.17389894e+00, -9.39057350e-01, 2.89085569e-14
2.49320197e+00, 2.81308150e+00, -1.96596813e+00, 6.72710151e-11
1.56060779e+00, 1.24981785e+00, -3.40195537e+00, 1.64809156e-11
2.10992384e+00, 2.31294870e+00, -3.40727830e+00, 3.58534464e-13
-2.56154585e+00, 1.48371570e-02, 1.56696415e+00, 1.41294851e-08
-4.38113832e+00, 2.91432405e+00, -2.81661344e+00, 1.18416141e-13
-2.88799644e+00, 2.34675717e+00, -3.44284678e+00, 3.45916178e-11
-2.65300727e+00, 3.94238047e-02, 1.52009976e+00, 9.02521968e-09
-2.65609884e+00, 3.18889841e-02, 1.50861478e+00, 8.57319993e-09
-2.64714241e+00, 6.98960945e-02, 1.51295185e+00, 1.78049735e-08
-2.65230155e+00, 6.06720150e-02, 1.49805355e+00, 1.49681760e-08
-2.57548141e+00, 8.94760713e-02, 1.42453289e+00, 1.62790438e-05
-2.59923959e+00, 8.35817754e-02, 1.43139625e+00, 1.45645004e-07
-1.15626407e+00, 1.35764933e+00, -3.50689602e+00, 2.45621745e-09
4.57409620e+00, 2.95130038e+00, 4.75490659e-01, 6.97955657e-15
4.37486887e+00, 2.95793700e+00, -7.60894239e-01, 6.96450522e-15
3.40495110e-01, 2.86315918e+00, -2.58328366e+00, 2.37607867e-09
3.30502987e-01, 2.21479416e+00, -3.46840477e+00, 5.29546441e-11
9.47394550e-01, 2.98436093e+00, -2.86164832e+00, 2.66288207e-11
4.06151772e-01, 1.33757746e+00, -3.46085954e+00, 3.48997720e-10
4.14238095e-01, 5.92135251e-01, -2.61372137e+00, 5.22069428e-08
-2.52952027e+00, 1.83172263e-02, 1.56141675e+00, 2.55693617e-08
-2.53734589e+00, 1.20011140e-02, 1.54419768e+00, 2.02834158e-08
-2.57840633e+00, 1.59203708e-02, 1.57108295e+00, 1.14113217e-08
-2.61131430e+00, 7.40517974e-02, 1.43778777e+00, 9.15016400e-08
-2.63040495e+00, 9.00908485e-02, 1.45216131e+00, 1.25681439e-07
-2.61567903e+00, 1.07949562e-01, 1.44214272e+00, 1.29429213e-06
-2.52593303e+00, 8.80452991e-02, 1.44398236e+00, 1.75414479e-03
-2.53599024e+00, 6.42489493e-02, 1.45714736e+00, 1.64421326e-05
-1.91949701e+00, 1.28520572e+00, -3.46840477e+00, 3.12228443e-09
-3.37189579e+00, 5.43892920e-01, -2.73288536e+00, 6.19543417e-10
-1.22063398e+00, 2.96170354e+00, -2.78748822e+00, 1.87745042e-09
-1.84302628e+00, 2.12746859e+00, -3.50132108e+00, 1.10906534e-10
-4.27202606e+00, 5.85670650e-01, -2.73477387e+00, 6.40255141e-11
4.47591829e+00, 1.86255860e+00, 3.48728871e+00, 5.51898172e-18
4.76357603e+00, 9.91467416e-01, 3.53052926e+00, 7.79229283e-18
3.53205800e+00, 5.65793395e-01, -6.79351747e-01, 1.88951876e-09
3.12513733e+00, 2.86731529e+00, -1.27109718e+00, 1.94273352e-12
-2.61281061e+00, 2.23560520e-02, 1.61209249e+00, 7.70777042e-09
-2.65990162e+00, 1.82088185e-02, 1.58238125e+00, 5.44582290e-09
-2.70045972e+00, 1.77285057e-02, 1.56227565e+00, 4.27463043e-09
-2.63215899e+00, 7.19811097e-02, 1.53915954e+00, 1.91386693e-08
-2.69201875e+00, 1.86413918e-02, 1.58604324e+00, 4.19471036e-09
-3.84504390e+00, 1.58064044e+00, -3.39062476e+00, 3.07680010e-12
-5.12137699e+00, 5.29616952e-01, -2.99601555e+00, 8.40009757e-14
-5.44336748e+00, 1.52313864e+00, -2.73139358e+00, 6.41032099e-16
-4.83565283e+00, 6.25392258e-01, -2.20424390e+00, 6.74522547e-12
-2.53015876e+00, 5.41027896e-02, 1.50876296e+00, 2.86916190e-07
-2.52065825e+00, 7.25793168e-02, 1.50001204e+00, -5.89890215e-06
-2.52999640e+00, 4.50580418e-02, 1.47724462e+00, 1.16503986e-06
-2.56904316e+00, 5.02318382e-01, -2.72439742e+00, 2.11301785e-08
-2.49809599e+00, 2.20983513e-02, 1.56873357e+00, 4.41502941e-08
-2.48558402e+00, 1.87391210e-02, 1.51998961e+00, 1.26719442e-07
-2.68994021e+00, 2.44976319e-02, 1.43114889e+00, 1.23724098e-08
-2.72511029e+00, 3.20646912e-02, 1.36541569e+00, 3.29047509e-08
-2.68744636e+00, 2.42145248e-02, 1.38182294e+00, 2.80487225e-08
-2.77548075e+00, 3.92083824e-02, 1.40535164e+00, 1.28065363e-08
-2.74650526e+00, 3.08586825e-02, 1.42846572e+00, 9.85868809e-09
-5.37189913e+00, 2.08325410e+00, -1.50033474e+00, 4.49870393e-13
5.54685354e+00, 2.21488643e+00, 2.73575735e+00, 1.21584032e-18
4.05205107e+00, 5.47525108e-01, 1.20175385e+00, 4.60043045e-11
3.86795926e+00, 6.05874002e-01, 1.41146064e-01, 5.14833454e-10
-1.82734862e-01, 2.87867785e+00, -1.97686625e+00, 6.42448583e-08
-1.72044492e+00, 5.82507849e-01, -1.88593364e+00, 4.77516078e-05
4.01276064e+00, 2.99139905e+00, 1.38270748e+00, 2.06919265e-15
-1.00036335e+00, 5.48077524e-01, -2.09012079e+00, 1.91530562e-05
-2.54980230e+00, 7.70010501e-02, 1.54270554e+00, 1.71511687e-07
-2.54317236e+00, 5.05990051e-02, 1.53272176e+00, 6.06533845e-08
-2.56858778e+00, 5.81623465e-02, 1.55291474e+00, 4.14570813e-08
-2.60400605e+00, 5.86920753e-02, 1.55602384e+00, 1.84487980e-08
-2.58910298e+00, 6.46763518e-02, 1.55644333e+00, 3.16641255e-08
-2.71425462e+00, 2.51722299e-02, 1.51950622e+00, 5.03027930e-09
-2.70980549e+00, 2.28257924e-02, 1.46702027e+00, 7.38765493e-09
-2.71129847e+00, 1.86942015e-02, 1.49360442e+00, 5.79194248e-09
-2.76944113e+00, 2.49164533e-02, 1.48470759e+00, 4.23194502e-09
-2.52245831e+00, 7.20015019e-02, 1.47475052e+00, 2.06281857e-05
-2.50709605e+00, 9.47414264e-02, 1.48643744e+00, 1.26650033e-03
3.14211154e+00, 2.94525957e+00, 7.30261922e-01, 1.79895785e-13
3.60907048e-01, 5.26894450e-01, -1.45839620e+00, 1.44370563e-06
-5.45682192e+00, 1.22735739e+00, -2.01192260e+00, 3.07320521e-13
-5.16533947e+00, 6.09838426e-01, -1.39342391e+00, 3.80328616e-11
-2.59190583e+00, 1.06748469e-01, 1.42747056e+00, -4.26252191e-05
-2.59160972e+00, 1.25102729e-01, 1.42563164e+00, 2.37172426e-04
-2.56494021e+00, 1.18699849e-01, 1.41408336e+00, 5.59251243e-03
-2.58034062e+00, 1.36535406e-01, 1.41892719e+00, 9.61873773e-03
-2.72557616e+00, 2.93786764e+00, -2.02606344e+00, 2.03975570e-09
2.29032779e+00, 4.94678825e-01, -3.13839763e-01, 2.98177909e-08
-2.60606551e+00, 3.23220864e-02, 1.67478275e+00, 7.01237113e-09
-2.63026524e+00, 2.24522557e-02, 1.64255905e+00, 5.77369175e-09
-2.66974950e+00, 2.91776657e-02, 1.66000724e+00, 3.91567223e-09
-2.59644032e+00, 1.63004607e-01, 1.44021559e+00, 1.05250608e-02
-2.61922717e+00, 1.31021485e-01, 1.45492280e+00, 3.70580915e-06
-4.70125198e+00, 2.91002226e+00, -1.91889930e+00, 4.75728127e-14
-3.71717453e+00, 3.02264404e+00, -1.36299610e+00, 2.14222251e-10
-2.73489881e+00, 2.82587595e-02, 1.61600244e+00, 2.63936739e-09
-2.62919593e+00, 1.20813541e-01, 1.51111925e+00, 2.37141180e-07
-2.77049422e+00, 3.79571840e-02, 1.58078909e+00, 2.53872701e-09
4.24006701e+00, 2.87557864e+00, 2.75748086e+00, 1.30358304e-17
2.19733644e+00, 2.92128611e+00, 1.77816284e+00, 2.06721535e-13
2.59336615e+00, 2.98396945e+00, 2.26052380e+00, 5.63265119e-14
-2.53380179e+00, 2.29986161e-02, 1.58912838e+00, 2.50635246e-08
-2.58150578e+00, 2.33242121e-02, 1.60964608e+00, 1.14437704e-08
-2.51519442e+00, 3.09854541e-02, 1.64606953e+00, 2.40139926e-08
-2.55049443e+00, 2.31495164e-02, 1.64407218e+00, 1.42316976e-08
-1.40773797e+00, 4.28717732e-01, -7.73158610e-01, 1.29013133e-04
-4.11070019e-01, 5.36630273e-01, -1.59809697e+00, 2.64538758e-05
2.03693366e+00, 2.92802215e+00, -4.47903037e-01, 2.24531435e-10
1.55238330e+00, 2.94125986e+00, -1.23097110e+00, 6.91217750e-09
1.01146173e+00, 2.96701217e+00, 2.85071999e-01, 6.52976482e-08
4.45813358e-01, 2.94049239e+00, -1.31841385e+00, 2.72620895e-07
-2.53998590e+00, 9.31549072e-02, 1.53714538e+00, 1.61836766e-07
-2.52584291e+00, 1.11212708e-01, 1.52638221e+00, -8.64919639e-05
-2.55164576e+00, 1.05766572e-01, 1.54294312e+00, 1.62153469e-06
-2.53387308e+00, 1.25750214e-01, 1.53258216e+00, 1.36574090e-04
-2.65512109e+00, 4.17217128e-02, 1.31280601e+00, 1.28332474e-07
-2.65788054e+00, 5.10833971e-02, 1.21238315e+00, 5.69444296e-07
-2.76447153e+00, 4.86280918e-02, 1.27612996e+00, 1.33942265e-07
3.16796780e+00, 1.09582460e+00, 3.59787226e+00, 3.30035747e-16
1.86495793e+00, 5.42384028e-01, 1.25615788e+00, 3.71633369e-09
2.55464125e+00, 6.21537209e-01, 1.57502854e+00, 2.39810533e-10
3.10884857e+00, 5.03015935e-01, 5.95086403e-02, 4.33536007e-09
-2.63126469e+00, 1.24663353e-01, 1.48188627e+00, 6.42186535e-07
-2.61408472e+00, 1.53622195e-01, 1.49358320e+00, 1.29877153e-05
-2.60874653e+00, 1.60452977e-01, 1.46606529e+00, 2.04158801e-04
-2.92721963e+00, 5.87439835e-02, 1.47077417e+00, 2.17740581e-09
-2.87762451e+00, 6.18375540e-02, 1.59164226e+00, 1.11921639e-09
-2.58204722e+00, 4.71010357e-02, 1.22924435e+00, 6.59522414e-07
-2.45893145e+00, 7.12679848e-02, 1.14496624e+00, 5.25412634e-06
-2.57349205e+00, 5.91652393e-02, 1.12849963e+00, 2.39425822e-06
-2.49656558e+00, 2.85806451e-02, 1.60625470e+00, 4.46032331e-08
-2.46510291e+00, 2.65249982e-02, 1.58187032e+00, 9.44560767e-08
-2.43422103e+00, 3.40521149e-02, 1.66354084e+00, 4.91163874e-08
-2.54879451e+00, 1.76278487e-01, 1.50191104e+00, 1.60009354e-01
-2.19866228e+00, 6.95507228e-02, 1.39240670e+00, 5.53401105e-06
-2.35552597e+00, 3.88527475e-02, 1.35165334e+00, 8.84928613e-06
-2.22592068e+00, 7.23663941e-02, 1.24000573e+00, 1.84304208e-05
-2.31701159e+00, 6.83510154e-02, 1.27501905e+00, 1.78043683e-05
2.01628757e+00, 1.20515811e+00, 3.43906784e+00, 2.40697050e-14
2.29414892e+00, 5.76296091e-01, 2.90765357e+00, 1.01167000e-13
-1.18169343e+00, 3.32302421e-01, -1.24693811e-01, 1.59218944e-05
1.75030828e-01, 5.71026325e-01, -5.67560613e-01, 4.43551062e-06
-7.88145661e-01, 3.98697376e-01, 2.92430043e-01, 7.11324628e-06
-5.17896461e+00, 9.03109670e-01, 3.44831085e+00, 2.63590897e-21
-4.85679913e+00, 4.44905460e-01, 2.95118570e+00, 2.28338788e-19
-2.56851649e+00, 9.86762419e-02, 1.54908240e+00, 4.31718064e-07
-2.59360528e+00, 1.35953665e-01, 1.53397429e+00, 2.98795976e-06
-2.59550261e+00, 9.47621763e-02, 1.54968536e+00, 1.18691375e-07
-2.56260538e+00, 1.20825626e-01, 1.54277802e+00, 4.71346129e-06
-2.59680510e+00, 1.17477745e-01, 1.54171479e+00, 4.60712158e-07
-2.57707119e+00, 1.28937587e-01, 1.53913534e+00, 4.57911528e-06
-2.82899880e+00, 4.99831177e-02, 1.29495931e+00, 6.91981370e-08
-2.95179987e+00, 7.57865235e-02, 1.35783267e+00, 1.37091440e-08
3.30056334e+00, 2.95465231e+00, 2.79732609e+00, 8.53555697e-17
3.08399701e+00, 2.32686734e+00, 3.42636824e+00, 1.40567990e-16
-4.55074787e+00, 2.91079688e+00, 7.90248871e-01, 5.39167279e-12
-5.06828117e+00, 4.82270658e-01, 3.95644486e-01, 2.55890899e-11
-2.70400000e+00, 3.32746804e-02, 1.64715683e+00, 3.19505356e-09
-2.77098513e+00, 3.53192948e-02, 1.63725829e+00, 1.82343429e-09
-2.83897567e+00, 6.62423223e-02, 1.74927700e+00, 6.30359320e-10
-2.72503209e+00, 4.67752293e-02, 1.72111118e+00, 1.89902405e-09
8.10615301e-01, 5.07691860e-01, -8.28888640e-02, 4.63884930e-07
7.94668317e-01, 5.53494215e-01, 1.56213915e+00, 2.65404809e-09
1.59424436e+00, 5.40901721e-01, 2.01994568e-01, 5.54685435e-08
-2.86280632e+00, 6.97654113e-02, 1.14956379e+00, 5.39095595e-07
-2.69374204e+00, 5.94943613e-02, 1.14781070e+00, 1.12167106e-06
-2.70611906e+00, 1.01224408e-01, 1.00719178e+00, 1.10271576e-05
9.97004569e-01, 2.27759314e+00, 3.37887049e+00, 7.99949950e-12
-4.96926069e+00, 3.99629325e-01, 1.54856825e+00, 3.53119125e-14
-5.05967951e+00, 4.21804011e-01, 2.31023312e+00, 9.70973141e-18
1.08636749e+00, 1.12907481e+00, 3.46396923e+00, 1.00093848e-12
-3.87052917e+00, 2.67944634e-01, 2.86377406e+00, 1.25934054e-17
-4.98690796e+00, 4.66293812e-01, 3.54754424e+00, 1.07041968e-21
-4.22406864e+00, 4.32032913e-01, 3.11992741e+00, -1.54061601e-19
-2.54536653e+00, 1.38859943e-01, 1.53631306e+00, 1.22191763e-04
-2.53329015e+00, 1.54310256e-01, 1.52752399e+00, 1.20345624e-02
-2.56087136e+00, 1.65419698e-01, 1.52768981e+00, 1.82933768e-03
-2.60061264e+00, 1.68588415e-01, 1.49938679e+00, 8.44435999e-05
-2.60646152e+00, 1.63992241e-01, 1.48033428e+00, 1.81773910e-04
-2.59533501e+00, 1.78889558e-01, 1.47354925e+00, 9.03183129e-03
-2.58746195e+00, 1.81989625e-01, 1.49251986e+00, 1.34450961e-02
-2.16824150e+00, 1.12196907e-01, 1.04872894e+00, 9.61427795e-05
-2.30220604e+00, 9.40181389e-02, 1.06182683e+00, 6.58196877e-05
-2.49926329e+00, 8.84717777e-02, 1.01318979e+00, 2.73535188e-05
-2.41057301e+00, 1.17550239e-01, 8.09667468e-01, 1.55445392e-04
-2.25719285e+00, 1.21273436e-01, 9.16655660e-01, 1.26083425e-04
2.98529118e-01, 5.82478285e-01, 2.86521649e+00, 3.30232425e-10
-5.52574730e+00, 2.09635043e+00, 2.27126360e+00, 1.37497982e-17
-5.40618896e+00, 1.39764392e+00, 1.60137153e+00, 1.19904533e-15
-4.59911728e+00, 2.30738640e+00, 3.43900752e+00, 9.42566021e-18
-4.47590256e+00, 1.63217735e+00, 3.44031024e+00, 1.12262786e-17
-3.02778459e+00, 2.97798932e-01, 3.23059201e+00, 1.24652206e-15
-2.52905488e+00, 4.61757705e-02, 1.73563564e+00, 1.08462688e-08
-2.38206911e+00, 3.87430191e-02, 1.70041049e+00, 4.84168190e-08
-2.43452668e+00, 7.22049102e-02, 1.83483601e+00, 8.81033912e-09
5.25327399e-02, 4.03213799e-01, 6.97661400e-01, 1.78634778e-07
-5.56396425e-01, 3.41165334e-01, 1.32656074e+00, 4.16857056e-08
-6.14299417e-01, 9.62193668e-01, 3.48718667e+00, 1.40002815e-10
-2.62060785e+00, 8.07479560e-01, 3.62316084e+00, 1.89254147e-14
-3.14686203e+00, 9.86578465e-02, 1.41880023e+00, 2.62090394e-09
-2.98352361e+00, 8.20583627e-02, 1.19481778e+00, 1.96631177e-07
-3.15578651e+00, 9.69680548e-02, 1.30633295e+00, 1.60501976e-08
-3.15323067e+00, 1.10205553e-01, 1.09659505e+00, 3.52752267e-07
-3.59993839e+00, 1.14929712e+00, 3.50769591e+00, 7.54512174e-16
-2.23443580e+00, 6.71516731e-02, 1.57767403e+00, 4.92788786e-07
-2.24236321e+00, 9.09628421e-02, 1.81043851e+00, 3.96493682e-08
-2.07169652e+00, 9.93630216e-02, 1.67682350e+00, 4.24783764e-07
-2.57642937e+00, 1.58584878e-01, 1.52653456e+00, 1.26132087e-04
-2.59357500e+00, 1.60462856e-01, 1.51562119e+00, 3.34046053e-05
-2.57738137e+00, 1.80607408e-01, 1.50649631e+00, 1.46734500e-02
-1.99256635e+00, 2.99985051e-01, 3.26165318e+00, 1.16240795e-12
-2.63954425e+00, 4.17844579e-02, 1.75510871e+00, 3.14253534e-09
-2.70974779e+00, 7.03748986e-02, 1.86222923e+00, 9.51627332e-10
-2.62218332e+00, 7.86231309e-02, 1.91729915e+00, 1.08625198e-09
-2.57769966e+00, 5.16030341e-02, 1.77481151e+00, 5.02368547e-09
-2.53412342e+00, 6.64178655e-02, 1.86252761e+00, 3.38481732e-09
-3.04453850e+00, 9.12626758e-02, 1.81645691e+00, 4.73679360e-11
-2.97870207e+00, 7.47667849e-02, 1.68299603e+00, 2.18509350e-10
-3.23096347e+00, 1.33138642e-01, 1.69848633e+00, 2.48360169e-11
-3.05494046e+00, 1.01072162e-01, 1.51421416e+00, 7.87349463e-10
-3.12257576e+00, 7.89694712e-02, 1.56257200e+00, 2.44270909e-10
-3.11817265e+00, 2.22196206e-01, 2.53769565e+00, 7.16359887e-14
-3.48765206e+00, 3.05144280e-01, 3.06781101e+00, 1.75333253e-16
-3.35544395e+00, 2.14955181e-01, 2.67057419e+00, 3.17684344e-15
2.13418845e-02, 2.96089482e+00, 3.10140705e+00, 2.05010187e-09
1.54451919e+00, 2.95274949e+00, 3.05463243e+00, 6.53656654e-13
1.04101980e+00, 2.94436693e+00, 2.34561682e+00, 3.79522469e-10
-1.24520791e+00, 3.12476695e-01, 2.52179551e+00, 9.02512554e-09
-4.88149524e-01, 3.53301048e-01, 2.84870648e+00, 8.48801696e-10
-1.61666524e+00, 9.46952045e-01, 3.58525491e+00, 7.10659873e-12
-2.05824256e+00, 1.00332461e-01, 1.46326447e+00, 4.45152818e-06
-2.05912423e+00, 1.00850932e-01, 1.16661000e+00, 4.61999844e-05
-1.85931695e+00, 1.32686734e-01, 1.39261448e+00, 1.76823487e-05
-2.14689517e+00, 7.36011192e-02, 1.32423389e+00, 1.07735750e-05
5.76493561e-01, 2.98081446e+00, 1.77874506e+00, 7.50965086e-08
-2.46865368e+00, 9.20238122e-02, 2.04054189e+00, 5.61220626e-10
-2.25242043e+00, 1.23760894e-01, 2.09145761e+00, 5.69139125e-10
-2.22391915e+00, 8.88065919e-02, 1.94767773e+00, 6.05830452e-09
-2.95052600e+00, 1.01837091e-01, 1.94410121e+00, 5.41700851e-11
-2.68107653e+00, 9.09701288e-02, 2.01099873e+00, 2.61056482e-10
-2.75721884e+00, 7.73704872e-02, 1.94465578e+00, 3.02672915e-10
-2.96562743e+00, 1.54419273e-01, 2.21711326e+00, 2.55842331e-12
-2.73098946e+00, 1.12011507e-01, 2.14183259e+00, 4.51224197e-11
-1.28656006e+00, 3.49638969e-01, 3.03941011e+00, 1.33787301e-10
-1.89743090e+00, 2.49952316e-01, 2.73340368e+00, 1.58944996e-10
-3.26918316e+00, 2.94033670e+00, 2.82752275e+00, 2.66290831e-12
-2.26251602e+00, 2.72112221e-01, 2.79843211e+00, 9.30119436e-12
-1.50734138e+00, 2.75727063e-01, 2.79403520e+00, 4.42555881e-10
-2.84186673e+00, 1.72533900e-01, 2.38902688e+00, 1.09756410e-12
-2.86663651e+00, 1.11814179e-01, 2.14380312e+00, 1.52000895e-11
-3.00212145e+00, 1.42168626e-01, 2.38889980e+00, 3.24211063e-13
-2.85213804e+00, 7.47476444e-02, 1.90078712e+00, 1.80991028e-10
-3.10564089e+00, 1.24880329e-01, 1.99177492e+00, 6.05972997e-12
-2.09963536e+00, 1.16227545e-01, 1.99153948e+00, 9.38521705e-09
-2.13339019e+00, 9.16139781e-02, 1.84897494e+00, 3.64650852e-08
-2.49753189e+00, 8.95446241e-02, 1.94969118e+00, 1.67613967e-09
1.25534511e+00, 2.94220686e+00, 1.60241151e+00, 9.16689669e-10
5.21517575e-01, 3.01354146e+00, 1.02597928e+00, 7.34158846e-07
-2.22004604e+00, 6.14566989e-02, 1.32379425e+00, 9.34947911e-06
-1.86174858e+00, 1.33908480e-01, 1.54999495e+00, 6.78489550e-06
-1.75005591e+00, 1.24189429e-01, 1.26743722e+00, 1.46941611e-05
-2.01180291e+00, 1.02298073e-01, 1.06775582e+00, 3.71810747e-05
-2.15346861e+00, 7.86166340e-02, 1.49209714e+00, 1.98657449e-06
-1.97640479e+00, 1.09130569e-01, 1.57320619e+00, 2.31287231e-06
5.54885156e-02, 2.29152179e+00, 3.45877647e+00, 8.43764295e-11
-2.96654987e+00, 6.80077448e-02, 1.55326569e+00, 6.73127221e-10
-3.38425541e+00, 1.18742026e-01, 1.74579167e+00, 6.93292515e-12
-2.93847632e+00, 7.81720057e-02, 1.77247679e+00, 1.99146796e-10
-2.90240407e+00, 5.57093546e-02, 1.63776410e+00, 6.27200514e-10
-3.17563248e+00, 1.14999712e-01, 1.85303247e+00, 9.60088519e-12
-2.58205223e+00, 8.00291821e-02, 1.99028242e+00, 5.53606994e-10
-2.67758965e+00, 5.32099530e-02, 1.80603063e+00, 1.68718728e-09
-2.60740733e+00, 1.49971351e-01, 1.51249707e+00, 3.01618320e-06
-2.57741976e+00, 1.45041496e-01, 1.53400409e+00, 2.51527708e-05
-2.07419181e+00, 7.61406347e-02, 1.58113658e+00, 8.56111456e-07
-1.98960865e+00, 9.85210761e-02, 1.72835112e+00, 3.27274279e-07
-2.32743669e+00, 6.37321249e-02, 1.75481343e+00, 4.03482758e-08
-2.34626627e+00, 7.40079582e-02, 1.87423098e+00, 9.03090047e-09
-2.30842662e+00, 5.51099852e-02, 1.58090544e+00, 3.90376641e-07
-2.23893929e+00, 5.60177080e-02, 1.51201928e+00, 1.04884964e-06
-3.26430798e+00, 1.29618794e-01, 1.23309040e+00, 3.12558157e-08
-3.03741598e+00, 8.78444612e-02, 1.32044864e+00, 2.34292798e-08
-2.97899675e+00, 9.81414691e-02, 1.08607101e+00, 1.00621389e-06
-2.89560342e+00, 5.57268485e-02, 1.24317300e+00, 1.20491151e-07
-3.30270720e+00, 1.16290510e-01, 1.42686772e+00, 1.55660684e-09
-2.63724923e-01, 3.40824515e-01, 1.60273588e+00, 1.10874652e-08
-2.44446588e+00, 6.27422184e-02, 1.89874852e+00, 3.64285158e-09
-2.49503994e+00, 3.00067607e-02, 1.69202638e+00, 2.04077217e-08
-2.50369501e+00, 5.36080115e-02, 1.78652251e+00, 8.19843038e-09
-2.58571434e+00, 3.91284376e-02, 1.71917367e+00, 6.69134481e-09
-3.86778951e+00, 1.70415974e+00, 3.47980094e+00, 1.09546453e-15
1.38468921e-01, 4.51395571e-01, 2.34153938e+00, 3.19854365e-09
-2.04529190e+00, 1.41649336e-01, 9.28096712e-01, 8.51828154e-05
-2.47594762e+00, 9.06681046e-02, 9.21173632e-01, 6.17505430e-05
-2.27360511e+00, 1.44524053e-01, 7.17312157e-01, 1.85215395e-04
-2.42389226e+00, 1.26945227e-01, 6.37822151e-01, 1.69077684e-04
-2.59673667e+00, 8.02905262e-02, 1.04936898e+00, 7.20742901e-06
-2.27889180e+00, 7.67159164e-02, 1.15564358e+00, 2.96361723e-05
-4.25321627e+00, 3.86088610e-01, 2.65911388e+00, 1.13784715e-17
-3.91592550e+00, 2.95515805e-01, 2.50113797e+00, 1.30999998e-16
-2.66222596e+00, 1.00067891e-01, 9.07819808e-01, 4.30985201e-05
1.42880011e+00, 5.49018919e-01, 1.74702978e+00, 4.69439321e-10
9.35044169e-01, 5.96521676e-01, 2.29957223e+00, 8.02458516e-11
1.31214845e+00, 5.88124871e-01, -5.21632314e-01, 2.37055659e-07
-2.75563407e+00, 5.31809814e-02, 1.77524543e+00, 1.01752329e-09
-2.78062439e+00, 5.01545779e-02, 1.70672369e+00, 1.26407007e-09
-2.68486762e+00, 3.27011533e-02, 1.70174062e+00, 2.78400103e-09
-2.82709241e+00, 4.25211899e-02, 1.61749649e+00, 1.29875621e-09
-3.01489282e+00, 6.72129914e-02, 1.41543972e+00, 4.34227321e-09
-2.60851097e+00, 1.03977479e-01, 1.54188979e+00, 1.32506656e-07
-2.61006808e+00, 1.23692557e-01, 1.53060091e+00, 4.18239438e-07
-2.54856205e+00, 1.23578608e-01, 1.53853261e+00, 1.97537138e-05
-2.58352256e+00, 8.44407827e-02, 1.55292153e+00, 9.35174000e-08
-2.59849215e+00, 7.83570707e-02, 1.55434704e+00, 4.47956623e-08
-2.48280838e-01, 4.65731293e-01, 3.57454091e-01, 2.37842823e-06
-2.51866078e+00, 1.19074658e-01, 1.44052660e+00, 1.61737755e-01
-2.21755195e+00, 5.74073158e-02, 1.45259917e+00, 2.12833538e-06
-2.52103305e+00, 1.44016042e-01, 1.48637962e+00, 1.95429593e-01
-2.57466340e+00, 1.67068452e-01, 1.44008529e+00, 1.50599584e-01
-2.53160238e+00, 1.63041428e-01, 1.50726235e+00, 1.68231338e-01
-2.54676056e+00, 1.63325489e-01, 1.47302389e+00, 1.96483284e-01
-2.53958797e+00, 1.66450739e-01, 1.49267256e+00, 1.93602547e-01
-2.56310821e+00, 1.84721619e-01, 1.49208081e+00, 1.37016237e-01
-2.85496879e+00, 4.99986820e-02, 1.42868924e+00, 5.93958838e-09
-2.61233687e+00, 1.48168355e-01, 1.45254743e+00, 3.24954490e-05
-2.59943008e+00, 1.72852620e-01, 1.45608592e+00, 5.33343432e-03
-2.63924074e+00, 1.00872219e-01, 1.48276412e+00, 1.04645849e-07
3.18057489e+00, 6.14345193e-01, 2.10031867e+00, 1.21720533e-11
-2.70969892e+00, 4.72984128e-02, 1.22073901e+00, 4.06201764e-07
-2.66784024e+00, 4.51389588e-02, 1.25617373e+00, 2.89461553e-07
-2.65374947e+00, 2.77581010e-02, 1.35499191e+00, 5.95516667e-08
-2.53034282e+00, 9.55763832e-02, 1.52607155e+00, -2.23127586e-06
-2.53601909e+00, 7.84522891e-02, 1.52905536e+00, 4.39498393e-07
4.35764231e-02, 2.87257552e+00, -6.59517825e-01, 9.78532171e-06
1.02012634e+00, 3.05519605e+00, -2.00430989e+00, 3.89608923e-09
1.47153568e+00, 2.99640298e+00, -2.81166852e-01, 4.10484491e-09
2.04117274e+00, 2.92380595e+00, 3.29245806e-01, 1.82889502e-11
-7.39303410e-01, 4.42977011e-01, -8.25783789e-01, 3.95168900e-05
-2.58977008e+00, 2.04699729e-02, 1.63689077e+00, 9.29301258e-09
-2.59871125e+00, 2.00179461e-02, 1.59879327e+00, 9.19761689e-09
1.77570879e+00, 3.01417732e+00, 2.28391218e+00, 2.83905581e-12
2.99461198e+00, 2.92738843e+00, 1.42087531e+00, 1.47991116e-13
-2.81416059e+00, 4.38606031e-02, 1.55823517e+00, 2.01997929e-09
-2.63752413e+00, 9.53337699e-02, 1.52053297e+00, 4.64119552e-08
-2.63785863e+00, 1.05888531e-01, 1.50212681e+00, 9.26931776e-08
-2.62859082e+00, 1.25853658e-01, 1.49852443e+00, 4.23022215e-07
-3.95272946e+00, 3.03433633e+00, -7.02922404e-01, 2.26169125e-10
-4.00239038e+00, 2.99765587e+00, -2.05042315e+00, 3.09816170e-12
-2.62722039e+00, 1.12356007e-01, 1.45632827e+00, 6.45284842e-07
-2.59110594e+00, 1.50843993e-01, 1.42553520e+00, 9.80701391e-03
-2.60327268e+00, 9.84540582e-02, 1.43273890e+00, -9.91849220e-07
-4.35681534e+00, 5.62122643e-01, -1.31698501e+00, 4.06898693e-08
1.20850265e+00, 5.53417325e-01, -1.30142760e+00, 1.21171624e-07
-2.76544237e+00, 3.32647264e-02, 1.53017390e+00, 3.28536420e-09
-2.73657370e+00, 2.82857940e-02, 1.45552075e+00, 7.23615079e-09
-2.68782830e+00, 1.72274243e-02, 1.46657217e+00, 8.00397881e-09
-2.69098473e+00, 1.73974801e-02, 1.53233981e+00, 5.35463007e-09
-2.61934400e+00, 6.48821220e-02, 1.54933023e+00, 1.78366317e-08
-2.57060218e+00, 4.25925665e-02, 1.55353355e+00, 2.20889991e-08
-2.56417322e+00, 7.35113546e-02, 1.55001211e+00, 9.72065877e-08
-2.55406475e+00, 6.15173168e-02, 1.54488420e+00, 7.10051040e-08
4.29007816e+00, 5.18280625e-01, -3.03968936e-01, 1.71030537e-10
-5.47519970e+00, 2.15685868e+00, -8.20685148e-01, 1.52406313e-13
-2.77605748e+00, 3.92937325e-02, 1.34652042e+00, 3.75161058e-08
-2.69433904e+00, 3.11995968e-02, 1.33457482e+00, 7.04936696e-08
-2.73620343e+00, 4.39796634e-02, 1.32673144e+00, 6.68984015e-08
-2.66818547e+00, 1.85302496e-02, 1.41535294e+00, 1.61211986e-08
-2.52884746e+00, 6.24734536e-02, 1.47255528e+00, 7.07871277e-06
-2.53492236e+00, 6.01544231e-02, 1.52319157e+00, 1.77580802e-07
-2.64190650e+00, 5.90157546e-02, 1.53059506e+00, 1.29951712e-08
-2.62904000e+00, 8.86030272e-02, 1.53354776e+00, 3.73962976e-08
3.27126431e+00, 6.32773995e-01, -1.43166983e+00, 1.51664337e-09
-9.66797590e-01, 2.98642206e+00, -2.08435941e+00, 4.19914770e-08
-2.99299216e+00, 5.18662274e-01, -1.99927485e+00, 4.83782458e-07
-2.63645506e+00, 7.17083663e-02, 1.45556211e+00, 4.01960669e-08
4.65889692e+00, 3.00064301e+00, -1.50010991e+00, 9.95699617e-16
-2.56269455e+00, 1.02800578e-01, 1.42115438e+00, -7.41318043e-04
-2.64863515e+00, 7.52883330e-02, 1.49467146e+00, 2.40434428e-08
-2.64230585e+00, 8.58680606e-02, 1.50870144e+00, 3.23651541e-08
-2.65067220e+00, 5.51812500e-02, 1.51367557e+00, 1.22308936e-08
-2.56626701e+00, 1.94404945e-02, 1.59024704e+00, 1.40149261e-08
4.37221050e+00, 6.01578951e-01, 2.31519818e+00, 3.56787354e-13
-2.63795900e+00, 5.20957671e-02, 1.45663917e+00, 1.97759711e-08
5.46304941e+00, 1.38991117e+00, 6.79586172e-01, 1.49577667e-14
-2.54245067e+00, 4.62414362e-02, 1.45700300e+00, 2.80681934e-06
-2.61930227e+00, 1.57719143e-02, 1.58263767e+00, 7.50991624e-09
-2.64410353e+00, 3.95488851e-02, 1.53639865e+00, 8.96252939e-09
-2.63499236e+00, 5.25282770e-02, 1.54170632e+00, 1.16153114e-08
-2.65037727e+00, 1.56530701e-02, 1.56107032e+00, 6.31695896e-09
1.77520001e+00, 4.45161343e-01, -1.95780361e+00, 4.98163644e-09
-2.51925659e+00, 1.53103173e-02, 1.54326749e+00, 3.05809102e-08
-2.62534571e+00, 4.41806465e-02, 1.44532919e+00, 2.03635206e-08
3.17403841e+00, 5.45019567e-01, -2.16676855e+00, 5.18589199e-11
-2.62902880e+00, 1.44977719e-02, 1.42534351e+00, 1.62669060e-08
4.14317226e+00, 2.95368886e+00, -2.01960373e+00, 3.34856159e-15
-2.62999225e+00, 2.21404992e-02, 1.38215196e+00, 4.03408116e-08
-2.64452267e+00, 9.65567306e-03, 1.44622111e+00, 1.09004059e-08
-1.87356710e+00, 1.36098325e-01, 1.88598871e+00, 1.92671862e-07
-1.44304705e+00, 2.01916263e-01, 1.99220169e+00, 4.29625800e-07
-2.05584550e+00, 1.53748825e-01, 2.22034216e+00, 1.47381818e-09
-6.89068437e-01, 2.12655044e+00, 3.44149137e+00, 4.26705171e-10
-2.55327559e+00, 3.00932670e+00, 1.79184008e+00, 7.76598696e-08
-2.61282563e+00, 1.65519416e-01, 2.50959134e+00, 5.97698648e-13
-2.84970284e+00, 2.20126405e-01, 2.92858100e+00, 1.36154160e-14
-2.42906833e+00, 1.10988863e-01, 2.15925837e+00, 2.12232055e-11
-3.32837415e+00, 2.16612840e+00, 3.56887889e+00, 3.73638329e-14
-1.52665317e-01, 2.92834044e+00, 1.49131036e+00, 1.60845921e-05
-1.41402733e+00, 2.04108283e-01, 9.85487700e-01, 1.76626497e-06
-9.71168816e-01, 3.06027949e-01, 1.00237691e+00, 3.66998307e-07
-3.12607336e+00, 2.92243934e+00, 1.55639708e+00, 2.45826937e-09
-3.57325435e+00, 1.59823254e-01, 2.05551958e+00, 1.78077361e-14
-3.38760042e+00, 2.03916058e-01, 2.39058590e+00, 2.19328289e-14
-4.49703407e+00, 3.20174754e-01, 1.29211843e+00, 1.16106656e-11
-3.59493542e+00, 2.10910350e-01, 7.65100896e-01, 1.09697464e-06
-3.57899785e+00, 1.78570300e-01, 1.10111690e+00, 3.89545782e-08
-1.91550338e+00, 1.75390810e-01, 6.98028326e-01, 7.09211163e-05
-2.30761051e+00, 1.64038852e-01, 4.14644688e-01, 1.69211708e-04
-1.37592506e+00, 2.11911172e-01, 7.51917422e-01, 1.73896910e-06
-3.12964058e+00, 2.19190195e-01, 2.16857493e-01, 3.01233231e-04
-1.73140275e+00, 2.98098296e-01, -4.85517949e-01, 3.98606571e-05
-3.13522124e+00, 4.12234604e-01, -8.93064380e-01, 2.70969060e-04
-2.79680943e+00, 1.59828529e-01, 5.93363583e-01, 2.38311215e-04
-2.79389334e+00, 1.06586322e-01, 8.87029409e-01, 3.88786502e-05
-3.29482460e+00, 1.69628710e-01, 6.75714433e-01, 2.11280985e-05
-3.54222250e+00, 2.77901769e-01, 1.96348473e-01, 4.82114228e-05
-2.40646482e+00, 3.43687385e-02, 1.61397266e+00, 1.22325162e-07
-2.28147578e+00, 6.51900396e-02, 1.65523946e+00, 1.67579529e-07
-2.50948215e+00, 1.25367910e-01, 1.51706994e+00, 6.40437659e-03
-2.44859624e+00, 2.49879863e-02, 1.55130506e+00, 2.08078674e-07
-2.49855709e+00, 1.65915992e-02, 1.47744489e+00, 4.71222592e-07
-2.36318374e+00, 3.98877934e-02, 1.39759624e+00, 6.46302351e-06
-2.49437547e+00, 1.79633237e-02, 1.45414603e+00, 1.54107806e-06
-2.37934446e+00, 4.72961515e-02, 1.25921321e+00, 7.77081459e-06
-2.54624200e+00, 9.74495560e-02, 1.42638505e+00, 7.16186260e-05
-2.57503891e+00, 2.54997574e-02, 1.34617460e+00, 1.81459839e-07
-2.55536699e+00, 1.43932141e-02, 1.42955720e+00, 5.21278650e-07
-2.59170532e+00, 3.60137969e-02, 1.29739130e+00, 2.81939123e-07
-3.79541683e+00, 2.60859102e-01, 4.73604620e-01, 1.54888971e-06
-2.66974807e+00, 1.89092204e-01, 4.13023919e-01, 4.61872492e-04
-2.62236309e+00, 4.27525997e-01, -1.28324103e+00, 1.31587076e-04
-3.17338562e+00, 1.68259650e-01, 2.24451900e+00, 4.24702943e-13
-8.59411597e-01, 2.52039492e-01, 1.27236593e+00, 1.20032553e-07
-2.01344800e+00, 1.12234719e-01, 1.86747992e+00, 6.57408918e-08
3.71570134e+00, 5.04883587e-01, 1.96261978e+00, 9.95778720e-12
-3.23959637e+00, 5.13500690e-01, -1.45736217e+00, 8.49351272e-06
-2.62121010e+00, 4.93457876e-02, 1.55191267e+00, 1.20172263e-08
-2.61826324e+00, 8.24025497e-02, 1.54516089e+00, 3.21426050e-08
-2.68496490e+00, 1.77674983e-02, 1.45007980e+00, 9.53793755e-09
-2.73933029e+00, 2.37592887e-02, 1.51240861e+00, 4.25169988e-09
-2.63422704e+00, 1.02299362e-01, 1.46792233e+00, 1.78947872e-07
-2.61862946e+00, 1.39008105e-01, 1.50578058e+00, 1.21266794e-06
-2.62417173e+00, 1.37018710e-01, 1.48671818e+00, 1.84572036e-06
-2.62431598e+00, 1.06959254e-01, 1.52915037e+00, 1.01577726e-07
-2.63914847e+00, 7.81777650e-02, 1.52426469e+00, 2.29324186e-08
-2.85689282e+00, 3.87051515e-02, 1.47928977e+00, 2.64736055e-09
-2.57436800e+00, 1.80455461e-01, 1.46514010e+00, 1.57819271e-01
-2.56164980e+00, 1.67076603e-01, 1.46026969e+00, 1.95329085e-01
-2.53047395e+00, 1.45541444e-01, 1.46224988e+00, 1.96459040e-01
-2.53517032e+00, 1.53882518e-01, 1.47897100e+00, 1.96543545e-01
-2.51821327e+00, 1.50480971e-01, 1.50745571e+00, 1.58296496e-01
-2.55130720e+00, 1.38612017e-01, 1.42359853e+00, 1.54845044e-01
-2.56326389e+00, 1.55249596e-01, 1.43490899e+00, 1.78735048e-01
-2.52005720e+00, 1.33642927e-01, 1.47131872e+00, 1.95914447e-01
-2.52996349e+00, 1.55779272e-01, 1.49320590e+00, 1.95306525e-01
-2.51047087e+00, 1.34194151e-01, 1.48820376e+00, 1.83485299e-01
-2.52356339e+00, 1.27206534e-01, 1.45594597e+00, 1.95109546e-01
-2.53174496e+00, 1.24535486e-01, 1.42932069e+00, 1.58929437e-01
-2.85121942e+00, 5.09792119e-02, 1.68197250e+00, 8.19640467e-10
-3.81906176e+00, 2.21960545e+00, 3.52364397e+00, 1.19443356e-15
-2.55168772e+00, 3.52611169e-02, 1.68141294e+00, 1.24236630e-08
-1.86713970e+00, 1.18921191e-01, 1.69438732e+00, 1.00955151e-06
-2.60917306e+00, 1.36916503e-01, 1.51934361e+00, 1.01912553e-06
-3.32906413e+00, 1.51673913e-01, 1.92216551e+00, 1.30625101e-12
-1.71188104e+00, 1.50974095e-01, 1.50496638e+00, 1.12710368e-05
1.24427772e+00, 2.91535258e+00, 8.36815774e-01, 7.29842586e-09
-2.87604189e+00, 2.05894649e-01, 2.65780115e+00, 1.19857927e-13
-2.53889799e+00, 1.34483039e-01, 1.44037199e+00, 1.95036650e-01
-2.55020881e+00, 1.49862960e-01, 1.45097172e+00, 1.96531996e-01
-2.50967431e+00, 1.41083091e-01, 1.49965465e+00, 1.60634592e-01
-2.61052990e+00, 1.26888594e-02, 1.42624724e+00, 2.02453290e-08
-1.91340065e+00, 1.18346743e-01, 1.21084070e+00, 2.87714829e-05
-5.68835592e+00, 3.35325062e-01, -3.65633178e+00, 2.90424834e-17
-5.21214294e+00, 2.16308832e+00, 2.93142748e+00, 4.51796042e-18
-3.90401292e+00, 7.31367052e-01, 3.50048661e+00, 1.23103161e-17
-5.00530195e+00, 2.95047450e+00, 1.73905551e+00, 1.12147941e-14
-5.66590595e+00, 3.72931480e-01, 1.45336354e+00, 5.65425674e-16
5.48556280e+00, 2.89950705e+00, 3.06958175e+00, 3.40480021e-21
-2.63712025e+00, 1.82777513e-02, 1.60291493e+00, 6.06352524e-09
-2.55515313e+00, 3.49502042e-02, 1.55012202e+00, 2.29689050e-08
5.29901123e+00, 2.32445574e+00, 1.56311345e+00, 1.66121531e-15
-1.17825770e+00, 7.15641797e-01, -2.83607626e+00, 2.03725222e-07
-2.54839706e+00, 1.16040651e-02, 1.55561054e+00, 1.66086789e-08
-2.65354681e+00, 4.74207327e-02, 1.48654759e+00, 1.22492532e-08
5.06775141e+00, 2.47597146e+00, 1.02715671e-01, 1.12779981e-14
-5.03547239e+00, 2.81459165e+00, -3.25774026e+00, 8.09385708e-17
-2.66630411e+00, 1.49531486e-02, 1.50891268e+00, 7.19714910e-09
-2.52942419e+00, 1.22761233e-02, 1.44067752e+00, 1.58135208e-06
-2.55420995e+00, 2.15606391e-02, 1.45533586e+00, 8.51208085e-07
-2.53247666e+00, 1.75784845e-02, 1.46139550e+00, 9.14309396e-07
-2.65355563e+00, 3.28480713e-02, 1.47915149e+00, 1.02420463e-08
4.89443731e+00, 6.56414330e-01, -2.90201783e+00, 4.31089245e-15
-2.58629107e+00, 1.89609453e-02, 1.43140590e+00, 6.82339660e-08
5.59885073e+00, 1.62227452e+00, -3.67613316e+00, 1.56001435e-18
5.39293146e+00, 4.55825418e-01, -3.32193804e+00, 3.18155600e-17
5.44567680e+00, 1.19899333e+00, -2.82845521e+00, 1.99168217e-16
-2.51327896e+00, 2.88933158e+00, -1.34707999e+00, 1.44551507e-07
-7.03545690e-01, 3.03186798e+00, 7.92051136e-01, 3.60527018e-04
-2.57978344e+00, 4.41727899e-02, 1.39073253e+00, 1.06776582e-07
-2.59729028e+00, 1.91432461e-02, 1.39465487e+00, 4.65682319e-08
-2.54997349e+00, 4.51323763e-02, 1.38915229e+00, 7.24638369e-07
-2.53417540e+00, 5.54259755e-02, 1.35881484e+00, 2.08226720e-06
-2.52978206e+00, 2.07555927e-02, 1.39588785e+00, 1.44423529e-06
-2.56983662e+00, 7.96556622e-02, 1.42910016e+00, -2.91995070e-06
-2.54580474e+00, 7.98994675e-02, 1.43372214e+00, -2.17290890e-05
-2.50090480e+00, 4.16044444e-02, 1.32062531e+00, 1.45040144e-06
-2.46499443e+00, 3.31356302e-02, 1.37078762e+00, 7.36841912e-06
-2.52406836e+00, 8.13520551e-02, 1.27387333e+00, 1.37694099e-06
-2.47485304e+00, 7.44401440e-02, 1.23243344e+00, 1.77641482e-06
-2.50531149e+00, 2.76452713e-02, 1.43731093e+00, 3.95267671e-06
-2.44475603e+00, 6.59975260e-02, 1.39819026e+00, 4.64256955e-05
-2.44405532e+00, 6.03511631e-02, 1.44601536e+00, 2.18452060e-05
-2.40188575e+00, 2.29232069e-02, 1.45614433e+00, 2.16656122e-06
-2.46048808e+00, 5.21689765e-02, 1.48224652e+00, 5.36574271e-06
-2.48176312e+00, 4.78098802e-02, 1.45196545e+00, 9.56464373e-06
-2.50896668e+00, 2.10659448e-02, 1.49129081e+00, 1.67184353e-07
-2.38672328e+00, 7.42835850e-02, 1.50652313e+00, 4.12463487e-06
-2.26626468e+00, 4.85865213e-02, 1.40277147e+00, 4.43486624e-06
-2.33977008e+00, 5.36254942e-02, 1.46632874e+00, 2.87578723e-06
-2.46097326e+00, 5.11474498e-02, 1.51544964e+00, 1.16488502e-06
-2.43234468e+00, 3.51062343e-02, 1.49479842e+00, 1.38580629e-06
-2.51460290e+00, 8.52924734e-02, 1.50115907e+00, -9.63534549e-05
-2.38860774e+00, 3.70393470e-02, 1.55472088e+00, 3.70233835e-07
-5.08277702e+00, 3.89296919e-01, -2.15139568e-01, 6.98668207e-11
-3.63758636e+00, 8.65241468e-01, -7.37649381e-01, 6.65578846e-05
-3.20603848e+00, 2.88074160e+00, -8.90494347e-01, 3.01443883e-08
-3.61908436e+00, 2.39347386e+00, 8.02469194e-01, 1.16722996e-08
-4.90613937e+00, 1.83086395e+00, -2.51640350e-01, 4.60604714e-11
-5.44417906e+00, 9.29359853e-01, -6.40239179e-01, 1.97588734e-11
-4.82503271e+00, 1.83240902e+00, 5.70637524e-01, 1.09349665e-11
-4.34826326e+00, 3.48770559e-01, 5.93070567e-01, 6.16627327e-09
-4.31174326e+00, 4.61857945e-01, -2.12987214e-01, 1.65812253e-07
-8.09035122e-01, 2.36786747e+00, -2.36744821e-01, 1.29668799e-03
-2.04080272e+00, 2.35188460e+00, -7.09267616e-01, 3.77361255e-04
-3.06987643e+00, 1.34441957e-01, 8.20552170e-01, 2.01718121e-05
-2.97065878e+00, 3.72275770e-01, 5.56963623e-01, 6.39624661e-04
-2.29285574e+00, 7.79077590e-01, -5.57165921e-01, 2.60682241e-03
-1.98524845e+00, 4.33625042e-01, 4.31713879e-01, 1.34550210e-03
-1.75871563e+00, 3.30185831e-01, 2.19660014e-01, 1.05975727e-04
-2.88511562e+00, 2.75219703e+00, 3.14436018e-01, 2.68064673e-06
-1.85594845e+00, 2.90991688e+00, 1.04052365e+00, 3.10269097e-04
-3.88732815e+00, 4.70200032e-01, 1.53076863e+00, 3.72731013e-11
-3.69537473e+00, 1.97111398e-01, 1.51039946e+00, 1.03926583e-10
-3.66951537e+00, 2.29380593e-01, 1.73462152e+00, 4.35086125e-12
-4.66787720e+00, 2.94540119e+00, 2.58514977e+00, -1.13686658e-16
-1.39435601e+00, 4.18342143e-01, 1.35653114e+00, 2.26781522e-05
-1.40238118e+00, 2.39480376e+00, 1.08496971e-01, 3.49614699e-03
-1.43727386e+00, 2.97138524e+00, 1.73778725e+00, 4.34130379e-05
-2.17109847e+00, 6.55305743e-01, 3.48695588e+00, 7.85686240e-13
-3.06243181e+00, 1.50548077e+00, 3.06875253e+00, 9.80774164e-13
-6.65720403e-01, 2.93989241e-01, 1.95016956e+00, 9.39509235e-08
-1.14900434e+00, 5.35494030e-01, 2.10916352e+00, 3.45770013e-06
-1.77659273e+00, 1.89392701e-01, 2.43238163e+00, 2.95296143e-09
-2.18198681e+00, 1.85920611e-01, 2.50782061e+00, 3.32616226e-11
-2.35298753e+00, 3.26781809e-01, 2.32177138e+00, 1.44269763e-12
-2.04817510e+00, 2.85661888e+00, 2.07938170e+00, 7.88705790e-07
-1.43294787e+00, 2.77865314e+00, 2.82993603e+00, 1.84983335e-08
-2.71141243e+00, 2.94065332e+00, 3.08801913e+00, 2.56944795e-11
-1.89638543e+00, 2.06460690e+00, 3.24119639e+00, 3.37663564e-10
-4.16519582e-01, 2.85655975e+00, 2.37751079e+00, 6.20417211e-07
-1.04284465e+00, 2.54277825e+00, 2.08556390e+00, 1.77571292e-05
-1.82958353e+00, 3.24995816e-01, 2.01930976e+00, 3.22732689e-07
4.82915497e+00, 2.33928752e+00, -2.86444354e+00, 9.46405370e-16
-2.56966424e+00, 4.07592058e-02, 1.43971813e+00, 5.64412915e-07
3.03114843e+00, 2.68198681e+00, -3.11082649e+00, 4.50341287e-15
4.55029583e+00, 3.01233244e+00, -3.03673983e+00, 1.09664115e-17
-2.53417516e+00, 2.37083901e-02, 1.51554096e+00, 3.64162851e-08
-4.74392557e+00, 1.84621835e+00, -2.78512597e+00, 1.81183126e-13
-2.66899967e+00, 2.72531547e-02, 1.48178995e+00, 8.69261818e-09
-2.65252137e+00, 1.17012179e-02, 1.54544449e+00, 6.57323618e-09
-2.59696221e+00, 4.60432321e-02, 1.43267465e+00, 6.67072868e-08
4.73112154e+00, 8.37961674e-01, -1.76894045e+00, 3.48063635e-12
5.30180740e+00, 1.11126232e+00, -1.47737885e+00, 1.39894796e-13
5.34920263e+00, 2.44028783e+00, -1.61840713e+00, 1.21749181e-15
2.57130122e+00, 7.33145058e-01, -1.85240698e+00, 2.13864282e-09
2.40544939e+00, 1.06401134e+00, -2.92540503e+00, 1.86055008e-11
-2.59881043e+00, 3.02205794e-02, 1.56125116e+00, 1.07387912e-08
3.82873797e+00, 2.20601344e+00, -2.61777258e+00, 1.47122413e-13
-2.63054395e+00, 2.72603575e-02, 1.56448078e+00, 7.92541499e-09
-2.53284049e+00, 2.86951344e-02, 1.47710180e+00, 5.64709694e-07
-2.53909993e+00, 1.88877638e-02, 1.48732948e+00, 2.18246782e-07
-2.54424429e+00, 3.40775736e-02, 1.42825997e+00, 1.91237586e-06
-2.57938457e+00, 6.23924844e-02, 1.43147230e+00, 5.76711670e-07
-2.63654160e+00, 3.26388292e-02, 1.44623649e+00, 1.43163623e-08
-2.64524484e+00, 2.14410219e-02, 1.45396662e+00, 1.08996403e-08
4.86371088e+00, 1.02351367e+00, 1.97402954e+00, 8.73465254e-14
4.89748716e+00, 1.10054231e+00, 1.04897249e+00, 8.25490230e-13
5.08427763e+00, 2.45972419e+00, -5.86401403e-01, 2.84087939e-14
1.12116909e+00, 1.15737200e+00, -2.75618052e+00, 3.51108564e-09
-3.67092562e+00, 2.46296597e+00, -2.84965444e+00, 5.28585717e-11
-2.38728476e+00, 2.40989637e+00, -2.79437995e+00, 5.29813349e-09
-2.66777825e+00, 3.18988115e-02, 1.51825106e+00, 7.57042340e-09
-2.57862902e+00, 1.05433792e-01, 1.42124808e+00, -1.66056241e-04
-2.58806205e+00, 8.98013413e-02, 1.42746878e+00, -3.10621090e-07
-8.50151539e-01, 1.94224906e+00, -3.36833501e+00, 3.43816930e-09
4.84691429e+00, 2.57688761e+00, 8.69347036e-01, 8.46538788e-15
3.60276079e+00, 2.73932600e+00, -6.61629021e-01, 6.14820423e-13
-1.92584515e-01, 2.41415668e+00, -2.89766502e+00, 6.95455915e-09
6.42391980e-01, 2.30019903e+00, -2.79526925e+00, 3.71903863e-09
-4.65363622e-01, 1.19589567e+00, -3.25703430e+00, 8.39297964e-09
-2.53652811e+00, 2.57244930e-02, 1.54000115e+00, 2.51755896e-08
-2.62511802e+00, 7.84187764e-02, 1.44005764e+00, 8.02968998e-08
-2.62367153e+00, 9.95282158e-02, 1.44690835e+00, 3.85011447e-07
-2.60349321e+00, 1.16734385e-01, 1.43157125e+00, 1.83626344e-06
-2.51087022e+00, 7.92319477e-02, 1.44686079e+00, 4.05650819e-04
-2.53138328e+00, 9.50166732e-02, 1.42989337e+00, 3.55808740e-03
-2.52524710e+00, 7.42780045e-02, 1.44974232e+00, 1.39224707e-04
-2.42067122e+00, 1.68584001e+00, -3.23058558e+00, 2.36678033e-09
4.11300468e+00, 2.37612581e+00, 3.35547614e+00, 8.15153489e-18
4.01423025e+00, 1.17381263e+00, 3.10552406e+00, 2.36952406e-15
-2.66521263e+00, 2.40037255e-02, 1.60480785e+00, 4.91740826e-09
-2.71830368e+00, 2.28399560e-02, 1.58691883e+00, 3.35858030e-09
-4.04657269e+00, 1.20717728e+00, -2.79638100e+00, 6.95852837e-12
-2.53076673e+00, 4.37969603e-02, 1.50093114e+00, 1.34970747e-07
-2.53128290e+00, 4.11315747e-02, 1.51859033e+00, 6.15319777e-08
-2.83682179e+00, 1.08494925e+00, -2.66962695e+00, 2.37558151e-08
-2.47434258e+00, 2.80217770e-02, 1.55635858e+00, 9.79366135e-08
-2.80629778e+00, 4.75489385e-02, 1.38616550e+00, 1.55960347e-08
-5.36782026e+00, 2.60023475e+00, -1.99858129e+00, -1.02953856e-14
4.83904219e+00, 1.57638347e+00, 2.68539333e+00, 9.08624736e-16
3.21439981e+00, 5.95299542e-01, 1.10195410e+00, 4.62356542e-10
-5.27675867e-01, 2.80095053e+00, -1.34989321e+00, 4.04203229e-06
-1.93246102e+00, 5.28415859e-01, -1.29588330e+00, 4.15467046e-04
4.03242731e+00, 2.68737531e+00, 2.16911292e+00, 3.39821847e-15
-1.31529975e+00, 1.11698413e+00, -1.91040385e+00, 1.01214595e-04
-2.58060336e+00, 5.39033301e-02, 1.55748391e+00, 2.49428815e-08
-2.72965837e+00, 2.59716436e-02, 1.54012156e+00, 3.97639965e-09
-2.71720266e+00, 4.22446318e-02, 1.49543726e+00, 6.65911104e-09
-2.68511152e+00, 1.89123843e-02, 1.48296070e+00, 7.25441573e-09
-2.81078935e+00, 2.83667799e-02, 1.46726263e+00, 4.03710265e-09
-2.51052189e+00, 6.47541210e-02, 1.48617113e+00, -1.49592586e-06
-2.49731755e+00, 1.06902540e-01, 1.49415672e+00, 1.48202665e-02
3.88462377e+00, 2.69869137e+00, 7.42172480e-01, 7.13644367e-14
-5.48722076e+00, 4.39509451e-01, -2.00932121e+00, 4.96063368e-13
-2.59462523e+00, 1.14969961e-01, 1.41467237e+00, 3.55557927e-06
-3.46097183e+00, 2.73145986e+00, -2.04073763e+00, 5.34557343e-10
2.84237385e+00, 7.59410501e-01, -7.52065599e-01, 1.00010080e-08
-2.64650083e+00, 5.42564616e-02, 1.64876008e+00, 6.61945698e-09
-2.61907625e+00, 1.20926157e-01, 1.43960857e+00, 2.04197636e-06
4.75951099e+00, 2.36542845e+00, 2.59551549e+00, 3.83077102e-17
-2.59654880e+00, 6.00589588e-02, 1.57048810e+00, 2.12785682e-08
2.37271309e+00, 2.60935807e+00, -1.00989842e+00, 8.42620806e-10
1.66570115e+00, 2.69460058e+00, -1.94029808e+00, 5.32542233e-09
-2.52211308e+00, 1.16438337e-01, 1.54184115e+00, 1.60796304e-07
1.99418461e+00, 1.27784884e+00, 1.60785162e+00, 8.50882864e-10
-2.57537770e+00, 1.00358449e-01, 1.19320726e+00, 1.17034199e-06
-2.62287831e+00, 6.08834624e-02, 1.17166793e+00, 1.14535646e-06
-2.51380754e+00, 4.84352782e-02, 1.58977091e+00, 5.33729754e-08
-2.52782798e+00, 2.56183986e-02, 1.61647189e+00, 2.39731470e-08
-2.33130312e+00, 1.10063054e-01, 1.32405138e+00, 9.14938719e-05
2.45574880e+00, 6.97682977e-01, 2.29933929e+00, 6.83093686e-12
1.68358111e+00, 9.51805711e-01, 2.82421279e+00, 6.87826694e-13
-1.14827752e+00, 3.23194355e-01, 2.31871650e-01, 8.67364997e-06
-1.43032050e+00, 7.78933704e-01, -2.56824315e-01, 1.93435611e-04
-5.32783270e-01, 3.99123728e-01, 6.45615101e-01, 8.94115828e-07
-4.67352057e+00, 1.08657086e+00, 3.39811587e+00, 6.07033937e-19
-2.54531431e+00, 5.16226850e-02, 1.63840854e+00, 2.47204266e-08
-2.55813479e+00, 8.78666192e-02, 1.54871786e+00, 3.16179751e-07
-2.80154490e+00, 6.37399107e-02, 1.23606646e+00, 2.05139614e-07
-2.92887592e+00, 6.02460392e-02, 1.40886140e+00, 5.65730840e-09
-2.89207959e+00, 6.31952807e-02, 1.35139000e+00, 2.10159392e-08
2.76114655e+00, 1.66517174e+00, 3.44864297e+00, 3.15875040e-15
2.67349029e+00, 2.39444661e+00, 2.77682924e+00, 2.10015856e-14
-4.99049568e+00, 2.45677066e+00, 9.04784918e-01, 2.34827592e-13
-4.69477129e+00, 2.92892814e+00, 2.78913200e-01, 2.94148104e-12
-4.52033329e+00, 2.96866679e+00, 1.33483648e+00, 1.18174752e-12
-4.85881805e+00, 8.28285515e-01, 8.81620526e-01, 4.35760325e-12
-2.74333739e+00, 6.84873015e-02, 1.62447202e+00, 3.51423735e-09
1.12046671e+00, 1.14707422e+00, 2.57271379e-01, 4.08401064e-07
-2.83786058e+00, 1.17418453e-01, 1.05643547e+00, 2.77930417e-06
-2.66901326e+00, 8.37781951e-02, 1.09255445e+00, 2.79077221e-06
1.43916452e+00, 1.60667968e+00, 3.23727632e+00, 1.52699175e-12
-4.99065781e+00, 8.04993629e-01, 1.58525431e+00, 2.68396230e-14
-4.44671392e+00, 3.86042774e-01, 1.78723836e+00, 1.29827247e-13
4.83590752e-01, 1.75027370e+00, 3.47972727e+00, 2.07341384e-11
-2.56160426e+00, 1.38628662e-01, 1.53899717e+00, 2.92506611e-05
-2.54243159e+00, 1.76788956e-01, 1.51832843e+00, 6.13010824e-02
-2.53211284e+00, 1.41483843e-01, 1.53169835e+00, 1.07021735e-03
-2.56279755e+00, 1.52267337e-01, 1.53474534e+00, 1.70115934e-04
-2.61295962e+00, 1.73163921e-01, 1.49235392e+00, 3.27170746e-05
-2.42813993e+00, 1.21997990e-01, 1.06105685e+00, 4.91460996e-05
-1.57800764e-01, 7.13045657e-01, 3.01775813e+00, 9.65968638e-10
-5.14167356e+00, 1.54768300e+00, 2.43581319e+00, 2.98168501e-17
-5.21739101e+00, 1.74959898e+00, 1.11927533e+00, 6.21294194e-14
-2.97915673e+00, 6.58491671e-01, 3.45016623e+00, 3.62245160e-15
-2.70636106e+00, 3.93205792e-01, 3.12370801e+00, 5.38150254e-14
-2.41842175e+00, 8.37639347e-02, 1.67747247e+00, 8.83607072e-08
3.86623710e-01, 6.41841054e-01, 2.81768829e-01, 8.34719231e-07
3.60680878e-01, 7.22694516e-01, 1.10235202e+00, 5.32391660e-08
-2.77594149e-01, 1.51039052e+00, 3.34065747e+00, 9.51127732e-10
-8.81480038e-01, 7.32111156e-01, 3.13031745e+00, 8.63620564e-10
-2.54813361e+00, 1.27331996e+00, 3.60494685e+00, 1.31676910e-13
-3.03736544e+00, 1.87926337e-01, 9.92208302e-01, 3.73486591e-06
-3.37623072e+00, 7.34495044e-01, 3.53371453e+00, 2.67348903e-16
-2.17530155e+00, 7.20706359e-02, 1.61863554e+00, 4.01698742e-07
-2.12806869e+00, 9.22012925e-02, 1.75161254e+00, 1.31229612e-07
-2.59062481e+00, 1.67345226e-01, 1.52924263e+00, 1.72915122e-06
-2.59054327e+00, 1.74920723e-01, 1.51016414e+00, 6.12909673e-04
-2.59423184e+00, 1.49749219e-01, 1.52602482e+00, 7.92880564e-06
-3.13656282e+00, 8.22174549e-02, 1.74117863e+00, 2.71228925e-11
-3.10370898e+00, 1.87072963e-01, 1.59596062e+00, 2.79644696e-10
-3.38529921e+00, 3.39387804e-01, 3.40399671e+00, 7.29934017e-17
1.25112879e+00, 2.37768888e+00, 2.70469284e+00, 1.45194056e-11
-6.02711976e-01, 3.42208326e-01, 2.42737055e+00, 1.74855543e-08
-1.63745403e+00, 1.25553298e+00, 3.28794909e+00, 4.26345237e-10
-1.21547437e+00, 9.38190043e-01, 3.53533840e+00, 5.22713470e-11
-2.14218020e+00, 8.82792324e-02, 1.22204852e+00, 2.87681851e-05
-1.96711290e+00, 9.99161974e-02, 1.44039619e+00, 7.88214402e-06
-2.10511160e+00, 1.82765067e-01, 1.37062967e+00, 6.76578275e-05
-2.12734866e+00, 7.53312558e-02, 1.42739129e+00, 4.45236810e-06
-2.71462727e+00, 1.65502921e-01, 1.94270098e+00, 8.63457750e-10
-2.60537076e+00, 1.29358515e-01, 2.08971548e+00, 1.94010918e-10
-1.52448165e+00, 7.27926314e-01, 3.07406950e+00, 5.13605158e-10
-3.68075514e+00, 2.40939784e+00, 2.69438100e+00, 3.79650331e-13
-2.08983088e+00, 2.60911286e-01, 2.97014427e+00, 4.22565715e-12
-2.35954690e+00, 1.95988417e-01, 2.62492633e+00, 2.39390864e-12
-2.77014947e+00, 1.21006303e-01, 2.26330543e+00, 6.14151481e-12
-2.97754455e+00, 3.33312243e-01, 2.32135296e+00, 2.82154161e-12
-2.95607018e+00, 1.58737645e-01, 2.06343842e+00, 2.25439632e-11
-1.80334747e+00, 1.25022963e-01, 1.10137355e+00, 2.47201333e-05
3.90392542e-01, 2.36974120e+00, 2.79142213e+00, 2.42503417e-09
-3.40272236e+00, 2.98485875e-01, 1.72797513e+00, 1.23427076e-11
-3.33027267e+00, 1.52273268e-01, 1.58402777e+00, 1.14398532e-10
-2.93051863e+00, 1.18249588e-01, 1.85818601e+00, 1.56127097e-10
-2.91206598e+00, 6.71895146e-02, 1.70830584e+00, 3.87966187e-10
-2.28882957e+00, 1.75775260e-01, 1.90196240e+00, 1.96384153e-08
-2.29524040e+00, 5.50458990e-02, 1.52027738e+00, 9.90574222e-07
-3.16539359e+00, 2.24102542e-01, 1.25847304e+00, 6.46272724e-08
-3.42957067e+00, 1.41834915e-01, 1.22134495e+00, 1.34884415e-08
-2.94916081e+00, 9.46377888e-02, 1.28334200e+00, 5.81212340e-08
-3.42262721e+00, 2.01638013e-01, 1.37377536e+00, 2.44460985e-09
-3.22306776e+00, 1.29214585e-01, 1.53268111e+00, 2.91995650e-10
-2.48420763e+00, 1.41317159e-01, 1.88572824e+00, 6.35117514e-09
-2.48546576e+00, 3.05139814e-02, 1.64952576e+00, 3.56322190e-08
-4.19200897e+00, 1.46683741e+00, 2.99375820e+00, 4.42574530e-16
-2.51722741e+00, 8.08471292e-02, 1.09487486e+00, 6.65845437e-06
-2.36491036e+00, 6.99306205e-02, 1.15197814e+00, 1.42039789e-05
-2.19068074e+00, 8.60135704e-02, 1.14555526e+00, 4.83679651e-05
-4.57621813e+00, 5.13815105e-01, 2.40049267e+00, 1.38202160e-16
-3.95303512e+00, 2.18878433e-01, 2.22582793e+00, 5.73417853e-16
-2.56250477e+00, 1.06774926e-01, 8.43573332e-01, 9.70627734e-05
-2.58104658e+00, 8.13164562e-02, 9.60724294e-01, 2.50373178e-05
1.26243973e+00, 1.15216327e+00, 1.30082846e+00, 5.79219162e-09
9.93579268e-01, 9.97963905e-01, 2.89811492e+00, 1.72642508e-11
3.61104876e-01, 6.86391771e-01, 1.86417568e+00, 4.13028367e-09
-2.69818735e+00, 7.76321590e-02, 1.75046504e+00, 2.68788147e-09
-2.79618955e+00, 9.16279331e-02, 1.82518792e+00, 6.52806476e-10
-2.64506245e+00, 4.14740853e-02, 1.69337463e+00, 4.63277194e-09
-3.03306603e+00, 1.67852521e-01, 1.42004597e+00, 5.00415887e-09
-2.49991846e+00, 1.10119954e-01, 1.46199119e+00, 7.00315312e-02
-2.27857113e+00, 6.43622875e-02, 1.46609819e+00, 2.53577286e-06
-2.57559252e+00, 1.94869146e-01, 1.49846148e+00, 2.33568028e-02
-2.54941916e+00, 1.77049264e-01, 1.48474884e+00, 1.92055300e-01
-2.58958387e+00, 1.80506989e-01, 1.44390368e+00, 3.83803435e-02
3.53996563e+00, 5.95120072e-01, 2.66168046e+00, 1.20457152e-13
-2.68348694e+00, 9.75820571e-02, 1.25043797e+00, 2.87526404e-07
5.40882707e-01, 2.31801939e+00, -8.81847024e-01, 3.51443373e-06
2.13128018e+00, 2.87578440e+00, 1.07505214e+00, 3.20491897e-11
2.85677290e+00, 2.71118355e+00, -6.69499412e-02, 8.72399548e-12
-9.44857836e-01, 4.60038275e-01, -4.33305353e-01, 2.56090079e-05
-2.63314438e+00, 1.08650945e-01, 1.51691210e+00, 9.69897513e-08
-2.64053249e+00, 1.15482554e-01, 1.48820496e+00, 2.02905596e-07
-3.70924258e+00, 2.37564135e+00, -3.91230285e-01, 6.49587903e-08
-2.63313651e+00, 1.27510726e-01, 1.46467328e+00, 8.97628411e-07
-2.59502554e+00, 1.38612822e-01, 1.42585087e+00, 7.29945968e-05
-2.60306787e+00, 1.49200588e-01, 1.43858755e+00, -3.54408876e-05
-2.57860899e+00, 1.60107106e-01, 1.42408705e+00, 6.87533095e-02
-4.71123981e+00, 1.30005586e+00, -1.62617111e+00, 2.94599234e-10
6.65626824e-01, 6.62955463e-01, -8.78432512e-01, 1.00833972e-06
-2.71057177e+00, 2.40895189e-02, 1.44150293e+00, 9.66951408e-09
-2.57890439e+00, 3.59942950e-02, 1.56370187e+00, 1.55230868e-08
-2.53965545e+00, 6.59132525e-02, 1.53798616e+00, 1.11283299e-07
4.18323708e+00, 5.71805418e-01, -1.16253901e+00, 1.41852821e-10
4.90983105e+00, 8.78908575e-01, -4.64127541e-01, 9.56515075e-12
-5.06436205e+00, 2.85206747e+00, -1.17113125e+00, 1.50717682e-13
-2.79308438e+00, 9.38390046e-02, 1.32941902e+00, 4.46357973e-08
-2.65832734e+00, 2.08631828e-02, 1.38939404e+00, 2.81609225e-08
-2.52620149e+00, 6.71411753e-02, 1.51556861e+00, 7.78140645e-07
-2.44001007e+00, 7.47447371e-01, -2.04066634e+00, 1.13463175e-05
-2.64073658e+00, 8.67941529e-02, 1.46450675e+00, 6.65626629e-08
-2.64577365e+00, 8.71433392e-02, 1.48305058e+00, 4.54571030e-08
-2.65474010e+00, 6.73644096e-02, 1.48173189e+00, 2.01367065e-08
-2.64729881e+00, 9.46679711e-02, 1.49533165e+00, 5.00515398e-08
-2.56023288e+00, 1.24363611e-02, 1.60798383e+00, 1.37877549e-08
-2.58678317e+00, 2.36657895e-02, 1.58947551e+00, 1.12913972e-08
4.90995884e+00, 8.00883055e-01, 2.85073209e+00, 1.38762155e-15
-2.65572619e+00, 4.73447032e-02, 1.45543027e+00, 1.51027866e-08
-2.64645791e+00, 6.62883669e-02, 1.46629477e+00, 2.43746943e-08
-2.53628230e+00, 3.69373485e-02, 1.46622026e+00, 1.47700246e-06
-2.53274918e+00, 5.38329147e-02, 1.46533692e+00, 4.80523113e-06
-2.64051461e+00, 2.78245416e-02, 1.54807234e+00, 7.77895082e-09
-2.65254498e+00, 2.73038484e-02, 1.52906585e+00, 7.70108066e-09
-2.64599586e+00, 6.49374574e-02, 1.54550123e+00, 1.30891298e-08
-2.62937760e+00, 5.23218252e-02, 1.43367946e+00, 2.82374852e-08
-2.61629224e+00, 3.98400240e-02, 1.42883587e+00, 2.68119287e-08
3.67624784e+00, 2.98957765e-01, -1.73969686e+00, 7.53295204e-11
-2.61949325e+00, 2.84916628e-02, 1.36217523e+00, 7.06874275e-08
-1.52103829e+00, 2.57348001e-01, 1.74669099e+00, 7.38839026e-06
-1.91259527e+00, 2.37598240e-01, 2.27305627e+00, 5.74326142e-09
-2.20120192e+00, 2.68690169e-01, 2.15487814e+00, 1.37547340e-09
-3.41119909e+00, 2.54880905e+00, 3.14094162e+00, 1.01179590e-13
-2.81458735e+00, 2.27366710e+00, 3.29617262e+00, 4.80637405e-12
-1.63428378e+00, 1.73336416e-01, 8.91929030e-01, 6.64405252e-06
-3.06455803e+00, 2.45286369e+00, 1.98682296e+00, -9.81597997e-11
-3.43032575e+00, 1.97520420e-01, 2.16518736e+00, 6.57465957e-14
-4.93679190e+00, 4.37079459e-01, 1.05704379e+00, 1.33689251e-12
-3.72144938e+00, 4.71628666e-01, 7.99163878e-01, 1.36316075e-07
-3.38786650e+00, 2.31912002e-01, 9.12640810e-01, 8.02208945e-07
-2.11140442e+00, 2.13643417e-01, 7.62647033e-01, 3.22451262e-04
-2.32562280e+00, 2.30162844e-01, 5.80027819e-01, 5.21116541e-04
-3.10095644e+00, 4.45987850e-01, -4.49190825e-01, 8.94881203e-04
-2.71133161e+00, 2.01276988e-01, 9.23536539e-01, 7.17472067e-05
-2.40352345e+00, 7.29295239e-02, 1.59354270e+00, 3.69518574e-07
-2.52062988e+00, 1.26710892e-01, 1.52585709e+00, 1.47557468e-03
-2.51286960e+00, 3.35481204e-02, 1.47072721e+00, 1.15373655e-06
-2.35358167e+00, 5.47134653e-02, 1.31211293e+00, 1.41349547e-05
-2.54033041e+00, 9.88517776e-02, 1.41230285e+00, 1.21171481e-03
-2.54147482e+00, 1.88567005e-02, 1.35196936e+00, 4.05792434e-07
-2.62734509e+00, 4.34875153e-02, 1.26983654e+00, 3.06810165e-07
-2.55953431e+00, 2.04673111e-01, 5.54497540e-01, 4.34819493e-04
-3.08723593e+00, 1.47838324e-01, 2.11199284e+00, 3.27992971e-12
-2.60983419e+00, 8.72272328e-02, 1.55265796e+00, 4.88856706e-08
-2.63352871e+00, 1.13858715e-01, 1.47333980e+00, 3.59588114e-07
-2.65254951e+00, 8.72848630e-02, 1.52062833e+00, 2.58620450e-08
-2.83999348e+00, 8.45771655e-02, 1.49555111e+00, 3.59279451e-09
-2.59102106e+00, 1.85847640e-01, 1.46111417e+00, 4.19239402e-02
-2.57447696e+00, 1.73829481e-01, 1.45254385e+00, 1.62772074e-01
-2.56397128e+00, 1.76083997e-01, 1.47568226e+00, 1.87081054e-01
-2.51972151e+00, 1.59896463e-01, 1.51919937e+00, 7.49155283e-02
-2.55067706e+00, 1.25182912e-01, 1.41018569e+00, 3.78399752e-02
-2.56565714e+00, 1.51329830e-01, 1.41825008e+00, 9.81665924e-02
-2.51527810e+00, 1.62430331e-01, 1.49616838e+00, 1.79459020e-01
-2.49897957e+00, 1.27757907e-01, 1.49698496e+00, 8.72522816e-02
-2.50740886e+00, 1.24600582e-01, 1.47120023e+00, 1.74545452e-01
-2.52157784e+00, 1.10738195e-01, 1.42542171e+00, 5.99952079e-02
-2.53552008e+00, 1.15609527e-01, 1.41526532e+00, 3.49210650e-02
-2.57363224e+00, 4.35166284e-02, 1.65417552e+00, 1.28888189e-08
-1.99135780e+00, 2.06012562e-01, 1.65108514e+00, 3.80227516e-06
-1.61463773e+00, 2.19492942e-01, 1.35228705e+00, 2.07771809e-05
-2.53235984e+00, 1.42693028e-01, 1.42724276e+00, 1.77219272e-01
-2.55047297e+00, 1.42547756e-01, 1.43523479e+00, 1.92440584e-01
-2.54829645e+00, 1.54803813e-01, 1.42414200e+00, 1.67847961e-01
-2.50684428e+00, 1.37138352e-01, 1.45763636e+00, 1.86980575e-01
-2.51895237e+00, 1.35934293e-01, 1.44038260e+00, 1.86565131e-01
-2.53340793e+00, 1.53434724e-01, 1.44160724e+00, 1.94927663e-01
-2.52204609e+00, 1.26151755e-01, 1.41582358e+00, 8.59616846e-02
-2.53709555e+00, 1.33681476e-01, 1.41044033e+00, 7.95477629e-02
-1.82575226e+00, 2.70784587e-01, 1.21110523e+00, 1.57691902e-04
-1.60770345e+00, 3.62243235e-01, 1.53520954e+00, 9.25097920e-05
-2.18517542e+00, 1.50310516e-01, 1.55990517e+00, 2.73241130e-06
-2.09251285e+00, 1.98694721e-01, 1.77982795e+00, 2.93218619e-07
-1.97653425e+00, 2.27386251e-01, 1.80024874e+00, 5.90522006e-07
-1.93937564e+00, 2.36594558e-01, 1.47936249e+00, 5.77436658e-05
-1.85197771e+00, 2.49170735e-01, 1.60776412e+00, 2.29059060e-05
-2.59956956e+00, 4.45954874e-02, 1.61900592e+00, 1.18110233e-08
-2.57196641e+00, 4.79361489e-02, 1.62173200e+00, 1.80213391e-08
-2.56206441e+00, 7.19705224e-02, 1.66920316e+00, 2.01585753e-08
-2.54421401e+00, 1.12345770e-01, 1.40199316e+00, 3.15588503e-03
-2.52553129e+00, 1.04233041e-01, 1.41189969e+00, 5.92479156e-03
-2.51200938e+00, 9.82880518e-02, 1.43445456e+00, 2.36942228e-02
-2.49668574e+00, 1.26558125e-01, 1.48341429e+00, 1.23106085e-01
-2.50667858e+00, 1.19880714e-01, 1.45313036e+00, 1.52434275e-01
-2.49188757e+00, 1.24859728e-01, 1.51331663e+00, 6.29474595e-03
-2.53081203e+00, 1.73032045e-01, 1.48069823e+00, 1.95022389e-01
-2.50398850e+00, 1.56106934e-01, 1.50899494e+00, 9.55596417e-02
-2.50202489e+00, 1.45182401e-01, 1.48877978e+00, 1.69414580e-01
-2.53245330e+00, 1.82105973e-01, 1.50702381e+00, 1.23751372e-01
-2.57843447e+00, 1.52106553e-01, 1.40731788e+00, 1.22043043e-02
-2.56912923e+00, 1.33291513e-01, 1.40871048e+00, 2.49501988e-02
-2.56535506e+00, 1.69727147e-01, 1.42575324e+00, 1.26141116e-01
-2.52205729e+00, 1.54292122e-01, 1.53598964e+00, 2.28111050e-03
-2.53081727e+00, 1.68581903e-01, 1.52563107e+00, 3.83000821e-02
-2.54764152e+00, 1.80448398e-01, 1.46579301e+00, 1.93690643e-01
-2.57258391e+00, 1.88332796e-01, 1.47879779e+00, 1.19427562e-01
-2.60565662e+00, 1.86403781e-01, 1.45043015e+00, 1.38762302e-03
-2.78540611e+00, 6.49170130e-02, 1.49533987e+00, 4.69221018e-09
-2.88639855e+00, 1.16556630e-01, 1.40403390e+00, 9.06573216e-09
-2.87367153e+00, 5.26442304e-02, 1.52980518e+00, 1.56439173e-09
-2.83271074e+00, 9.30381045e-02, 1.58357406e+00, 2.36284436e-09
-2.87817693e+00, 8.83397684e-02, 1.46239376e+00, 3.88057897e-09
-2.66511416e+00, 7.24028349e-02, 1.49376547e+00, 1.85570528e-08
-2.64517355e+00, 1.19996943e-01, 1.50946641e+00, 1.31902752e-07
-2.64447880e+00, 8.59181434e-02, 1.53749585e+00, 2.43945415e-08
-2.65472865e+00, 7.30493665e-02, 1.52743804e+00, 1.56547824e-08
-2.65190101e+00, 1.00139022e-01, 1.50912285e+00, 4.73493564e-08
-2.60955977e+00, 7.12069869e-02, 1.56494021e+00, 2.34729765e-08
-2.60940599e+00, 7.27725551e-02, 1.55031133e+00, 2.79460686e-08
-2.62450218e+00, 9.41266194e-02, 1.55450475e+00, 4.02544593e-08
-3.04791689e+00, 2.72130936e-01, 2.01016378e+00, 2.99891292e-11
-2.72291517e+00, 3.92096013e-01, 3.56545538e-01, 2.05962476e-03
-2.45692778e+00, 3.02065462e-01, 7.08677769e-01, 1.51897548e-03
-2.62457967e+00, 7.11216554e-02, 1.31312549e+00, 2.10295369e-07
-2.62560487e+00, 9.89826173e-02, 1.22741759e+00, 5.57168732e-07
-2.59289145e+00, 8.09500292e-02, 1.27797854e+00, 4.24374917e-07
-2.55680132e+00, 3.94126773e-02, 1.35717797e+00, 4.14781397e-07
-2.56727481e+00, 8.32272470e-02, 1.41366208e+00, -1.32138412e-05
-2.54512215e+00, 8.44514742e-02, 1.41888356e+00, -7.38299741e-06
-2.38498068e+00, 8.99154395e-02, 1.29987931e+00, 5.39604152e-05
-2.52525496e+00, 3.33867744e-02, 1.45193994e+00, 2.66092911e-06
-2.51523542e+00, 4.24196869e-02, 1.48973858e+00, 2.21793556e-07
-2.52188015e+00, 2.88033951e-02, 1.48687637e+00, 2.67136187e-07
-2.49600458e+00, 3.60514112e-02, 1.48445749e+00, 4.43546014e-07
-2.52546978e+00, 4.60751951e-02, 1.45967782e+00, 4.05261562e-06
-2.50745463e+00, 4.17863764e-02, 1.45668221e+00, 4.32837760e-06
-2.51195335e+00, 1.13019638e-01, 1.52888215e+00, -5.50392433e-05
-2.52101231e+00, 1.33272052e-01, 1.54085326e+00, 3.01593274e-04
-2.45968485e+00, 5.62330522e-02, 1.56617630e+00, 2.47847055e-07
-2.42959332e+00, 7.24364147e-02, 1.63244772e+00, 1.50334529e-07
-2.44099498e+00, 5.82515858e-02, 1.59593594e+00, 1.95042929e-07
-2.41524029e+00, 6.68370873e-02, 1.55233920e+00, 9.57324914e-07
-2.34963536e+00, 9.27365050e-02, 1.60485220e+00, 4.30994106e-07
-2.53426075e+00, 1.79717049e-01, 9.66362536e-01, 1.10704204e-04
-2.62340856e+00, 1.61787555e-01, 9.73300815e-01, 4.35750335e-05
-2.86027312e+00, 2.41081178e-01, 9.07321513e-01, 5.03341253e-05
-2.78628778e+00, 1.96601585e-01, 9.89393055e-01, 1.64648900e-05
-2.74835134e+00, 2.41112635e-01, 7.94142604e-01, 2.54768325e-04
-2.68133307e+00, 7.17739284e-01, -3.68653923e-01, 3.48775205e-03
-3.36543584e+00, 7.71846235e-01, -2.50706315e-01, 4.10082110e-04
-2.23382378e+00, 4.00988668e-01, 5.41639626e-01, 3.18923290e-03
-1.99632931e+00, 3.67810667e-01, 6.42493904e-01, 1.03642687e-03
-2.16582966e+00, 2.46386617e-01, 9.67536807e-01, 8.46916111e-04
-3.36301756e+00, 1.66339859e-01, 1.06994593e+00, 1.40408062e-07
-3.20619583e+00, 3.20534319e-01, 7.86878467e-01, 2.67523828e-05
-3.43993068e+00, 4.28814560e-01, 7.31106281e-01, 4.45027854e-06
-4.28349972e+00, 6.56354308e-01, 8.92706633e-01, 1.55426438e-09
-3.89155817e+00, 4.89942759e-01, 1.13059950e+00, 2.44940535e-09
-3.42326331e+00, 3.18862915e-01, 1.16766083e+00, 4.03633962e-08
-3.92337537e+00, 5.67056715e-01, 5.18694222e-01, 3.05333430e-07
-4.61323452e+00, 6.95690870e-01, 1.38295102e+00, 6.51627667e-12
-3.57388997e+00, 3.93115550e-01, 2.06351042e+00, 7.50757759e-14
-3.17101717e+00, 2.31157303e+00, 2.64005256e+00, 1.87544875e-11
-2.86447835e+00, 2.46841311e+00, 1.24083459e+00, 4.00015324e-07
-3.53977489e+00, 2.50585103e+00, 1.70665395e+00, 1.39264891e-10
-2.41983533e+00, 2.47596622e+00, 1.92999697e+00, 9.10104745e-07
-1.53368950e+00, 4.05908763e-01, 8.96356642e-01, 4.35611801e-05
-2.33768106e+00, 2.41118526e+00, 2.71323347e+00, 4.70099915e-09
-2.92455387e+00, 1.86869216e+00, 3.07445717e+00, -2.85506211e-12
-2.34747124e+00, 2.17712864e-01, 2.06449270e+00, 1.37670619e-09
-2.01640606e+00, 3.29269707e-01, 2.13798475e+00, 1.98300025e-08
-2.14378834e+00, 3.13893884e-01, 2.33607149e+00, 5.90676896e-10
-2.22632432e+00, 2.12469399e-01, 1.99529076e+00, 8.68071037e-09
-1.76343358e+00, 3.91222894e-01, 2.28997302e+00, 5.62951676e-08
-1.26374435e+00, 1.84505790e-01, 1.72426999e+00, 1.12593273e-06
-1.30284476e+00, 4.15755570e-01, 1.85410058e+00, 1.19003353e-05
-1.54706359e+00, 3.96885127e-01, 1.96680045e+00, 3.31044566e-06
-2.60803080e+00, 5.51890880e-02, 1.36035967e+00, 1.45835784e-07
3.97555923e+00, 6.82016253e-01, -2.10666490e+00, 2.18249949e-11
-2.61624694e+00, 5.16783334e-02, 1.42260635e+00, 4.00856237e-08
-2.63702822e+00, 3.72579433e-02, 1.42622924e+00, 1.95841192e-08
-2.60160613e+00, 2.96299681e-02, 1.42357433e+00, 3.20996811e-08
-2.64057326e+00, 4.81275581e-02, 1.44407368e+00, 1.92219272e-08
-2.63548422e+00, 5.04981056e-02, 1.55844188e+00, 1.02297530e-08
-2.70878530e+00, 4.79510836e-02, 1.56656575e+00, 5.05346698e-09
-2.63329077e+00, 6.41254485e-02, 1.55423498e+00, 1.42392960e-08
-2.64707541e+00, 5.07847965e-02, 1.54412866e+00, 1.00134079e-08
-2.66964364e+00, 2.83341836e-02, 1.53327692e+00, 6.72014044e-09
-2.65524387e+00, 2.86826827e-02, 1.54396629e+00, 7.13997217e-09
-2.62332177e+00, 3.02129947e-02, 1.55269015e+00, 8.90126461e-09
-2.51965714e+00, 5.86037077e-02, 1.45947301e+00, 1.35439441e-05
-2.65137315e+00, 7.61776567e-02, 1.45320249e+00, 3.82783618e-08
-2.66378427e+00, 5.79442829e-02, 1.46911013e+00, 1.57584008e-08
-2.65108800e+00, 3.33505385e-02, 1.44408309e+00, 1.35391058e-08
-2.66021705e+00, 3.77854630e-02, 1.46473455e+00, 1.14612568e-08
-2.59069037e+00, 2.89663188e-02, 1.57599092e+00, 1.15647580e-08
-2.65603876e+00, 1.00916140e-01, 1.48401725e+00, 6.22335392e-08
-2.63581061e+00, 1.04694314e-01, 1.44514024e+00, 2.13719005e-07
-3.10031533e+00, 2.34448075e+00, -1.38993800e+00, 5.57250246e-07
-2.37100196e+00, 1.03010023e+00, -1.34073067e+00, 6.64041901e-04
-2.09694791e+00, 1.40985346e+00, -2.44424248e+00, 1.55630494e-06
-2.50616360e+00, 6.96003288e-02, 1.50644124e+00, -7.26968619e-06
-2.52547646e+00, 6.93019778e-02, 1.53196168e+00, 1.81001525e-08
-2.52156663e+00, 5.42203002e-02, 1.52540708e+00, 6.11340596e-08
-2.75983596e+00, 7.55484253e-02, 1.37211549e+00, 2.71927014e-08
-2.73167086e+00, 8.84568170e-02, 1.29836380e+00, 1.01735445e-07
-2.85856628e+00, 1.08934559e-01, 1.29069066e+00, 6.69418014e-08
-4.55980301e+00, 2.22143483e+00, -1.38909471e+00, 4.63710008e-11
4.66178989e+00, 1.49164045e+00, -9.86468434e-01, 5.20532705e-12
4.32691908e+00, 1.39317799e+00, 1.96159109e-01, 4.49619786e-11
-2.54269671e+00, 4.82520089e-02, 1.55275762e+00, 4.11031849e-08
-2.53366590e+00, 7.92390481e-02, 1.54405975e+00, 1.76635766e-07
-2.56522894e+00, 3.29040997e-02, 1.57264829e+00, 1.80509048e-08
-2.71195555e+00, 5.13759069e-02, 1.46097064e+00, 1.01286446e-08
5.29169440e-01, 1.11188877e+00, -3.62339854e-01, 5.91085745e-06
1.08001089e+00, 1.46182323e+00, -9.90412593e-01, 8.77473894e-07
-4.27440929e+00, 1.32566869e+00, -2.30509949e+00, 1.97686121e-11
-4.90727425e+00, 1.72873735e+00, -9.80386317e-01, 5.01699030e-11
-4.88222933e+00, 1.88075817e+00, -2.11091685e+00, 1.47986181e-12
-2.58669090e+00, 1.68333665e-01, 1.43197191e+00, 4.18518297e-02
-2.61321616e+00, 1.43409014e-01, 1.42612112e+00, -3.23135027e-05
-2.62530065e+00, 1.34871840e-01, 1.47277224e+00, 2.70230157e-06
-2.63413095e+00, 1.24780148e-01, 1.44763756e+00, 7.72424926e-07
-3.44353700e+00, 2.39124465e+00, 2.39622846e-01, 4.65656115e-07
-4.28074026e+00, 2.48880196e+00, -4.70950216e-01, 3.63996083e-10
-2.64066291e+00, 1.32751465e-01, 1.49087369e+00, 4.64839673e-07
-1.14456284e+00, 8.27117503e-01, -6.70602024e-01, 2.56685336e-04
-9.65840816e-01, 8.08845818e-01, -3.93954366e-02, 9.83227728e-05
2.89512372e+00, 3.03324795e+00, -5.39192796e-01, 2.31524435e-12
2.14457083e+00, 2.14050961e+00, -2.64090240e-01, 4.33952474e-09
3.01663351e+00, 2.01155424e+00, -5.05736411e-01, 3.69916847e-10
2.51834249e+00, 2.21918797e+00, 6.84529543e-01, 7.02018235e-11
1.34308600e+00, 2.17412090e+00, 1.19131529e+00, 1.24374133e-09
7.52320662e-02, 1.96680677e+00, -2.17103291e+00, 6.35027959e-07
1.10057724e+00, 2.35748148e+00, -1.46663165e+00, 2.23506916e-07
2.01649904e-01, 2.32218552e+00, -1.70585021e-01, 2.54470342e-05
-1.04142547e-01, 2.29753780e+00, -1.46760488e+00, 5.01964905e-06
-2.70578074e+00, 1.40571505e-01, 1.14800000e+00, 1.33662218e-06
-2.66536760e+00, 7.60675594e-02, 1.29216003e+00, 1.68680202e-07
-2.69230866e+00, 9.93558541e-02, 1.19902062e+00, 6.15115368e-07
2.98814464e+00, 1.07299674e+00, 2.95118761e+00, 1.13790474e-13
4.13216734e+00, 4.26473051e-01, 2.94415045e+00, 3.28796506e-15
3.93007469e+00, 1.29855382e+00, 2.19942236e+00, 3.13849126e-13
-2.58889556e+00, 1.91279635e-01, 1.50568116e+00, 1.35495549e-03
-2.25998974e+00, 1.09177269e-01, 1.42342317e+00, 2.44905004e-05
-2.30876231e+00, 1.03383943e-01, 1.49481761e+00, 6.07538823e-06
-2.49226332e+00, 9.55948904e-02, 1.46311605e+00, 3.06256791e-03
-2.94410610e+00, 1.30433515e-01, 1.42123306e+00, 5.66624436e-09
-2.98074293e+00, 1.59766629e-01, 1.34091294e+00, 2.01440873e-08
-3.13553500e+00, 1.94487080e-01, 1.48270845e+00, 1.26793065e-09
-2.66839075e+00, 7.83758312e-02, 1.71849918e+00, 4.57721416e-09
-2.76177001e+00, 1.05670385e-01, 1.73576570e+00, 2.17252238e-09
-2.81888986e+00, 1.64301366e-01, 1.87477803e+00, 6.06569961e-10
-2.70866752e+00, 1.13204308e-01, 1.78910482e+00, 2.56779265e-09
4.86862063e-01, 1.09759200e+00, 2.41682434e+00, 2.33964781e-09
9.00159359e-01, 1.14576626e+00, 1.83875048e+00, 8.06186173e-10
-9.33572128e-02, 9.66526747e-01, 1.50284803e+00, 4.00626341e-08
8.31627011e-01, 1.85793197e+00, 2.68017888e+00, 2.20724786e-10
1.65514636e+00, 1.03548717e+00, 8.37045908e-01, 2.95535099e-08
6.90354943e-01, 1.22912121e+00, 8.19008887e-01, 1.50901201e-07
-4.88829851e+00, 9.42634523e-01, 2.47844720e+00, 2.27819950e-17
-4.21527767e+00, 7.20915556e-01, 2.09531808e+00, 8.67976684e-15
-4.40760279e+00, 8.26004028e-01, 2.88753462e+00, 1.34528461e-17
-4.81309843e+00, 3.80676866e-01, 1.98473108e+00, 8.98505234e-16
-2.21930957e+00, 1.60401180e-01, 1.21289039e+00, 1.97183152e-04
-2.41985297e+00, 1.35322586e-01, 1.16895771e+00, 2.88050051e-05
-2.51004028e+00, 1.34795785e-01, 1.15196311e+00, 4.95013592e-06
-2.58652472e+00, 1.31277740e-01, 1.12648571e+00, 2.86859336e-06
-3.83960390e+00, 9.78267312e-01, 3.04805064e+00, 5.55169375e-16
-4.00604296e+00, 2.14770913e+00, 2.95371842e+00, 1.02267264e-15
-4.83813572e+00, 1.58190334e+00, 3.04956746e+00, 4.38264111e-18
-2.49203563e+00, 5.83013408e-02, 1.63056791e+00, 6.18068228e-08
-2.40349627e+00, 1.55945793e-01, 1.89572620e+00, 1.08379448e-08
-2.48987460e+00, 9.85011160e-02, 1.75316989e+00, 2.22275620e-08
-2.61109233e+00, 1.74776465e-01, 1.96534634e+00, 1.43942680e-09
-2.48845172e+00, 1.24768794e-01, 1.80461335e+00, 1.42684797e-08
-3.26712942e+00, 2.65769780e-01, 1.46745944e+00, 1.22283383e-09
-3.22976613e+00, 2.53428757e-01, 1.61862564e+00, 1.06091989e-10
-3.53878307e+00, 3.58663887e-01, 1.52713454e+00, 1.84182322e-10
-2.91432190e+00, 1.46672875e-01, 1.21481836e+00, 2.02762891e-07
-3.20768070e+00, 2.15708122e-01, 1.36152935e+00, 7.30742178e-09
-3.06313634e+00, 2.25205436e-01, 1.13702381e+00, 3.55746607e-07
-2.32947063e+00, 1.44595563e-01, 1.80646849e+00, 4.29868301e-08
-2.20036817e+00, 1.84241131e-01, 1.86994827e+00, 5.19476480e-08
-2.89307880e+00, 1.34043738e-01, 1.75127673e+00, 6.26397989e-10
-3.22234440e+00, 2.62181163e-01, 1.81136286e+00, 1.33427236e-11
8.57961714e-01, 2.32070065e+00, 2.06819272e+00, 2.12570761e-09
-3.59251589e-01, 2.43023109e+00, 3.02304292e+00, 6.87586876e-09
-7.01260120e-02, 2.25963640e+00, 2.10022879e+00, 6.38709764e-07
9.54516139e-03, 1.88364577e+00, 2.95524359e+00, 2.25636976e-09
-2.83593488e+00, 2.45000869e-01, 2.09227300e+00, 9.02567535e-11
-2.70921946e+00, 4.08050060e-01, 2.58016562e+00, 3.31782648e-12
-3.29575777e+00, 4.36894208e-01, 2.54107428e+00, 7.21165139e-14
-2.29342985e+00, 3.61684144e-01, 2.53238225e+00, 1.84414480e-11
-2.16304469e+00, 5.66408098e-01, 3.06708455e+00, 1.03739049e-11
-4.26638031e+00, 2.41996360e+00, 2.22453809e+00, 7.33485267e-14
-1.90761805e+00, 8.12601626e-01, 3.14016223e+00, 7.82965984e-11
-1.13121879e+00, 7.38054454e-01, 2.74950123e+00, 8.48767900e-09
-1.19896877e+00, 1.13849461e+00, 3.06361198e+00, 4.92088503e-09
-1.79396081e+00, 5.51547110e-01, 2.72852254e+00, 1.39287371e-09
-2.71149158e+00, 1.84571266e-01, 2.06350470e+00, 2.52576515e-10
-2.18590689e+00, 1.38802290e-01, 1.38366914e+00, 3.72707000e-05
-2.13047671e+00, 1.60735026e-01, 1.47431576e+00, 1.22361107e-05
-1.99357378e+00, 1.89655691e-01, 1.38621652e+00, 5.18132074e-05
-2.09825540e+00, 1.94906786e-01, 1.23302460e+00, 2.53094273e-04
-2.04311538e+00, 1.40782392e+00, 3.07633901e+00, 1.73412840e-10
-7.54185319e-01, 6.04627490e-01, 2.17035794e+00, 9.83405585e-07
-6.35344803e-01, 7.42098093e-01, 2.64909363e+00, 5.24951389e-08
1.98744524e+00, 2.40988016e+00, 2.58676291e+00, 3.12196097e-13
-2.99086881e+00, 1.59302860e-01, 1.62467003e+00, 5.91510951e-10
-2.58660626e+00, 1.56109124e-01, 1.53885794e+00, 7.91067123e-06
-2.60563207e+00, 1.60254329e-01, 1.52650332e+00, 3.91676531e-06
-2.57425070e+00, 1.74494341e-01, 1.53295600e+00, 1.18501506e-04
-3.13615441e+00, 6.82264149e-01, 3.10023451e+00, 2.27136001e-14
-2.89903164e+00, 2.07130656e-01, 1.04623950e+00, 3.86157126e-06
-2.73331308e+00, 1.00711751e+00, 3.19814968e+00, 3.90489209e-13
-7.37232327e-01, 1.18310463e+00, 2.88183761e+00, 3.93982837e-08
-2.46283054e+00, 7.75651261e-02, 1.68720388e+00, 4.99577268e-08
-2.35131645e+00, 8.42770636e-02, 1.68539834e+00, 1.12579990e-07
-2.39126182e+00, 7.85230398e-02, 1.73840642e+00, 4.14658885e-08
-2.45313048e+00, 5.75231433e-01, 2.90582943e+00, 4.87629858e-12
-2.57763076e+00, 6.90881073e-01, 3.26400876e+00, 3.16904218e-13
-4.73093224e+00, 2.04981685e+00, 1.35284066e+00, 1.47675952e-13
-4.95008039e+00, 1.16333687e+00, 1.27974284e+00, 1.23263311e-13
-2.62144279e+00, 1.62680119e-01, 1.48035502e+00, 1.72879973e-05
-2.62419152e+00, 1.55156687e-01, 1.50964987e+00, 2.00273371e-06
-2.61105561e+00, 1.78765580e-01, 1.47916007e+00, 2.23838681e-04
-2.54513502e+00, 1.66655302e-01, 1.53104186e+00, 4.90685459e-03
-2.55552816e+00, 1.82643682e-01, 1.51424372e+00, 4.17144112e-02
-2.56858206e+00, 1.28864780e-01, 1.55275679e+00, 2.60389152e-06
-4.09984589e+00, 5.28383136e-01, 1.76924443e+00, 5.31230875e-13
-2.78791785e+00, 7.31422007e-02, 1.60779107e+00, 2.64518740e-09
-2.77159858e+00, 8.43776464e-02, 1.66089761e+00, 2.59779820e-09
-4.60075378e+00, 7.23899961e-01, 4.55534548e-01, 3.13905596e-10
-5.02681971e+00, 2.25233102e+00, 2.57911235e-01, 2.84254066e-12
-4.42190838e+00, 2.31589627e+00, 3.42001647e-01, 7.51782248e-11
3.62784624e+00, 2.16986823e+00, 2.64526129e+00, 5.86481759e-15
2.47513843e+00, 3.06820679e+00, 2.89990997e+00, -1.36628307e-16
2.66110158e+00, 2.22720170e+00, 1.80598819e+00, 1.04863652e-11
2.33217144e+00, 1.55865979e+00, 2.58900952e+00, 4.93039333e-12
-2.54454732e+00, 5.01645543e-02, 1.60263872e+00, 3.28664242e-08
-1.74348307e+00, 7.78410435e-01, -6.29298329e-01, 7.90859165e-04
-1.35502553e+00, 6.31412446e-01, 2.34907106e-01, 8.63534879e-05
2.89017868e+00, 1.22105706e+00, 1.91627085e+00, 2.11633610e-11
-2.35988641e+00, 8.75444338e-02, 1.41129529e+00, 4.27984014e-05
-2.27183366e+00, 1.32840604e-01, 1.29561734e+00, 1.37154755e-04
-2.52442241e+00, 3.92541364e-02, 1.56728268e+00, 3.71863180e-08
-2.48837161e+00, 4.92388234e-02, 1.57049727e+00, 6.95156288e-08
-2.53511691e+00, 9.34815928e-02, 1.22708499e+00, 1.16139574e-06
-2.53650260e+00, 1.03143729e-01, 1.54967189e+00, 3.83346190e-07
-2.52410555e+00, 1.01655558e-01, 1.53732455e+00, -5.46926549e-06
1.73045862e+00, 1.87504768e+00, -2.75942612e+00, 4.62235084e-10
2.33572197e+00, 1.19484425e+00, -1.29283643e+00, 1.25275426e-08
-2.60396171e+00, 4.38569672e-02, 1.57136631e+00, 1.28475026e-08
-2.57914376e+00, 6.87458217e-02, 1.56818545e+00, 4.15082297e-08
-2.61783242e+00, 1.02603830e-01, 1.42890167e+00, 3.42033957e-07
-2.67653275e+00, 5.51691577e-02, 1.61999905e+00, 5.60885915e-09
-2.98658752e+00, 2.35354090e+00, -2.23465443e+00, 2.12276525e-08
-2.59982252e+00, 9.47840065e-02, 1.41580498e+00, 1.25970496e-06
-2.57582664e+00, 1.12558298e-01, 1.40800107e+00, 2.93759094e-05
4.33190584e+00, 2.28602839e+00, 1.31620073e+00, 3.48914182e-14
-2.49926686e+00, 9.00952592e-02, 1.50007141e+00, 1.02503800e-04
-2.77670002e+00, 3.43574397e-02, 1.44347394e+00, 6.66579858e-09
-2.79841757e+00, 5.94536699e-02, 1.43536901e+00, 7.57951213e-09
-2.69543195e+00, 3.63506228e-02, 1.48130107e+00, 8.16022538e-09
-2.68128777e+00, 3.15671489e-02, 1.49555051e+00, 7.79352316e-09
-2.72687745e+00, 4.64222841e-02, 1.52605891e+00, 5.25568833e-09
-2.70744634e+00, 2.57143229e-02, 1.54565215e+00, 4.63822625e-09
-7.15939820e-01, 1.10467863e+00, -2.37525225e+00, 2.85979854e-06
-1.10478747e+00, 2.21521854e+00, -8.92415822e-01, 1.71574284e-04
-4.99239254e+00, 2.51994610e+00, -2.53112149e+00, 1.45410078e-14
-2.52761865e+00, 4.04384993e-02, 1.53488839e+00, 3.77295848e-08
-2.51947618e+00, 3.28399427e-02, 1.50805318e+00, 3.81032521e-08
-2.64689136e+00, 3.71785909e-02, 1.59405768e+00, 6.79407375e-09
-2.69629645e+00, 2.99283266e-02, 1.60817349e+00, 3.85451360e-09
3.61941123e+00, 1.71452582e+00, 3.35788155e+00, 2.82148713e-16
-2.53059840e+00, 5.92628904e-02, 1.44535089e+00, 1.76450449e-05
-2.52737761e+00, 7.15216622e-02, 1.46459234e+00, 4.60411866e-05
-2.54209518e+00, 2.74831597e-02, 1.55523503e+00, 2.36803341e-08
-3.54602009e-01, 2.38286614e+00, -3.53013253e+00, 6.83838888e-11
-1.00899899e+00, 2.42823076e+00, -3.10201073e+00, 5.61923397e-09
4.42104197e+00, 2.31071687e+00, -3.19807142e-01, 7.82915074e-13
4.79707146e+00, 3.06427217e+00, 1.37576187e+00, 8.35734189e-17
-2.66492796e+00, 4.67512533e-02, 1.51591587e+00, 9.34624556e-09
-2.68141103e+00, 2.99176108e-02, 1.52498269e+00, 6.52942145e-09
-1.61030436e+00, 2.10285878e+00, -2.93205667e+00, 1.28033415e-08
-3.57532382e+00, 2.19284678e+00, -3.54393578e+00, 2.24719961e-12
5.56730556e+00, 2.13466811e+00, -2.04004988e-01, 5.65517905e-15
-2.56343126e+00, 5.87467700e-02, 1.42230499e+00, 7.89885974e-07
-2.55427837e+00, 2.80198287e-02, 1.44013858e+00, 8.90234276e-07
-2.56160450e+00, 3.16829570e-02, 1.42250657e+00, 4.44267386e-07
-2.53900170e+00, 4.43504900e-02, 1.44211209e+00, 4.32412344e-06
-2.53459764e+00, 3.71278115e-02, 1.40927625e+00, 2.91511105e-06
-2.61502266e+00, 2.97143459e-02, 1.57212257e+00, 9.14185883e-09
3.01106262e+00, 2.18747044e+00, -2.49810553e+00, 2.04069552e-12
4.49826956e+00, 2.28515196e+00, -2.01258469e+00, 1.38765396e-13
4.43646765e+00, 1.42341173e+00, -2.58559608e+00, 2.35372133e-13
3.55954576e+00, 2.35616827e+00, -1.83983243e+00, 2.02421543e-12
4.88609600e+00, 1.66392779e+00, -1.82147694e+00, 1.95185448e-13
4.79202366e+00, 5.46695173e-01, -2.33421969e+00, 3.31407699e-13
-2.57471275e+00, 3.25628780e-02, 1.42499518e+00, 1.89707805e-07
-6.24408007e-01, 2.39156365e+00, 1.23412097e+00, 6.52157294e-04
-1.68555427e+00, 2.36450124e+00, 1.95773458e+00, 5.75201520e-05
-1.74688458e+00, 2.46932769e+00, 3.02799678e+00, 1.45174650e-09
-2.51357865e+00, 2.82295972e-01, 2.23255873e+00, 3.89885346e-11
-2.48734856e+00, 3.18246782e-01, 2.45602489e+00, 3.96101511e-12
-3.49023461e+00, 1.48181307e+00, 3.05907822e+00, 1.28847670e-13
-2.32713771e+00, 3.01603019e-01, 3.51651669e+00, 2.58043929e-14
-1.77006435e+00, 2.37486911e+00, 5.93786776e-01, 5.10244025e-03
-1.89272201e+00, 2.44483757e+00, 1.71395615e-02, 1.95183803e-03
-8.35059285e-01, 2.47199535e+00, 4.69552517e-01, 2.16986402e-03
-8.15614760e-01, 6.09360635e-01, 1.42324245e+00, 5.63394110e-07
-1.26951778e+00, 3.77953470e-01, 1.12293077e+00, 2.90819435e-06
-4.92336464e+00, 2.35253239e+00, 2.28495407e+00, 8.53369442e-16
-3.86583638e+00, 3.54517788e-01, 1.77172303e+00, 9.47239791e-13
-4.20067739e+00, 5.89191377e-01, 1.36045015e+00, 3.59672778e-11
-2.03817916e+00, 5.10243297e-01, 1.30109534e-01, 1.68501586e-03
-1.68254817e+00, 5.35903811e-01, 4.55797404e-01, 5.36737964e-04
-2.23195672e+00, 3.92112255e-01, 2.79278666e-01, 1.57572865e-03
-2.50722551e+00, 7.19389021e-01, -9.97952521e-01, 1.39699667e-03
-3.25067854e+00, 4.47193921e-01, 3.63024741e-01, 2.54267303e-04
-4.30314922e+00, 9.45654929e-01, -6.00673974e-01, 3.16369238e-07
-4.89288425e+00, 1.24057353e+00, 1.98756829e-01, 8.52513476e-11
-4.78919363e+00, 1.06661642e+00, -1.01072216e+00, 2.32778974e-09
-4.06591082e+00, 2.48475575e+00, 6.58692658e-01, 2.83036955e-10
-3.88592839e+00, 1.01691949e+00, -1.35322046e+00, 8.15787701e-07
-3.17604876e+00, 8.75500858e-01, -1.14454269e+00, 1.38399570e-04
-3.88178849e+00, 8.31368327e-01, -2.52372354e-01, 5.42019052e-06
-4.87422562e+00, 8.36408138e-01, -1.39333934e-01, 1.11325205e-09
-2.40677810e+00, 5.96163496e-02, 1.49030554e+00, 4.84727298e-06
-2.42697072e+00, 6.34771883e-02, 1.51900315e+00, 2.66412189e-06
-2.48212099e+00, 4.11017723e-02, 1.51732051e+00, 1.89628665e-07
-2.46855974e+00, 7.41381571e-02, 1.45847642e+00, 7.75665612e-05
-2.48162985e+00, 4.21529338e-02, 1.42391324e+00, 1.14930390e-05
-2.45714927e+00, 4.96797562e-02, 1.45801044e+00, 9.28671579e-06
-2.40499496e+00, 3.12481951e-02, 1.48378301e+00, 1.40305121e-06
-2.41392446e+00, 6.03577383e-02, 1.45105541e+00, 1.05380223e-05
-2.47605658e+00, 5.85048832e-02, 1.39379323e+00, 3.19442224e-05
-2.44962454e+00, 6.94808513e-02, 1.36053383e+00, 3.82146827e-05
-2.53567719e+00, 6.72653615e-02, 1.31635559e+00, 1.53879182e-06
-2.56172156e+00, 7.75218308e-02, 1.25630057e+00, 6.39062364e-07
-2.51583195e+00, 6.45062849e-02, 1.33953345e+00, 4.46860622e-06
-2.47091937e+00, 7.31681809e-02, 1.31674886e+00, 1.06645502e-05
-2.51649356e+00, 4.96034622e-02, 1.38749516e+00, 7.18623096e-06
-2.56707358e+00, 3.84265110e-02, 1.40175271e+00, 2.07779621e-07
-2.59231734e+00, 3.53471637e-02, 1.40667307e+00, 5.35084190e-08
-1.97013700e+00, 2.36789107e+00, -1.46298552e+00, 4.45992373e-05
-2.65357590e+00, 2.43293568e-02, 1.46931624e+00, 9.67085523e-09
-2.55451369e+00, 2.35425439e-02, 1.55995572e+00, 1.79958448e-08
-2.54823852e+00, 3.31079811e-02, 1.57124829e+00, 2.46710687e-08
-2.36754918e+00, 2.31635952e+00, -2.00081182e+00, 4.16113551e-07
-2.12704372e+00, 3.00972652e+00, -1.81042552e+00, 8.53476365e-08
-2.55534077e+00, 2.34359026e+00, -9.15213227e-01, 6.16649268e-05
-1.08256066e+00, 2.35743833e+00, -1.57321131e+00, 1.48042209e-05
-1.56803000e+00, 2.41372943e+00, -9.64497805e-01, 1.08893437e-04
-2.58157396e+00, 4.98828404e-02, 1.41602945e+00, 9.48066230e-08
-2.58530211e+00, 3.10305376e-02, 1.41776717e+00, 7.45557216e-08
-2.60969520e+00, 4.40868102e-02, 1.38960111e+00, 6.99005156e-08
-2.60230970e+00, 4.59680744e-02, 1.41556609e+00, 5.21375760e-08
-2.55059218e+00, 5.84758483e-02, 1.40620232e+00, 1.07769381e-06
-2.51430845e+00, 5.10470532e-02, 1.41878617e+00, 1.73738645e-05
-2.53859925e+00, 7.15118051e-02, 1.38847935e+00, 3.57329350e-06
-2.50613189e+00, 7.71350414e-02, 1.30421281e+00, 3.40185125e-06
-2.47891140e+00, 6.94809780e-02, 1.35838497e+00, 2.38356697e-05
-2.43804502e+00, 4.82976548e-02, 1.32084608e+00, 7.95190226e-06
-2.53625488e+00, 8.56387988e-02, 1.34812522e+00, 7.53572021e-06
-2.55979896e+00, 7.07505271e-02, 1.30376124e+00, 6.38026791e-07
-2.49513173e+00, 5.19728027e-02, 1.37112403e+00, 8.60204091e-06
-2.45919847e+00, 5.67221306e-02, 1.41953683e+00, 2.67668693e-05
-2.39422250e+00, 6.48413897e-02, 1.42163062e+00, 2.05792367e-05
-2.44120193e+00, 6.74358755e-02, 1.47218633e+00, 1.82042095e-05
-2.39044571e+00, 7.86953866e-02, 1.45606411e+00, 2.25270651e-05
-2.48018241e+00, 1.98711343e-02, 1.41446054e+00, 4.78311676e-06
-2.48829794e+00, 6.23794384e-02, 1.47821856e+00, 1.45724725e-05
-2.48258662e+00, 5.60952984e-02, 1.54016793e+00, -3.43630475e-08
-2.47849321e+00, 4.40477282e-02, 1.49276841e+00, 1.34310949e-06
-2.44680357e+00, 5.39324619e-02, 1.54271913e+00, 5.98691315e-07
-2.41692424e+00, 9.47300792e-02, 1.50131297e+00, 3.00846950e-05
-4.74667692e+00, 1.28392708e+00, -4.99725550e-01, 1.10638787e-09
-4.37195635e+00, 1.00274920e+00, 2.89997756e-02, 1.42157717e-08
-3.57209015e+00, 1.22028458e+00, -2.59882748e-01, 2.71782101e-05
-3.68510008e+00, 8.36199880e-01, 2.14420125e-01, 1.20871164e-05
-2.89133978e+00, 8.64790022e-01, -7.47769415e-01, 1.89806940e-03
-3.22278142e+00, 1.09013128e+00, -1.75048530e+00, 1.13190765e-06
-3.47351265e+00, 1.52626061e+00, -1.06413472e+00, 5.91328853e-06
-4.16083384e+00, 1.58299446e+00, -1.06553650e+00, 1.47750736e-08
-3.84260368e+00, 1.97339940e+00, 5.11157155e-01, 1.26680124e-08
-3.96758771e+00, 2.24757719e+00, 1.07453384e-01, 9.24600130e-09
-4.40098667e+00, 2.30688715e+00, 1.01544261e+00, 5.79944903e-12
-4.43486929e+00, 1.26367879e+00, 6.08523846e-01, 4.12860690e-10
-4.85044861e+00, 1.35531008e+00, 8.75766397e-01, 3.63529562e-12
-3.17658806e+00, 5.31054616e-01, 1.57259807e-01, 8.57968058e-04
-3.21061516e+00, 4.78381395e-01, 6.31035626e-01, 8.63846435e-05
-2.94631052e+00, 4.64154571e-01, 2.81536907e-01, 1.50860124e-03
-2.03488922e+00, 1.00865376e+00, -9.54778671e-01, 2.39900406e-03
-2.29568696e+00, 5.63556612e-01, 2.34313011e-02, 2.89338059e-03
-2.46030712e+00, 5.31627715e-01, 3.59751463e-01, 4.88434173e-03
-1.50537682e+00, 4.21431661e-01, 6.03234589e-01, 3.29135219e-05
-1.94716692e+00, 7.18727469e-01, 3.58743787e-01, 8.43597297e-03
-1.77553654e+00, 6.55894399e-01, 7.14415014e-02, 1.27480307e-03
-4.33229637e+00, 8.25158298e-01, 1.67802835e+00, 6.00510039e-13
-4.06448317e+00, 3.57091635e-01, 1.39497221e+00, 4.29804144e-11
-3.61364627e+00, 4.72493023e-01, 1.71203208e+00, 6.74731581e-12
-3.86859822e+00, 4.98144567e-01, 2.05154037e+00, 2.47218661e-14
-4.92490149e+00, 1.79471779e+00, 1.80891120e+00, 3.59042867e-15
-4.51966667e+00, 1.92573941e+00, 2.73735785e+00, 4.48950544e-16
-1.24168181e+00, 5.35242736e-01, 8.10084701e-01, 7.07067602e-06
-1.51711428e+00, 4.65386599e-01, 1.16571259e+00, 1.54541602e-04
-1.10210061e+00, 5.34838200e-01, 1.32842588e+00, 3.52331131e-06
-9.95734394e-01, 5.77537775e-01, 1.74383593e+00, 7.06935634e-06
-5.55057228e-01, 6.81074142e-01, 1.72515619e+00, 3.64699446e-07
-4.36049759e-01, 6.65086627e-01, 1.29166734e+00, 8.37923508e-08
-7.78568506e-01, 6.70314252e-01, 1.02097416e+00, 7.45407078e-07
-1.38198209e+00, 2.45504451e+00, 8.50520670e-01, 5.28119551e-03
-1.75110132e-01, 2.12248635e+00, 2.99188405e-01, 1.21165082e-04
-1.38982284e+00, 1.90192103e+00, 4.44578379e-01, 4.92817909e-03
-2.31949162e+00, 2.26082826e+00, 3.33838850e-01, 1.66201312e-03
-1.51023781e+00, 2.21406198e+00, -3.91987264e-01, 1.80407707e-03
-2.05479336e+00, 2.33015394e+00, 1.41658342e+00, 1.92469073e-04
-3.39629650e+00, 1.97226810e+00, 3.17082119e+00, 2.06951589e-13
-3.36864328e+00, 1.06354642e+00, 3.11768937e+00, 2.96378590e-14
-3.13260770e+00, 1.66165590e+00, 2.68046117e+00, 1.66848861e-11
-2.62956738e+00, 2.44334862e-01, 2.33468723e+00, 5.67991704e-12
-2.48398972e+00, 4.54476178e-01, 2.64171648e+00, 1.19985948e-11
-2.48026037e+00, 4.58075851e-01, 2.30769181e+00, 1.30527894e-10
-2.50506735e+00, 2.20470011e-01, 2.10577345e+00, 4.22900714e-10
-1.15431726e+00, 2.13785625e+00, 2.97411561e+00, 1.98319938e-08
-1.69249880e+00, 2.08771610e+00, 2.63101602e+00, 1.30914486e-07
-1.63459110e+00, 2.48552775e+00, 1.28077292e+00, 2.23492039e-03
-1.10280074e-01, 2.53906345e+00, 7.90332377e-01, 9.29213857e-05
4.61697817e+00, 2.33033442e+00, -1.16675282e+00, 1.28295784e-13
4.16231632e+00, 1.85111964e+00, -1.30545378e+00, 9.90442884e-12
5.04979515e+00, 1.88582563e+00, -2.51487684e+00, 2.30348916e-15
2.72100043e+00, 1.34238899e+00, -2.50215840e+00, 4.17982558e-11
2.74099898e+00, 1.87323701e+00, -1.61293995e+00, 1.16648302e-09
3.41762662e+00, 1.30233955e+00, -2.23505831e+00, 1.27403270e-11
3.38638496e+00, 1.63747144e+00, -2.88026547e+00, 5.49213656e-14
2.16782069e+00, 2.15325212e+00, -2.36172271e+00, 1.20224752e-09
-2.60526586e+00, 3.41845378e-02, 1.59045255e+00, 1.02293694e-08
-2.62501669e+00, 3.28366011e-02, 1.58955204e+00, 8.12523560e-09
-2.62121892e+00, 4.44938093e-02, 1.57036030e+00, 1.05680122e-08
-2.54155064e+00, 2.95015704e-02, 1.44855392e+00, 1.80026825e-06
-2.54638863e+00, 5.80855682e-02, 1.42994189e+00, 3.63223398e-06
-2.55529523e+00, 4.51861210e-02, 1.43343461e+00, 1.36258643e-06
-2.57409620e+00, 7.05595389e-02, 1.41754162e+00, -1.15369312e-06
-2.55115008e+00, 7.13460967e-02, 1.42096043e+00, 4.34495774e-07
5.03519392e+00, 1.71215463e+00, -2.20951021e-01, 6.63308547e-13
-8.09856892e-01, 1.81753349e+00, -2.50352478e+00, 1.33422930e-06
-1.39580190e+00, 1.37250507e+00, -2.77904963e+00, 7.09144729e-07
-2.69518280e+00, 4.77655940e-02, 1.53582609e+00, 6.54373133e-09
-2.69844913e+00, 3.02045234e-02, 1.50853229e+00, 6.35592512e-09
-2.68111181e+00, 4.12864611e-02, 1.51167500e+00, 7.88841170e-09
-2.65504718e+00, 5.28865941e-02, 1.52863026e+00, 1.03960485e-08
-2.66211939e+00, 6.55905977e-02, 1.51001573e+00, 1.38719267e-08
4.36658335e+00, 2.22470856e+00, 5.10944724e-01, 1.00198376e-12
3.78903770e+00, 1.98139882e+00, -2.59747535e-01, 4.10146431e-11
-2.52625418e+00, 3.75852510e-02, 1.54936337e+00, 3.50623495e-08
-2.53239989e+00, 7.49834478e-02, 1.42838800e+00, 1.31323832e-04
-2.51585340e+00, 4.87167649e-02, 1.44251204e+00, 1.14166342e-05
-2.67671275e+00, 4.69877645e-02, 1.58383155e+00, 6.07134476e-09
-2.71717000e+00, 5.75617366e-02, 1.59860408e+00, 4.45907533e-09
-2.64834476e+00, 3.23843807e-02, 1.57314682e+00, 6.96666547e-09
-2.64183497e+00, 5.81153408e-02, 1.61389852e+00, 8.66462546e-09
-2.52539682e+00, 2.06321869e-02, 1.50079155e+00, 8.21532353e-08
-2.50148511e+00, 3.49649563e-02, 1.50627315e+00, 4.17375645e-08
-2.51249695e+00, 5.08913621e-02, 1.50674534e+00, -4.42473180e-07
-2.51333117e+00, 3.91042866e-02, 1.52441502e+00, 1.83425506e-08
-2.52420640e+00, 2.62751356e-02, 1.52961957e+00, 3.04060848e-08
-2.52947950e+00, 5.51228262e-02, 1.54097545e+00, 5.28069037e-08
-2.54424381e+00, 3.80534790e-02, 1.54059005e+00, 3.08263388e-08
-4.30477953e+00, 2.30381203e+00, -2.33182764e+00, 5.16105951e-12
-3.20625424e-01, 2.25635958e+00, -5.89523137e-01, 1.60907410e-04
-5.82837403e-01, 1.47373056e+00, -1.69469655e+00, 3.79363446e-05
7.33584687e-02, 1.26380873e+00, -2.53709626e+00, 1.72867871e-07
-2.74120259e+00, 5.81777766e-02, 1.55693412e+00, 4.49276216e-09
-2.74979472e+00, 5.04633971e-02, 1.50002921e+00, 5.42295409e-09
-2.66967487e+00, 3.41309123e-02, 1.50250077e+00, 8.28382429e-09
-2.67814350e+00, 4.71367575e-02, 1.48486459e+00, 1.03446034e-08
-2.69148350e+00, 3.66415419e-02, 1.45892489e+00, 9.98194505e-09
-2.83666468e+00, 1.07932612e-01, 1.43992221e+00, 7.48271756e-09
-2.82699418e+00, 6.62041903e-02, 1.46713078e+00, 4.48098403e-09
-2.75624037e+00, 7.39479139e-02, 1.45006824e+00, 9.85818005e-09
-2.50230527e+00, 7.72884563e-02, 1.49035084e+00, 1.70589537e-05
-2.50531101e+00, 8.53574499e-02, 1.51530647e+00, -5.10784339e-05
-2.49220467e+00, 1.04670845e-01, 1.51053655e+00, 5.44180803e-04
-2.49255824e+00, 9.30696651e-02, 1.48422933e+00, 1.48856733e-03
4.71289539e+00, 1.79622829e+00, 1.81163871e+00, 1.04399199e-14
3.65834570e+00, 2.09079790e+00, 1.74763048e+00, 1.60340643e-12
-2.55948806e+00, 1.08621411e-01, 1.40531635e+00, 5.02183859e-04
-2.58423805e+00, 1.25292778e-01, 1.40505838e+00, 8.26703501e-04
-2.58046198e+00, 9.61092114e-02, 1.40886331e+00, -9.81728135e-06
-2.61356688e+00, 8.68893564e-02, 1.42584670e+00, 1.67562760e-07
-3.02498770e+00, 1.92580342e+00, -2.71807337e+00, 1.07179892e-08
-2.69588733e+00, 7.44501129e-02, 1.64240813e+00, 5.30897104e-09
-2.66760683e+00, 5.03427945e-02, 1.38159525e+00, 3.76159655e-08
-2.61780858e+00, 1.20477408e-01, 1.42067838e+00, -8.86058444e-08
-2.63077784e+00, 8.94539356e-02, 1.43536866e+00, 1.18688646e-07
-2.55555964e+00, 7.46259093e-02, 1.61489308e+00, 4.40964492e-08
-2.59000039e+00, 8.95967111e-02, 1.56401062e+00, 8.28040285e-08
-2.56868482e+00, 5.04270345e-02, 1.56999707e+00, 2.71775988e-08
-2.56813955e+00, 9.29419175e-02, 1.56294560e+00, 2.02366664e-07
-2.58817863e+00, 4.82396707e-02, 1.57635212e+00, 1.75018506e-08
1.81480432e+00, 1.26269913e+00, -2.22599936e+00, 6.97192926e-09
1.82526398e+00, 9.79251504e-01, -7.21207559e-01, 9.56141619e-08
1.85330713e+00, 1.91244853e+00, -1.29076731e+00, 4.36239240e-08
1.08430207e+00, 1.79286158e+00, -2.06508994e+00, 6.13970741e-08
-2.51793766e+00, 1.06621698e-01, 1.55425334e+00, 1.43894397e-06
-2.51687050e+00, 8.59654248e-02, 1.53414428e+00, -6.50730101e-07
-2.54921865e+00, 1.19417407e-01, 1.55284703e+00, 3.86912279e-06
-2.55201364e+00, 1.02002300e-01, 1.55902863e+00, 6.51741459e-07
-2.58261871e+00, 1.27128676e-01, 1.25568986e+00, 8.34647835e-07
-2.49811530e+00, 8.01729187e-02, 1.18633914e+00, 2.12060309e-06
-2.48171806e+00, 5.95523864e-02, 1.59558308e+00, 1.18212597e-07
-2.49288011e+00, 3.83526944e-02, 1.54904902e+00, 4.43539996e-08
-2.32069254e+00, 1.35988548e-01, 1.20297337e+00, 1.10979920e-04
-2.25353098e+00, 1.22314915e-01, 1.36126649e+00, 5.69348522e-05
-2.17679858e+00, 1.49236456e-01, 1.29963589e+00, 7.51358602e-05
-2.31453562e+00, 9.70905870e-02, 1.39196408e+00, 4.18558993e-05
-2.39657760e+00, 7.51524866e-02, 1.35764587e+00, 5.25123869e-05
3.74167585e+00, 1.09459043e+00, 1.52679980e+00, 1.97543717e-11
2.65227818e+00, 1.53392458e+00, 1.13037217e+00, 6.00503480e-10
-1.02085257e+00, 7.79744148e-01, 3.90265197e-01, 3.11283038e-05
-1.96721137e+00, 5.73503971e-01, -2.68524647e-01, 5.53309801e-04
-1.46737802e+00, 9.91720974e-01, -1.06780314e+00, 1.08930795e-03
-2.55983090e+00, 3.71782556e-02, 1.59313297e+00, 2.01257535e-08
-2.51882362e+00, 5.52069396e-02, 1.61877465e+00, 4.64392471e-08
1.54527271e+00, 1.51529884e+00, 2.28062034e+00, 7.22841786e-11
4.27019835e+00, 1.97585428e+00, 2.69101667e+00, 1.53854048e-15
-4.21911192e+00, 7.35653162e-01, 4.67747837e-01, 1.33055531e-08
-2.82461548e+00, 9.44494456e-02, 1.63441420e+00, 1.91080596e-09
-2.55170178e+00, 1.56451359e-01, 1.54484081e+00, 1.19103177e-04
-2.58987164e+00, 1.34239286e-01, 1.55067205e+00, 8.72233386e-07
-2.57493281e+00, 1.44429654e-01, 1.54926252e+00, 5.55848010e-06
-2.54283381e+00, 1.91351280e-01, 1.51970375e+00, 2.03742348e-02
-2.57286787e+00, 1.87741891e-01, 1.51936686e+00, 1.83181814e-03
-2.56314516e+00, 1.91191554e-01, 1.50594079e+00, 4.29679081e-02
-2.60282993e+00, 1.88832358e-01, 1.46574736e+00, 2.16031913e-03
-2.60009408e+00, 1.88697487e-01, 1.48484778e+00, 1.20153243e-03
-2.62251949e+00, 1.73409641e-01, 1.46812260e+00, 4.13348207e-05
-2.60823131e+00, 1.61490202e-01, 1.50616014e+00, 1.40734464e-05
-2.63037992e+00, 1.49725005e-01, 1.49401402e+00, 1.82157851e-06
-2.61944461e+00, 1.46952763e-01, 1.52347660e+00, 9.16565398e-07
-4.41140175e+00, 1.10714006e+00, 1.16188872e+00, 3.81164440e-11
-2.77727461e+00, 7.25518525e-01, 2.87326026e+00, 1.31782020e-12
-2.32451606e+00, 9.96948957e-01, 3.05873489e+00, 2.03958586e-11
-2.19712949e+00, 5.40902674e-01, 2.70134521e+00, 1.25473854e-10
-2.44364262e+00, 1.14928998e-01, 1.72992575e+00, 5.07309394e-08
-2.34761906e+00, 1.36120647e-01, 1.73015487e+00, 1.04130258e-07
-2.38642097e+00, 1.03485957e-01, 1.64280236e+00, 2.74375054e-07
-2.51282740e+00, 6.51285201e-02, 1.66564381e+00, 3.41597257e-08
-2.11387068e-01, 1.17772913e+00, 2.57638311e+00, 4.37286261e-08
-1.18772590e+00, 1.20673239e+00, 2.56728697e+00, 7.50587617e-07
-5.45325816e-01, 1.80579782e+00, 2.68660378e+00, 1.43583193e-07
-2.79545212e+00, 1.34155536e+00, 3.19304371e+00, 1.26203388e-12
-2.99988413e+00, 3.19312602e-01, 1.02321458e+00, 4.71149269e-06
-2.79306102e+00, 2.17428744e-01, 1.10355294e+00, 2.52117479e-06
-3.55711746e+00, 7.01813221e-01, 3.15499926e+00, 8.78709227e-16
-2.95060062e+00, 4.47564930e-01, 2.89452839e+00, 6.69630570e-14
-3.46948004e+00, 5.52561700e-01, 2.78954673e+00, 6.44237928e-15
-2.58832812e+00, 1.72546744e-01, 1.54783154e+00, -9.67364997e-08
-2.60146785e+00, 1.74201012e-01, 1.52173746e+00, 2.01140447e-05
-3.03064942e+00, 1.43146053e-01, 1.71017933e+00, 1.76021850e-10
-2.89132047e+00, 1.25945419e-01, 1.64505637e+00, 1.23136901e-09
-2.97418070e+00, 1.52850166e-01, 1.50810444e+00, 1.83615234e-09
1.78962123e+00, 2.24002528e+00, 1.77409601e+00, 5.66839700e-11
-1.03517890e+00, 6.56834900e-01, 2.45053816e+00, 2.08243250e-07
-2.37969828e+00, 1.69967425e+00, 3.05421019e+00, 1.29840250e-10
-1.66888273e+00, 1.20395517e+00, 2.83814573e+00, 1.06745262e-08
-1.69120109e+00, 1.68790758e+00, 3.07097411e+00, 2.31354158e-09
-1.99028933e+00, 2.06644490e-01, 1.22104013e+00, 1.76840724e-04
-2.06847739e+00, 2.23513514e-01, 1.10178256e+00, 4.49952087e-04
-2.07523322e+00, 2.66796827e-01, 1.43382514e+00, 1.70158906e-04
-2.04576993e+00, 2.06733719e-01, 1.50373125e+00, 1.84387918e-05
-1.90861523e+00, 2.59242773e-01, 1.33490551e+00, 1.69171864e-04
-2.20688462e+00, 1.44342944e-01, 1.47238588e+00, 1.46802122e-05
-2.70133877e+00, 2.77772516e-01, 2.00648952e+00, 8.85242324e-10
-1.86174917e+00, 3.87169957e-01, 2.47965407e+00, 5.49595169e-09
-1.43952084e+00, 5.48654974e-01, 2.64575839e+00, 7.03724590e-09
-3.60150695e+00, 2.23500443e+00, 2.11964464e+00, 1.22761089e-11
-4.41824389e+00, 2.46781492e+00, 2.82723260e+00, 9.03147504e-16
-3.24991179e+00, 3.71837288e-01, 2.24614382e+00, 7.84717289e-13
-2.83924413e+00, 2.43069261e-01, 2.23260355e+00, 1.70322246e-11
-2.83365226e+00, 2.04302117e-01, 1.96919060e+00, 3.04267223e-10
3.56673658e-01, 1.86046994e+00, 2.35310006e+00, 1.15882708e-08
-5.89480102e-01, 2.47344494e+00, 1.75478363e+00, 5.87301620e-05
4.66623485e-01, 2.24477029e+00, 1.38997650e+00, 2.15012719e-07
-8.13350677e-01, 2.39141607e+00, 2.54130507e+00, 3.06192902e-07
-3.19142079e+00, 2.70966977e-01, 2.00804543e+00, 5.86917190e-12
-3.03559637e+00, 2.08964393e-01, 1.87981892e+00, 6.81758885e-11
-2.83067322e+00, 1.45492375e-01, 1.77470303e+00, 1.16329069e-09
-2.19405103e+00, 1.85086548e-01, 1.73965371e+00, 2.91372999e-07
-2.09851694e+00, 2.39085823e-01, 1.92609656e+00, 7.20479534e-08
-2.43411946e+00, 1.59092724e-01, 1.80592501e+00, 2.98720586e-08
-3.20193148e+00, 2.79051811e-01, 1.05305004e+00, 7.57756993e-07
-3.02114439e+00, 1.87621191e-01, 1.25636637e+00, 8.00210955e-08
-2.95982528e+00, 1.85864702e-01, 1.13877249e+00, 6.38757797e-07
-3.29199934e+00, 2.94767022e-01, 1.25236428e+00, 2.90562898e-08
-3.11218214e+00, 2.94719309e-01, 1.41393673e+00, 5.54866020e-09
-2.89686847e+00, 1.82075739e-01, 1.28507686e+00, 6.21960083e-08
-3.63678741e+00, 4.13986772e-01, 1.33202744e+00, 2.56042987e-09
-3.37438202e+00, 3.01541895e-01, 1.52924967e+00, 2.98385844e-10
-2.57579517e+00, 1.16912127e-01, 1.80277228e+00, 7.29134575e-09
-2.43989897e+00, 8.27073380e-02, 1.78414154e+00, 1.80776318e-08
-2.56916332e+00, 1.38664722e-01, 1.90744495e+00, 2.78606049e-09
-2.52909946e+00, 1.68548658e-01, 1.98432291e+00, 1.61590474e-09
-2.43413687e+00, 1.92975581e-01, 1.99153316e+00, 2.68848366e-09
-2.46699762e+00, 6.28237426e-02, 1.65318203e+00, 6.36761754e-08
-4.06328773e+00, 2.59183788e+00, 3.19596243e+00, 1.24956651e-15
-3.94111514e+00, 7.00196087e-01, 2.60785103e+00, 6.33910564e-16
-3.79767227e+00, 1.34916937e+00, 3.11305928e+00, 5.06273371e-15
-2.51617360e+00, 1.68327183e-01, 1.07034183e+00, 3.16662336e-05
-2.64239049e+00, 1.35458007e-01, 1.16536307e+00, 1.32694822e-06
-2.63954043e+00, 1.53671980e-01, 1.07469916e+00, 6.52038398e-06
-2.35645247e+00, 1.66373551e-01, 1.11635315e+00, 1.79128678e-04
-2.24304199e+00, 1.67435467e-01, 1.11595237e+00, 3.42284882e-04
-4.69874048e+00, 8.17898929e-01, 2.07708097e+00, 1.80292445e-15
-4.28580570e+00, 9.85629082e-01, 2.45801950e+00, 7.81706643e-16
-3.83992977e-02, 9.69381988e-01, 5.09783268e-01, 4.74780381e-06
3.24733824e-01, 1.35252273e+00, 3.13075215e-01, 5.91695198e-06
1.05182743e+00, 1.69654143e+00, 7.07425058e-01, 9.13936944e-08
2.39696264e+00, 1.28650630e+00, 1.92523703e-01, 1.20072876e-08
2.10016578e-01, 1.43336046e+00, 1.87128043e+00, 3.16581286e-08
-2.73419309e+00, 1.52543351e-01, 1.84094119e+00, 1.81536852e-09
-2.65357375e+00, 1.14047907e-01, 1.82587028e+00, 3.06393400e-09
-2.69381404e+00, 1.38883740e-01, 1.73374319e+00, 6.10820150e-09
-2.61860037e+00, 7.75076672e-02, 1.72194254e+00, 7.26247773e-09
-2.89317107e+00, 1.40212044e-01, 1.35065579e+00, 2.12666347e-08
-2.50178432e+00, 8.06125849e-02, 1.46749985e+00, 2.95037491e-04
-2.49701238e+00, 8.93212259e-02, 1.44505644e+00, 1.60047063e-03
-2.49524403e+00, 1.05743602e-01, 1.44874120e+00, 2.18950659e-02
-2.31427550e+00, 1.02081098e-01, 1.54963827e+00, 1.49811410e-06
-2.30452299e+00, 1.05887137e-01, 1.44942570e+00, 2.02252850e-05
-2.60207891e+00, 1.82288170e-01, 1.50085354e+00, 3.01428343e-04
-2.77271509e+00, 1.39488056e-01, 1.18617046e+00, 6.13257384e-07
-2.62984467e+00, 9.36592072e-02, 1.27521706e+00, 2.93549220e-07
-2.69024825e+00, 7.03025013e-02, 1.32288206e+00, 8.97879744e-08
-2.72778320e+00, 1.73667446e-01, 1.08765161e+00, 3.69241366e-06
4.86309767e-01, 2.60950756e+00, -1.85841024e+00, 1.52396453e-07
6.25012636e-01, 2.89667630e+00, -2.21422046e-01, 1.09940493e-06
3.35254550e+00, 1.26655149e+00, -3.63443255e-01, 1.63200720e-09
1.59958148e+00, 2.33992767e+00, 2.86455244e-01, 1.01241797e-08
1.53561819e+00, 2.37931752e+00, -6.81539893e-01, 5.48783490e-08
-5.93485653e-01, 1.07335210e+00, -3.81543010e-01, 1.29113236e-04
-7.98129439e-01, 1.03440571e+00, -1.14911437e+00, 2.83373869e-04
-2.63507009e+00, 1.37571752e-01, 1.51330960e+00, 4.04291427e-07
-2.64143229e+00, 1.31110162e-01, 1.47459495e+00, 5.81179620e-07
-2.65621352e+00, 1.24895275e-01, 1.49477470e+00, 1.44541218e-07
-3.80179787e+00, 2.24020982e+00, -1.03907716e+00, 1.67700946e-08
-3.10974503e+00, 2.18930531e+00, 6.68329358e-01, 1.43807392e-06
-2.63102794e+00, 1.41046926e-01, 1.45803714e+00, 2.66244501e-06
-2.64390779e+00, 1.13755234e-01, 1.45668721e+00, 2.73365146e-07
-2.60075259e+00, 1.64349213e-01, 1.42474437e+00, 1.81978825e-03
-2.62186313e+00, 1.36992529e-01, 1.43919039e+00, 1.78180460e-06
-2.57662845e+00, 1.81050196e-01, 1.43506432e+00, 8.47478509e-02
-4.87037706e+00, 1.16237485e+00, -2.57965422e+00, 1.60932235e-13
3.27030003e-01, 1.59287345e+00, -1.28079164e+00, 4.45154865e-06
-2.70853710e+00, 4.88631465e-02, 1.42678988e+00, 1.42594132e-08
-2.54155898e+00, 6.92735463e-02, 1.55425620e+00, 1.03160026e-07
-2.54221058e+00, 8.96761119e-02, 1.55239284e+00, 2.81237305e-07
-2.55484581e+00, 5.74109256e-02, 1.55858731e+00, 4.95990093e-08
3.27950716e+00, 1.29667664e+00, 4.42739069e-01, 6.00576422e-10
3.97389245e+00, 1.11813164e+00, 7.17346251e-01, 4.96745561e-11
3.92898989e+00, 1.12258804e+00, -7.57970750e-01, 1.71482759e-10
-2.73965907e+00, 9.31077152e-02, 1.24143791e+00, 2.56943338e-07
-2.73449659e+00, 6.35570586e-02, 1.41011262e+00, 1.66392073e-08
-2.51156473e+00, 6.76331893e-02, 1.52369487e+00, 1.44173939e-07
-1.86094928e+00, 1.08770692e+00, -1.57496929e+00, 4.65640274e-04
-2.64290071e+00, 8.53390098e-02, 1.44472063e+00, 6.69626843e-08
-2.65951991e+00, 8.34847614e-02, 1.47336602e+00, 3.39111992e-08
-2.64901400e+00, 1.08658262e-01, 1.47116649e+00, 1.29064802e-07
-2.66048980e+00, 8.72263312e-02, 1.49247372e+00, 3.17345545e-08
-2.67389488e+00, 2.85668988e-02, 1.46630538e+00, 9.39412903e-09
-2.65809345e+00, 2.87910048e-02, 1.42792058e+00, 1.52168464e-08
-2.65240431e+00, 6.15735091e-02, 1.45131779e+00, 2.27315038e-08
-2.50377417e+00, 5.10914996e-02, 1.47319579e+00, 3.57556928e-06
-2.66185355e+00, 3.07843555e-02, 1.55934405e+00, 6.47355147e-09
-2.63696146e+00, 8.24566782e-02, 1.54955626e+00, 2.20072742e-08
-2.68702435e+00, 3.35405320e-02, 1.56415510e+00, 5.34181988e-09
-2.66033983e+00, 7.65951201e-02, 1.54441738e+00, 1.41175924e-08
-2.63921118e+00, 6.69835806e-02, 1.43831921e+00, 3.58240406e-08
-2.62037468e+00, 2.70744804e-02, 1.42339587e+00, 2.04450199e-08
-2.60605049e+00, 6.87081814e-02, 1.42018163e+00, 1.09890550e-07
-2.62067461e+00, 6.71651587e-02, 1.43001330e+00, 5.72953915e-08
-2.58029866e+00, 5.26989773e-02, 1.36140239e+00, 2.80115472e-07
-2.62862706e+00, 5.49461395e-02, 1.34416914e+00, 1.12301635e-07
-1.74362123e+00, 3.83030266e-01, 1.81166160e+00, 1.52540069e-05
-1.54191089e+00, 5.07275999e-01, 1.72642183e+00, 8.92433600e-05
-1.48266983e+00, 3.31483781e-01, 2.25990343e+00, 9.61926503e-08
-1.35093939e+00, 4.11919236e-01, 1.57990944e+00, 2.22756535e-05
-1.99490476e+00, 4.12929296e-01, 2.33887148e+00, 7.73619568e-09
-2.34421706e+00, 2.40191191e-01, 1.95045161e+00, 1.00435402e-08
-2.09479690e+00, 2.25297257e-01, 2.06112313e+00, 9.14378528e-09
-2.35701489e+00, 2.58252978e-01, 2.18279600e+00, 8.09995959e-11
-2.75516868e+00, 2.37685704e+00, 2.36698055e+00, 4.62706051e-09
-2.44429660e+00, 2.06018496e+00, 3.13201618e+00, 1.05274692e-10
-1.76049590e+00, 3.44598621e-01, 9.99233305e-01, 3.10407515e-04
-2.44921494e+00, 2.67655540e+00, 1.32654655e+00, 7.05415914e-06
-3.41857362e+00, 2.51268411e+00, 1.26195705e+00, 3.07352721e-09
-3.41239071e+00, 3.10975313e-01, 2.01227355e+00, 4.62974982e-13
-3.56811452e+00, 4.90413517e-01, 4.67337281e-01, 1.00868137e-05
-3.57477880e+00, 4.13524747e-01, 1.01084876e+00, 6.80913317e-08
-3.92240334e+00, 6.91030741e-01, 7.93236554e-01, 1.87275297e-08
-2.98910928e+00, 2.85636753e-01, 8.32644224e-01, 7.16542418e-05
-3.10196543e+00, 2.78592229e-01, 9.08683896e-01, 1.04520441e-05
-2.31481671e+00, 2.04725921e-01, 1.01330721e+00, 5.23513183e-04
-2.27359819e+00, 2.79966414e-01, 8.46637785e-01, 1.43310928e-03
-1.99865949e+00, 3.09952617e-01, 9.09098625e-01, 1.09391217e-03
-3.00279331e+00, 7.47090578e-01, -1.56439275e-01, 2.21185456e-03
-3.55792618e+00, 5.82482576e-01, 1.24836579e-01, 8.66984919e-05
-2.84722281e+00, 3.14128369e-01, 7.38722682e-01, 3.98742181e-04
-2.66533995e+00, 3.13862950e-01, 6.76133871e-01, 1.07552996e-03
-2.59160805e+00, 2.29532793e-01, 8.71893764e-01, 3.21997446e-04
-2.57045507e+00, 1.42711356e-01, 1.04087400e+00, 1.79311246e-05
-2.43746400e+00, 2.04740211e-01, 8.94808590e-01, 4.30704327e-04
-2.37165689e+00, 8.12168121e-02, 1.55939293e+00, 9.88789907e-07
-2.29306483e+00, 1.18038923e-01, 1.60129416e+00, 6.67629422e-07
-2.43833995e+00, 9.21649784e-02, 1.57033312e+00, 1.17712989e-06
-2.38794065e+00, 5.13311736e-02, 1.64305091e+00, 1.13179375e-07
-2.53296804e+00, 1.27911732e-01, 1.54833019e+00, 2.01921666e-05
-2.50581670e+00, 1.27587736e-01, 1.53195918e+00, 8.04246811e-04
-2.49976206e+00, 1.13342434e-01, 1.51922572e+00, 6.06893445e-04
-2.48989940e+00, 4.10647988e-02, 1.46840894e+00, 2.78399762e-06
-2.52639747e+00, 3.40955853e-02, 1.43318617e+00, 4.22110315e-06
-2.51452565e+00, 1.45644546e-01, 1.42254245e+00, 1.58444569e-01
-2.42060900e+00, 1.00436427e-01, 1.25827742e+00, 1.91903546e-05
-2.75437331e+00, 3.28882337e-01, 5.38986027e-01, 1.17129297e-03
-2.58611798e+00, 4.13570434e-01, 1.29542083e-01, 2.11335276e-03
-3.02173495e+00, 3.01622570e-01, 2.15228820e+00, 1.20824141e-11
-2.61895347e+00, 9.63990316e-02, 1.53831172e+00, 6.75247307e-08
-2.60510230e+00, 1.03073753e-01, 1.55790949e+00, 9.78120909e-08
-2.63652849e+00, 1.03686184e-01, 1.53904593e+00, 5.23019956e-08
-2.61818504e+00, 5.80562428e-02, 1.56446576e+00, 1.45047006e-08
-2.66626906e+00, 5.75463474e-02, 1.48944211e+00, 1.32955709e-08
-2.65856624e+00, 8.30804631e-02, 1.50673735e+00, 2.35473614e-08
-2.90447783e+00, 1.14370875e-01, 1.50618160e+00, 2.45887999e-09
-2.82268739e+00, 9.01278779e-02, 1.53436708e+00, 3.40844508e-09
-2.56013298e+00, 1.76941544e-01, 1.44441962e+00, 1.80733070e-01
-2.54306579e+00, 1.67952687e-01, 1.45368707e+00, 1.96124285e-01
-2.54064536e+00, 1.92882910e-01, 1.47533274e+00, 1.85378432e-01
-2.51546073e+00, 1.72432035e-01, 1.53151011e+00, 9.10759997e-03
-2.51833892e+00, 1.73979163e-01, 1.51492834e+00, 8.69751871e-02
-2.51741648e+00, 1.45081699e-01, 1.52529740e+00, 2.35539787e-02
-2.55814505e+00, 1.63457140e-01, 1.40777040e+00, 7.28499219e-02
-2.53729200e+00, 1.81473702e-01, 1.49110317e+00, 1.79671064e-01
-2.49253011e+00, 1.43783271e-01, 1.50021863e+00, 8.40311274e-02
-2.51351166e+00, 1.57729477e-01, 1.47629714e+00, 1.94152698e-01
-2.49027371e+00, 1.37550548e-01, 1.47368920e+00, 1.42702222e-01
-2.48613715e+00, 1.16417341e-01, 1.49589169e+00, 1.25256935e-02
-2.50397587e+00, 1.36156678e-01, 1.50861001e+00, 6.59004524e-02
-2.49277830e+00, 1.09971441e-01, 1.47745645e+00, 4.42889445e-02
-2.51106977e+00, 1.08066931e-01, 1.41471231e+00, 1.47979520e-02
-2.53295255e+00, 9.73757729e-02, 1.39700103e+00, 3.19677027e-04
-2.52867150e+00, 1.22191831e-01, 1.40197420e+00, 1.60804410e-02
-2.59558940e+00, 6.58400059e-02, 1.64449799e+00, 1.48777772e-08
-2.54401612e+00, 7.10145086e-02, 1.69929528e+00, 1.77730026e-08
-2.58724093e+00, 4.61061783e-02, 1.59720075e+00, 1.58373386e-08
-1.78151691e+00, 3.20136815e-01, 1.44042552e+00, 1.47571191e-04
-1.83105421e+00, 2.38862351e-01, 1.78724301e+00, 2.24223822e-06
-2.12890315e+00, 1.47254050e-01, 1.63967800e+00, 7.67395591e-07
-2.51781416e+00, 1.55879557e-01, 1.45276999e+00, 1.95170760e-01
-2.52751160e+00, 1.67670965e-01, 1.46506846e+00, 1.96291998e-01
-2.50200796e+00, 1.48366541e-01, 1.44254732e+00, 1.82629541e-01
-2.52267170e+00, 1.71229780e-01, 1.43922877e+00, 1.94059789e-01
-2.09207201e+00, 1.71735331e-01, 1.57654428e+00, 2.69220823e-06
-2.23956728e+00, 1.55899033e-01, 1.63462520e+00, 4.76366921e-07
-2.10515833e+00, 2.16837168e-01, 1.69376802e+00, 1.16634567e-06
-1.93748462e+00, 3.81901860e-01, 1.83909893e+00, 3.10226824e-06
-1.75297308e+00, 3.53277296e-01, 1.64002788e+00, 7.01497702e-05
-1.67040491e+00, 3.98171097e-01, 1.28042829e+00, 2.53701292e-04
-1.93935311e+00, 3.89946491e-01, 1.42978680e+00, 7.04992854e-04
-2.57046127e+00, 6.17047958e-02, 1.58920979e+00, 3.21304583e-08
-2.58837485e+00, 6.94077238e-02, 1.61377072e+00, 2.35742590e-08
-2.60985184e+00, 5.53435087e-02, 1.58980608e+00, 1.38819125e-08
-2.50048900e+00, 8.16513747e-02, 1.71244204e+00, 2.71623186e-08
-2.56513882e+00, 8.80442038e-02, 1.73584902e+00, 1.20157475e-08
-2.59073186e+00, 7.06230700e-02, 1.69029355e+00, 1.16375478e-08
-2.61054778e+00, 4.00164723e-02, 1.64594960e+00, 8.50557136e-09
-2.56517220e+00, 8.67334157e-02, 1.64552963e+00, 3.28926326e-08
-2.54513884e+00, 1.27347410e-01, 1.39222908e+00, 6.05734251e-03
-2.51796222e+00, 1.08388230e-01, 1.39296448e+00, 1.70714036e-03
-2.52327132e+00, 1.40263051e-01, 1.40384150e+00, 7.35846534e-02
-2.53732991e+00, 8.00710097e-02, 1.40686011e+00, -3.11240638e-06
-2.53069472e+00, 9.51609462e-02, 1.37713110e+00, 8.32083970e-05
-2.54817462e+00, 9.88153517e-02, 1.39516294e+00, 9.62104241e-05
-2.50915790e+00, 1.22705951e-01, 1.42482615e+00, 9.39325094e-02
-2.46822286e+00, 8.35317001e-02, 1.41273189e+00, 1.96774388e-04
-2.49433255e+00, 1.03619732e-01, 1.43048835e+00, 1.41333668e-02
-2.48318863e+00, 1.10642776e-01, 1.46022701e+00, 1.94526035e-02
-2.48164558e+00, 1.21778071e-01, 1.47735655e+00, 4.43095975e-02
-2.48790765e+00, 1.47349700e-01, 1.51394665e+00, 1.61547158e-02
-2.47761440e+00, 9.80652347e-02, 1.49902225e+00, 5.64917980e-04
-2.48508525e+00, 1.32481411e-01, 1.49081016e+00, 6.38901815e-02
-2.49251056e+00, 1.25676990e-01, 1.46240556e+00, 1.19821735e-01
-2.50691199e+00, 1.44021109e-01, 1.47234082e+00, 1.90791324e-01
-2.48693323e+00, 1.54964030e-01, 1.48045444e+00, 1.49310946e-01
-2.54756260e+00, 1.95220560e-01, 1.49058223e+00, 1.37048781e-01
-2.52319169e+00, 1.90620795e-01, 1.48738825e+00, 1.77231416e-01
-2.55181074e+00, 1.43160254e-01, 1.40502882e+00, 5.58362268e-02
-2.56167412e+00, 1.88452631e-01, 1.42931986e+00, 1.23106956e-01
-2.57400632e+00, 1.73570201e-01, 1.40660214e+00, 2.05801073e-02
-2.50789237e+00, 1.41240284e-01, 1.54001546e+00, 7.67704332e-04
-2.50366402e+00, 1.55232191e-01, 1.52823985e+00, 7.85452127e-03
-2.52340531e+00, 1.75031722e-01, 1.49799526e+00, 1.74999177e-01
-2.52669215e+00, 1.86011225e-01, 1.52361012e+00, 2.61735450e-02
-2.52798891e+00, 1.68834448e-01, 1.54391372e+00, 1.02117588e-03
-2.55730009e+00, 1.91947326e-01, 1.47655058e+00, 1.64435714e-01
-2.54711199e+00, 1.65218726e-01, 1.43816936e+00, 1.92142919e-01
-2.57424188e+00, 1.89635873e-01, 1.44988906e+00, 1.05367385e-01
-2.56094885e+00, 1.61326259e-01, 1.44801331e+00, 1.95126772e-01
-2.77736712e+00, 7.65091777e-02, 1.55192864e+00, 4.02418010e-09
-2.87210560e+00, 1.12339020e-01, 1.55684078e+00, 2.19024487e-09
-2.84322667e+00, 1.36119023e-01, 1.49645495e+00, 5.60056135e-09
-2.67423558e+00, 8.41825455e-02, 1.50309777e+00, 2.02742463e-08
-2.67286921e+00, 5.43179661e-02, 1.50367808e+00, 1.05894200e-08
-2.67814302e+00, 6.85209706e-02, 1.47882473e+00, 1.65711356e-08
-2.63308740e+00, 6.24954477e-02, 1.57284391e+00, 1.26015864e-08
-2.65127873e+00, 1.06485456e-01, 1.52581120e+00, 4.80562719e-08
-2.61945009e+00, 1.15265615e-01, 1.54964125e+00, 1.19890089e-07
-2.65021563e+00, 9.19369981e-02, 1.55302286e+00, 2.21650982e-08
-2.63223767e+00, 1.20592237e-01, 1.52874994e+00, 1.40115631e-07
-2.59127998e+00, 1.10594891e-01, 1.56193995e+00, 2.12306063e-07
-2.60936522e+00, 8.81882533e-02, 1.56796181e+00, 4.12574330e-08
-2.86351180e+00, 4.03928727e-01, 2.15143824e+00, 6.89450719e-11
-3.10275984e+00, 4.45529550e-01, 2.03830862e+00, 2.76113438e-11
-2.74792933e+00, 6.04725182e-01, -4.15591300e-02, 3.13092116e-03
-2.59221506e+00, 4.39111620e-01, 5.41393816e-01, 2.87940539e-03
-2.37322593e+00, 9.78597999e-02, 1.22738123e+00, 2.37254935e-05
-2.49999142e+00, 1.25778839e-01, 1.25500906e+00, 7.26267263e-06
-2.38634419e+00, 1.37682125e-01, 1.33867216e+00, 1.20999536e-03
-2.53121710e+00, 5.26361205e-02, 1.42686331e+00, 1.16369602e-05
-2.50593662e+00, 9.99678969e-02, 1.52026963e+00, -2.35380256e-04
-2.49014139e+00, 1.15819789e-01, 1.53082609e+00, 1.90176448e-04
-2.50661778e+00, 1.18183419e-01, 1.54614866e+00, 2.81655630e-05
-2.53508854e+00, 1.46505579e-01, 1.54698944e+00, 1.08653679e-04
-2.55006981e+00, 1.36043742e-01, 1.55217516e+00, 1.16881283e-05
-2.53543520e+00, 1.16499193e-01, 1.56381726e+00, 2.23874258e-06
-2.46447492e+00, 7.98579380e-02, 1.54835200e+00, 4.88076978e-07
-2.46293092e+00, 8.56689066e-02, 1.58532596e+00, 5.10164341e-07
-2.40676832e+00, 1.04564078e-01, 1.56234884e+00, 2.40304712e-06
-2.43566346e+00, 9.95172486e-02, 1.60829294e+00, 4.70505455e-07
-2.33584285e+00, 1.44514248e-01, 1.65458679e+00, 4.32152547e-07
-2.25928783e+00, 1.21786706e-01, 1.53834844e+00, 2.50892003e-06
-2.34908247e+00, 9.64085609e-02, 1.51548612e+00, 4.35314951e-06
-2.45610881e+00, 3.61516893e-01, 8.65904689e-01, 2.23141536e-03
-2.43459487e+00, 1.97086781e-01, 1.00225663e+00, 2.43742703e-04
-2.61392069e+00, 3.05878341e-01, 7.97027588e-01, 8.39040789e-04
-2.87046576e+00, 4.09710914e-01, 9.03093517e-01, 6.92520553e-05
-2.95749402e+00, 4.86285597e-01, 7.43005991e-01, 2.36014632e-04
-3.39614463e+00, 7.53075421e-01, 3.80829096e-01, 7.01031386e-05
-2.82770276e+00, 1.12830245e+00, -3.20416600e-01, 3.67965340e-03
-1.92393768e+00, 2.02705637e-01, 1.05693996e+00, 1.18200136e-04
-1.81760108e+00, 3.57832879e-01, 8.13262582e-01, 5.86259994e-04
-2.13414502e+00, 4.09572005e-01, 7.83931494e-01, 5.57617377e-03
-2.24328661e+00, 3.10399532e-01, 6.87826395e-01, 1.31772354e-03
-2.24164677e+00, 3.00751626e-01, 1.10147858e+00, 5.56915440e-03
-3.14725256e+00, 4.27936792e-01, 9.74639833e-01, 2.11649945e-06
-3.68273425e+00, 7.22576439e-01, 1.01997650e+00, 1.26984725e-08
-3.83739901e+00, 8.96554291e-01, 5.22042096e-01, 3.27885033e-07
-3.49707699e+00, 4.13639218e-01, 1.87763429e+00, 9.24570858e-13
-3.54692364e+00, 1.97583115e+00, 1.01797640e+00, 1.20008892e-08
-3.89222145e+00, 2.33964777e+00, 1.34404492e+00, 1.50947380e-10
-2.18146324e+00, 2.42989659e+00, 8.89713287e-01, 6.31632633e-04
-3.06915379e+00, 2.36998701e+00, 1.52802694e+00, 1.39832013e-08
-2.57905626e+00, 2.15821075e+00, 1.60518193e+00, 1.01327089e-06
-2.63904667e+00, 2.00344205e+00, 2.68834591e+00, -1.11818010e-09
-2.10539746e+00, 1.86385930e+00, 2.81125402e+00, 6.86123292e-09
-2.85180926e+00, 2.66918349e+00, 2.68935752e+00, 1.57366689e-10
-3.01417446e+00, 1.95489609e+00, 2.22246265e+00, 7.55156326e-10
-2.29408264e+00, 4.24131989e-01, 2.18947983e+00, 1.01136743e-09
-2.42785668e+00, 3.16499174e-01, 2.02315736e+00, 2.21268559e-09
-2.37109137e+00, 2.23969519e-01, 1.82799578e+00, 4.79900315e-08
-2.22762609e+00, 2.99243212e-01, 1.90628314e+00, 6.02760437e-08
-2.07058001e+00, 4.53024805e-01, 2.52966762e+00, 1.53895369e-10
-1.83908093e+00, 6.32613599e-01, 2.34249258e+00, 9.70837633e-08
-1.07306826e+00, 3.70617568e-01, 1.62998509e+00, 2.07094672e-06
-1.33456862e+00, 6.32543743e-01, 1.50572670e+00, 7.92480641e-05
-1.63907743e+00, 5.03521979e-01, 2.43382287e+00, 3.78818932e-08
-1.45995140e+00, 6.55918479e-01, 1.98966622e+00, 3.20499275e-05
-2.66823387e+00, 6.23730756e-02, 1.34678710e+00, 6.79775027e-08
-2.63164401e+00, 8.24390575e-02, 1.35345805e+00, 2.00700384e-07
-2.63840151e+00, 5.21716885e-02, 1.37648714e+00, 5.88125530e-08
-2.58391905e+00, 5.47843054e-02, 1.33078110e+00, 2.90759459e-07
-2.55936265e+00, 6.86734989e-02, 1.36254120e+00, 1.65731115e-06
-2.63545179e+00, 8.04156512e-02, 1.42019951e+00, 6.54754189e-08
-2.59182072e+00, 6.50714114e-02, 1.41913056e+00, 1.23621575e-07
-2.59208703e+00, 8.11419711e-02, 1.41631866e+00, 5.67471261e-07
-2.61402893e+00, 5.85310608e-02, 1.40750420e+00, 6.60642954e-08
-2.62829733e+00, 3.87480035e-02, 1.40611947e+00, 3.25893055e-08
-2.65889835e+00, 6.96908012e-02, 1.43830013e+00, 2.83581105e-08
-2.65236616e+00, 5.00451140e-02, 1.43438673e+00, 2.00681267e-08
-2.64584708e+00, 7.40565360e-02, 1.56228888e+00, 1.43105403e-08
-2.66358900e+00, 5.78927658e-02, 1.54722095e+00, 9.34449940e-09
-2.69434381e+00, 7.85761103e-02, 1.58068550e+00, 8.02918620e-09
-2.67972565e+00, 2.95568146e-02, 1.54589653e+00, 5.85993076e-09
-2.62389326e+00, 7.61166662e-02, 1.55825102e+00, 2.17821796e-08
-2.64836717e+00, 4.14917395e-02, 1.55322754e+00, 8.35826341e-09
-2.51946139e+00, 5.40331118e-02, 1.47381341e+00, 2.88058072e-06
-2.50133491e+00, 5.99500947e-02, 1.45620620e+00, 2.13165386e-05
-2.49851084e+00, 5.30554093e-02, 1.49318993e+00, -2.83313710e-07
-2.67051673e+00, 3.60104516e-02, 1.44703841e+00, 1.23618920e-08
-2.65370703e+00, 4.27653529e-02, 1.40560007e+00, 2.58755843e-08
-2.66802764e+00, 1.03967085e-01, 1.49681461e+00, 4.61388723e-08
-2.65813899e+00, 1.23723559e-01, 1.46427500e+00, 2.01994780e-07
-2.65949726e+00, 1.18764304e-01, 1.48038745e+00, 1.30313182e-07
-2.65606594e+00, 9.49011296e-02, 1.45388603e+00, 6.82342929e-08
-1.77143908e+00, 1.67003071e+00, -1.00483763e+00, 1.31190231e-03
-1.67774594e+00, 1.80899191e+00, -1.69461977e+00, 8.44961978e-05
-2.60753012e+00, 1.47937989e+00, -1.87000632e+00, 1.60395266e-05
-2.49817657e+00, 4.98383567e-02, 1.52045608e+00, -1.14037988e-07
-2.50916290e+00, 5.01689501e-02, 1.53835881e+00, 2.62579753e-08
-2.49924707e+00, 8.00820887e-02, 1.53357041e+00, -2.02904471e-06
-2.70262814e+00, 5.11798933e-02, 1.39337432e+00, 2.36888820e-08
-2.77039552e+00, 8.35919753e-02, 1.41179037e+00, 1.46427004e-08
-2.74448419e+00, 3.20133865e-02, 1.38762784e+00, 2.02324841e-08
-2.73004937e+00, 5.91535717e-02, 1.44553411e+00, 1.10976144e-08
-2.71654940e+00, 1.54292509e-01, 1.23305130e+00, 3.73225191e-07
-2.80141759e+00, 1.34513050e-01, 1.26058829e+00, 1.23416967e-07
3.34929919e+00, 1.40557420e+00, -1.25690091e+00, 7.98111244e-10
3.51952147e+00, 2.04405332e+00, 7.55933702e-01, 1.28418829e-11
-2.56060910e+00, 4.17665020e-02, 1.56289864e+00, 2.56848462e-08
-2.55643654e+00, 6.98106065e-02, 1.56778920e+00, 7.35582759e-08
-2.54165769e+00, 5.54601997e-02, 1.56757736e+00, 5.05621784e-08
-2.55499125e+00, 7.99777880e-02, 1.55760205e+00, 1.39447778e-07
-2.52953267e+00, 7.92755708e-02, 1.56426668e+00, 1.64750077e-07
-2.52595735e+00, 7.17673004e-02, 1.54757631e+00, 7.03817875e-08
-2.68508387e+00, 3.25486772e-02, 1.40448010e+00, 1.91421510e-08
7.65056014e-01, 1.10470605e+00, -1.84207296e+00, 3.01448608e-07
-5.08518457e-01, 1.76428878e+00, -9.54619288e-01, 9.28250884e-05
-1.28652215e-01, 9.28219497e-01, -8.91243577e-01, 2.57455231e-05
3.16875815e-01, 1.72655773e+00, -4.83955920e-01, 2.39831861e-05
-2.59586811e+00, 1.84381396e-01, 1.42721581e+00, 6.00169506e-03
-2.62707901e+00, 1.53760135e-01, 1.44251287e+00, 9.17805573e-06
-2.63242555e+00, 1.29838049e-01, 1.43070853e+00, 5.34142544e-07
-2.60604620e+00, 1.75301671e-01, 1.43720651e+00, 1.23632257e-03
-2.60319495e+00, 1.47347346e-01, 1.41262877e+00, 3.58843157e-04
-2.83205962e+00, 2.15257883e+00, 1.94146723e-01, 2.14190572e-04
-3.42898035e+00, 1.97055531e+00, 5.31613469e-01, 3.14131739e-07
-3.94371796e+00, 1.67162693e+00, -1.78453159e+00, 4.24487734e-09
-3.19549227e+00, 2.17872238e+00, -7.25844681e-01, 3.40228939e-06
-3.85791636e+00, 1.81747794e+00, -4.75730747e-01, 3.54429545e-07
-2.65180063e+00, 1.09343335e-01, 1.49618113e+00, 8.85172255e-08
-2.65088010e+00, 1.43549860e-01, 1.48160458e+00, 6.15512363e-07
-2.63600564e+00, 1.51920229e-01, 1.47657144e+00, 2.61032164e-06
-2.62076926e+00, 1.30011246e-01, 1.52044010e+00, 4.37578905e-07
-1.22869968e+00, 1.55407917e+00, -1.14314795e+00, 5.82957698e-04
-1.18562996e+00, 1.32277477e+00, -4.59173918e-01, 6.47425244e-04
-1.84700221e-01, 1.50565398e+00, -1.29318312e-01, 1.18990458e-04
-5.29379606e-01, 9.01498258e-01, 2.88494438e-01, 3.42884668e-05
1.43315959e+00, 1.57708836e+00, -2.56092727e-01, 2.76712058e-07
6.66999519e-01, 2.38355398e+00, 5.11604607e-01, 1.25699319e-06
-2.68222570e+00, 2.02618852e-01, 1.03042829e+00, 1.73450007e-05
-2.64541173e+00, 2.08176613e-01, 1.12966788e+00, 3.14101067e-06
-2.71531034e+00, 7.58699030e-02, 1.34948397e+00, 5.14083318e-08
-2.59634066e+00, 1.11823335e-01, 1.30691838e+00, 7.95847143e-07
-2.61706400e+00, 1.76123381e-01, 1.50886154e+00, 1.26367459e-05
-2.35583758e+00, 1.07630193e-01, 1.45725846e+00, 3.61619823e-05
-2.29629850e+00, 1.55721977e-01, 1.40673852e+00, 7.27252162e-04
-2.50618863e+00, 1.12974107e-01, 1.43910003e+00, 7.69178346e-02
-2.48598862e+00, 7.74487108e-02, 1.45617306e+00, 1.85493016e-04
-2.50387096e+00, 8.11266080e-02, 1.42901826e+00, 6.05153677e-04
-2.51295829e+00, 6.74676299e-02, 1.46614516e+00, 4.04862221e-05
-2.48447585e+00, 8.11766982e-02, 1.47959912e+00, 1.53900270e-04
-2.82839584e+00, 1.27464741e-01, 1.34899032e+00, 2.96585370e-08
-2.92615318e+00, 2.20271185e-01, 1.36715198e+00, 1.56534039e-08
-2.63374496e+00, 9.78502035e-02, 1.76266730e+00, 5.33534550e-09
-2.63825607e+00, 9.11116302e-02, 1.67811406e+00, 9.85731674e-09
-2.71915603e+00, 9.88605544e-02, 1.69409776e+00, 4.12171453e-09
-2.67835069e+00, 1.84460774e-01, 1.78689754e+00, 6.38815356e-09
-2.64531469e+00, 1.77556202e-01, 1.86769080e+00, 3.46184481e-09
-2.74975967e+00, 2.50974387e-01, 1.88516867e+00, 2.00908490e-09
-5.95446944e-01, 1.89176297e+00, 1.66140985e+00, 1.26504761e-04
-2.77638614e-01, 1.63394332e+00, 2.07869077e+00, 1.58347302e-06
-2.00876653e-01, 9.56016541e-01, 2.09429598e+00, 2.10022492e-07
4.75774556e-01, 1.29951417e+00, 1.38253534e+00, 2.66071964e-08
1.83547127e+00, 1.84363210e+00, 6.78364635e-01, 6.80354750e-09
-1.05780989e-01, 7.99614012e-01, -1.04398295e-01, 1.63096411e-05
-2.80985534e-01, 7.90631831e-01, 8.51584017e-01, 9.12970904e-07
-4.59282112e+00, 1.32563245e+00, 2.16103125e+00, 3.44562860e-15
-3.73923373e+00, 9.88277674e-01, 2.52046347e+00, 3.12246939e-14
-2.14470935e+00, 1.77977040e-01, 1.13843215e+00, 3.56316130e-04
-2.44402957e+00, 2.05162674e-01, 1.11630988e+00, 1.19443852e-04
-2.60855126e+00, 1.54686511e-01, 1.21023631e+00, 9.36527442e-07
-3.81829524e+00, 1.54528201e+00, 2.59526777e+00, 1.02190710e-13
-3.71557975e+00, 5.63331783e-01, 2.36795926e+00, 9.54174314e-15
-2.46683264e+00, 7.73549229e-02, 1.61637199e+00, 1.65119488e-07
-2.49622512e+00, 2.51695722e-01, 1.92860699e+00, 6.79547574e-09
-2.51135731e+00, 1.69752702e-01, 1.77188575e+00, 2.95569293e-08
-2.54286695e+00, 1.53238013e-01, 1.84789956e+00, 7.64199903e-09
-3.37956309e+00, 4.17380750e-01, 1.36447263e+00, 3.87026899e-09
-3.38558388e+00, 4.88363951e-01, 1.60884142e+00, 1.07129340e-10
-2.94984365e+00, 2.51518160e-01, 1.22189999e+00, 1.84633862e-07
-3.22698474e+00, 3.61617267e-01, 1.37761486e+00, 6.36666764e-09
-3.00359702e+00, 2.49034792e-01, 1.57218790e+00, 1.26964150e-09
-3.10848713e+00, 3.04457605e-01, 1.55596483e+00, 6.81450951e-10
-2.85044003e+00, 1.85411200e-01, 1.16409028e+00, 6.13082648e-07
-3.11716938e+00, 3.62437814e-01, 1.15637314e+00, 2.40508456e-07
-2.39467859e+00, 1.68342590e-01, 1.74892557e+00, 8.64373106e-08
-1.97199118e+00, 2.41940215e-01, 1.94398320e+00, 1.19680791e-07
-2.28179622e+00, 1.95227697e-01, 1.80187714e+00, 9.59069197e-08
-2.82210350e+00, 1.23322204e-01, 1.69509220e+00, 1.82538595e-09
-2.90006018e+00, 2.15049386e-01, 1.80178881e+00, 6.84494628e-10
-2.93437791e+00, 2.30100706e-01, 1.95888746e+00, 1.43560150e-10
-3.10583186e+00, 2.10999161e-01, 1.74952376e+00, 7.93691918e-11
-2.98235941e+00, 1.73270956e-01, 1.78047693e+00, 2.41546866e-10
-1.98574439e-01, 2.26920533e+00, 1.44062424e+00, 1.51355471e-05
-1.09880805e+00, 2.33418155e+00, 1.56923807e+00, 1.30387128e-03
-2.68673277e+00, 2.64714718e-01, 2.16392612e+00, 8.69414471e-11
-2.78947425e+00, 3.70144188e-01, 2.32912731e+00, 1.34235531e-11
-3.10263681e+00, 5.18024564e-01, 2.44349027e+00, 1.28046889e-12
-3.50864005e+00, 4.24240977e-01, 2.29330993e+00, 4.23387759e-14
-4.04297543e+00, 2.62000608e+00, 1.77465308e+00, 5.48225744e-12
-3.20546126e+00, 2.56856370e+00, 2.32042074e+00, 4.19469320e-11
-3.54846668e+00, 1.87263238e+00, 2.55059600e+00, 2.97576612e-12
-1.39917827e+00, 5.96911430e-01, 2.36222172e+00, 3.00506912e-07
-1.47981393e+00, 9.30369914e-01, 2.62298512e+00, 9.73695151e-08
-2.24490595e+00, 1.01296879e-01, 1.48682415e+00, 3.77297442e-06
-2.18268037e+00, 2.28382051e-01, 1.41788089e+00, 4.40885633e-04
-2.00440526e+00, 3.07891190e-01, 1.39747894e+00, 3.90965579e-04
-1.40313351e+00, 1.54985499e+00, 2.88227963e+00, 3.94716970e-08
-2.07233477e+00, 1.01511455e+00, 2.75193310e+00, 1.33270339e-09
-2.70112753e+00, 1.33308017e+00, 2.76856494e+00, 6.24344673e-11
-8.73871028e-01, 1.03110802e+00, 2.32986593e+00, 4.74239596e-06
-3.04801393e+00, 2.07439542e-01, 1.50782549e+00, 1.42306666e-09
-2.94269896e+00, 1.62702784e-01, 1.70989037e+00, 6.03283978e-10
-2.60415840e+00, 1.72587216e-01, 1.53914642e+00, 1.55822988e-06
-2.58753300e+00, 1.53744742e-01, 1.55683684e+00, 1.74768445e-06
-2.57116008e+00, 1.62944868e-01, 1.54928958e+00, 1.92131683e-05
-3.14704871e+00, 7.26066113e-01, 2.69126034e+00, 3.93363619e-13
-3.84296441e+00, 5.74663281e-01, 2.95266819e+00, 8.48057195e-17
-3.01612401e+00, 4.71593857e-01, 2.64433074e+00, 3.91411811e-13
-2.69594526e+00, 4.83802736e-01, 2.78928947e+00, 7.07737037e-13
-2.40402722e+00, 1.36362803e+00, 3.21584034e+00, 8.46282940e-12
-2.39410281e+00, 1.30189985e-01, 1.68928826e+00, 1.57056860e-07
-2.28354526e+00, 1.28561512e-01, 1.72308517e+00, 1.26641112e-07
-2.43498683e+00, 7.85208762e-01, 2.67225981e+00, 6.14790857e-11
-4.46077728e+00, 1.67502570e+00, 1.05804908e+00, 1.31139214e-11
-4.63229895e+00, 1.14402533e+00, 1.65150559e+00, 2.36752485e-13
-2.60786057e+00, 1.44485906e-01, 1.53176677e+00, 1.49072991e-06
-2.62690091e+00, 1.58049464e-01, 1.46383774e+00, 1.36484450e-05
-2.61497283e+00, 1.93003073e-01, 1.47439694e+00, 1.18686112e-04
-2.59336257e+00, 2.00820893e-01, 1.46954107e+00, 6.89934380e-03
-2.58718610e+00, 1.91549018e-01, 1.47190619e+00, 4.13038097e-02
-2.57102823e+00, 2.05355853e-01, 1.51263511e+00, 2.41281255e-03
-2.55522799e+00, 1.80590540e-01, 1.52779949e+00, 3.42785427e-03
-2.60585999e+00, 1.32840887e-01, 1.54412043e+00, 6.04342119e-07
-2.76090503e+00, 1.23367876e-01, 1.61978197e+00, 5.71241499e-09
-3.99690413e+00, 7.10510910e-01, 1.01218551e-01, 7.00884698e-07
-2.53504848e+00, 4.77091894e-02, 1.58032882e+00, 4.19994386e-08
-2.03008938e+00, 9.25276995e-01, -1.21700212e-01, 3.98070272e-03
-2.38174558e+00, 7.10146487e-01, -2.07561404e-01, 3.32910568e-03
-1.34992588e+00, 7.08047748e-01, 6.14814579e-01, 1.70691754e-04
-2.40904713e+00, 7.09978938e-02, 1.39390671e+00, 5.24204806e-05
-2.43088794e+00, 9.60165188e-02, 1.32927060e+00, 8.82075619e-05
-2.55818915e+00, 1.09891303e-01, 1.29684806e+00, 2.33003902e-06
-2.56543422e+00, 1.10967383e-01, 1.55358636e+00, 1.04458331e-06
-2.52342701e+00, 9.10877511e-02, 1.54970503e+00, 4.94896199e-07
1.61412954e+00, 1.03054643e+00, -1.56657803e+00, 5.67826639e-08
-2.59457636e+00, 7.48334080e-02, 1.56888568e+00, 3.67131108e-08
-2.60700631e+00, 1.30538970e-01, 1.42275405e+00, 5.44251179e-06
-2.60732627e+00, 1.04386479e-01, 1.42167437e+00, -1.53667855e-07
-2.67989826e+00, 6.85942620e-02, 1.67695022e+00, 4.73039874e-09
-2.65960574e+00, 8.54488760e-02, 1.63179505e+00, 9.69895897e-09
-2.59094238e+00, 1.10288568e-01, 1.39505863e+00, 3.11061012e-05
-2.57292771e+00, 7.91289732e-02, 1.39860141e+00, -4.94068843e-07
-2.55508542e+00, 9.35247689e-02, 1.41035771e+00, -2.34865918e-04
3.20845485e+00, 1.68297696e+00, 2.54507637e+00, 1.57965871e-13
4.90221071e+00, 1.82035398e+00, 1.06654477e+00, 3.24683287e-13
-2.75300312e+00, 4.92882207e-02, 1.46784317e+00, 6.70678446e-09
-2.79260659e+00, 9.90199074e-02, 1.46141899e+00, 8.18622681e-09
-2.85220814e+00, 8.50614831e-02, 1.38830018e+00, 1.32786742e-08
-2.71250701e+00, 7.23872259e-02, 1.54207253e+00, 7.70276820e-09
-2.75014091e+00, 8.54328796e-02, 1.58529508e+00, 4.92564078e-09
2.36309752e-01, 1.81764817e+00, -2.96683192e+00, 6.74115164e-09
5.56391440e-02, 9.63323474e-01, -1.91741168e+00, 4.61183527e-06
-2.50676203e+00, 1.89343728e-02, 1.52478862e+00, 4.37585861e-08
-2.50883627e+00, 3.49336527e-02, 1.54704797e+00, 3.61971644e-08
-2.62746453e+00, 4.20799889e-02, 1.61548877e+00, 8.07645328e-09
-2.49802041e+00, 5.20906858e-02, 1.43565881e+00, 2.08687106e-05
-2.51281524e+00, 6.47542626e-02, 1.44612849e+00, 5.77242972e-05
-2.51853752e+00, 8.37130696e-02, 1.43102694e+00, 1.27219001e-03
-2.67493486e+00, 6.17357604e-02, 1.52349842e+00, 1.04696527e-08
-2.66134501e+00, 4.01579998e-02, 1.53706920e+00, 7.90021026e-09
-2.69513631e+00, 5.16667217e-02, 1.49945748e+00, 8.73726869e-09
-6.66438341e-01, 2.42706633e+00, -2.20229459e+00, 4.73977224e-07
5.02077961e+00, 1.19207323e+00, 2.72009462e-01, 1.05387032e-12
-2.55709505e+00, 7.56616592e-02, 1.40578520e+00, -6.21741674e-06
-2.56870127e+00, 5.71057796e-02, 1.40611577e+00, -1.64706702e-08
-2.56906486e+00, 4.62118909e-02, 1.42464900e+00, 3.94914849e-07
-2.55277967e+00, 4.59040515e-02, 1.41847384e+00, 8.61045237e-07
2.68470454e+00, 1.90344322e+00, -3.08996725e+00, 9.81928731e-13
3.93398046e+00, 1.00278366e+00, -2.90997481e+00, 1.59234957e-13
-1.92207921e+00, 2.55872345e+00, 2.42474699e+00, 2.32590139e-07
-2.42821455e+00, 5.37080526e-01, 2.48635650e+00, 8.24120563e-11
-3.21024752e+00, 1.24718726e+00, 2.75087929e+00, 1.62010184e-12
-1.71194124e+00, 1.95899451e+00, 9.24696088e-01, 9.55915730e-03
-2.06276989e+00, 1.95748293e+00, 1.84048462e+00, 1.72329364e-05
-2.03795338e+00, 1.88586056e+00, -2.03840047e-01, 4.84856078e-03
-1.24566829e+00, 1.77611589e+00, -5.09263687e-02, 2.01986590e-03
-2.52189302e+00, 2.30608010e+00, -2.23603964e-01, 6.21681334e-04
-1.80771828e+00, 1.89990199e+00, 2.54959762e-01, 8.28745589e-03
-7.21481681e-01, 1.86283624e+00, 7.80487359e-01, 1.57253075e-04
-9.86908555e-01, 5.28045237e-01, 5.84998846e-01, 4.38118286e-06
-6.51318431e-02, 3.80796254e-01, 1.10673428e+00, 2.89464097e-08
-6.38476968e-01, 1.02791691e+00, 1.47719789e+00, 1.52432960e-06
-1.26278687e+00, 6.53116882e-01, 1.09350491e+00, 2.46464788e-05
-4.32008314e+00, 1.71268117e+00, 1.71707320e+00, 3.71537761e-13
-3.79662442e+00, 6.81604624e-01, 1.77851164e+00, 1.20401052e-12
-3.96211767e+00, 7.58581579e-01, 1.60040963e+00, 4.57056051e-12
-1.65498543e+00, 8.32919419e-01, 3.74988139e-01, 3.86425992e-03
-2.20304847e+00, 6.23643160e-01, 4.13279444e-01, 8.92040413e-03
-1.89336371e+00, 6.31166697e-01, 6.15611792e-01, 1.04459915e-02
-2.44109297e+00, 3.45072538e-01, 4.72844571e-01, 1.99846993e-03
-2.50995040e+00, 1.18856537e+00, -7.25510597e-01, 3.87141225e-03
-4.39444733e+00, 1.62212551e+00, 1.05932750e-01, 2.08015627e-09
-2.83423233e+00, 1.34987426e+00, -1.19213700e+00, 3.69885762e-04
-3.22502732e+00, 1.26853395e+00, -7.17540801e-01, 2.97018036e-04
-3.41574669e+00, 1.40455532e+00, -2.57699442e+00, -1.68804179e-10
-2.80229306e+00, 8.76727939e-01, -1.50744355e+00, 7.20763564e-05
-2.43840575e+00, 9.24387574e-02, 1.53097355e+00, 7.85279826e-06
-2.47111392e+00, 7.07815066e-02, 1.50112033e+00, 1.06122470e-05
-2.43316507e+00, 8.84457156e-02, 1.45347440e+00, 1.47537532e-04
-2.50566006e+00, 9.09960866e-02, 1.34953570e+00, 3.57365134e-05
-2.41999054e+00, 2.34584436e-02, 1.34172320e+00, 6.55665326e-06
-2.47191286e+00, 9.09569338e-02, 1.27250659e+00, 5.87030627e-06
-2.53409314e+00, 5.73745817e-02, 1.40849793e+00, 8.25119423e-06
-2.50978804e+00, 6.89159110e-02, 1.40320706e+00, 6.27638801e-05
-2.49486136e+00, 4.60192263e-02, 1.40507078e+00, 1.57191953e-05
-2.59536600e+00, 5.68285622e-02, 1.40481651e+00, 8.41244159e-08
-1.56305981e+00, 2.36284852e+00, -2.23725986e+00, 5.97874589e-07
-2.54498768e+00, 1.35996006e-02, 1.57936978e+00, 1.83223996e-08
-2.60550809e+00, 7.43829012e-02, 1.40203571e+00, 2.18408857e-07
-2.59659529e+00, 6.26362711e-02, 1.38313818e+00, 2.35868839e-07
-2.49096704e+00, 6.96842298e-02, 1.41574991e+00, 9.68411696e-05
-2.51721191e+00, 8.93342346e-02, 1.39981866e+00, 2.70026532e-04
-2.51997256e+00, 7.38068372e-02, 1.41670632e+00, 1.32983841e-04
-2.51195741e+00, 1.15935288e-01, 1.29451132e+00, 9.53633480e-06
-2.43318844e+00, 8.51499289e-02, 1.29832780e+00, 1.95900411e-05
-2.50092292e+00, 9.46089104e-02, 1.38042903e+00, 2.28079647e-04
-2.52813458e+00, 1.12238437e-01, 1.34888268e+00, 7.27618244e-05
-2.46838856e+00, 1.04680888e-01, 1.34206402e+00, 1.29312059e-04
-2.44496274e+00, 1.01110488e-01, 1.48210347e+00, 2.74728838e-04
-2.40650463e+00, 1.09144039e-01, 1.41446412e+00, 7.77732581e-04
-2.47222114e+00, 1.27300993e-01, 1.46042085e+00, 4.84105423e-02
-2.44019961e+00, 8.03483650e-02, 1.42941880e+00, 1.21403194e-04
-2.41693401e+00, 8.42567608e-02, 1.47670996e+00, 3.60548802e-05
-2.45387530e+00, 8.74563903e-02, 1.45482767e+00, 2.15437409e-04
-2.47979641e+00, 6.82554990e-02, 1.52231908e+00, -8.34047057e-07
-2.46441245e+00, 7.87057504e-02, 1.48095548e+00, 6.80870362e-05
-2.48938012e+00, 7.60362968e-02, 1.50229359e+00, -5.18415891e-06
-2.46721411e+00, 8.43302608e-02, 1.51828182e+00, 1.01088208e-05
-2.39959240e+00, 9.67342332e-02, 1.53310823e+00, 5.46572846e-06
-2.43397188e+00, 1.22212425e-01, 1.54917061e+00, 1.02886279e-05
-3.80719614e+00, 1.90610504e+00, -2.51972961e+00, 9.59918811e-11
-3.30211973e+00, 1.74418783e+00, -1.75564015e+00, 2.76388647e-07
-2.82440686e+00, 1.74803829e+00, -7.61891782e-01, 6.52260613e-04
-3.28027010e+00, 1.63306832e+00, -1.88861609e-01, 1.18339776e-04
-3.12662792e+00, 1.23007715e+00, -5.17078005e-02, 5.43712289e-04
-2.26632738e+00, 1.62327731e+00, -1.14462149e+00, 9.71760717e-04
-3.92882228e+00, 1.30341423e+00, 4.62024659e-03, 4.03703098e-07
-2.04785633e+00, 1.29955339e+00, -5.20535886e-01, 3.79438419e-03
-1.65293097e+00, 6.08604133e-01, 7.81471789e-01, 2.11635861e-03
-1.90059590e+00, 9.62464631e-01, 5.56154490e-01, 2.27081422e-02
-2.16250610e+00, 6.08061373e-01, 7.26837695e-01, 1.44265527e-02
-2.37010694e+00, 5.76528668e-01, 5.83956182e-01, 6.52653864e-03
-2.41586232e+00, 7.80556917e-01, 3.09791565e-01, 5.95980044e-03
-1.26050830e+00, 1.19285607e+00, 8.47789571e-02, 4.20247292e-04
-1.64808905e+00, 1.02615440e+00, 2.15197951e-01, 5.09371981e-03
-4.19279861e+00, 1.27633214e+00, 1.56334293e+00, 5.15889024e-12
-3.77447653e+00, 6.92612171e-01, 1.36579347e+00, 2.11272166e-10
-4.04081059e+00, 9.51375723e-01, 1.45173037e+00, 1.63684118e-11
-3.49595499e+00, 6.65016592e-01, 2.18120551e+00, 2.91988818e-13
-3.81201458e+00, 8.25786114e-01, 2.15537930e+00, 8.04829700e-14
-4.14585733e+00, 1.99879265e+00, 1.44276154e+00, -2.28210142e-11
-4.42193747e+00, 1.86372697e+00, 2.18944383e+00, 1.61133669e-14
-4.78809881e+00, 1.56385541e+00, 1.40789890e+00, 2.49030668e-13
-1.13914979e+00, 8.52773190e-01, 1.45098245e+00, 5.09644087e-05
-1.13467538e+00, 9.03813243e-01, 7.92580426e-01, 5.72657809e-05
-4.82242942e-01, 1.25091183e+00, 1.76842380e+00, 3.32455465e-06
-8.54588985e-01, 9.10528362e-01, 1.71639955e+00, 1.57045652e-05
-6.43719137e-01, 1.17434049e+00, 8.80038917e-01, 8.58963631e-06
2.51210868e-01, 3.30884784e-01, 1.47205114e+00, 5.90965943e-09
-1.28009057e+00, 1.85447598e+00, 9.94781852e-01, 5.91652142e-03
-1.84912190e-01, 1.96058309e+00, 1.06940985e+00, 1.09883513e-05
-7.87955701e-01, 1.89657474e+00, 9.26364958e-02, 1.08991971e-03
-2.23453426e+00, 2.07303262e+00, 6.49286628e-01, 2.84286262e-03
-2.98198318e+00, 2.53840113e+00, -2.89000303e-01, 3.27055113e-06
-2.46141291e+00, 2.00952268e+00, 2.17876053e+00, 7.74728264e-08
-1.62344313e+00, 2.00728655e+00, 1.52227664e+00, 3.81225324e-03
-2.19502258e+00, 1.82746887e+00, 1.39833248e+00, 6.26366455e-05
-2.95352411e+00, 1.01175869e+00, 2.86824679e+00, 1.78842054e-12
-3.02293849e+00, 1.29840147e+00, 2.39786291e+00, 6.82784176e-11
-3.59317374e+00, 1.17600989e+00, 2.74641085e+00, 6.59662280e-14
-2.23173070e+00, 4.96915877e-01, 2.38851762e+00, 2.56647453e-10
-2.63857317e+00, 4.91660714e-01, 2.39150834e+00, 3.74519062e-11
-2.56573057e+00, 6.37839586e-02, 1.38635361e+00, 1.42388515e-07
4.98917770e+00, 1.84087217e+00, 3.72082949e-01, 6.98787491e-13
-2.70173025e+00, 6.03740104e-02, 1.48151231e+00, 1.06921201e-08
-2.72090530e+00, 6.94328398e-02, 1.50252235e+00, 8.77320794e-09
-2.69156790e+00, 5.83251417e-02, 1.51368642e+00, 9.13792420e-09
-2.67622900e+00, 4.52956855e-02, 1.53076696e+00, 7.72241382e-09
-2.68102026e+00, 6.79741427e-02, 1.54314327e+00, 9.62578017e-09
-2.67114329e+00, 7.93279707e-02, 1.52194095e+00, 1.56133897e-08
-2.49658108e+00, 7.08665177e-02, 1.44179547e+00, 1.18053649e-04
-2.62630081e+00, 7.30729252e-02, 1.63192821e+00, 1.18897647e-08
-2.49564552e+00, 3.56328413e-02, 1.53042293e+00, 4.78349307e-08
-2.78038883e+00, 1.13534793e-01, 1.57605922e+00, 5.24987431e-09
-2.71834064e+00, 9.80997756e-02, 1.60667622e+00, 7.02126490e-09
-2.71638513e+00, 8.88719559e-02, 1.56965113e+00, 7.94658916e-09
-2.80905008e+00, 9.46630985e-02, 1.39906633e+00, 1.45664147e-08
-2.67126298e+00, 1.34685382e-01, 1.48879850e+00, 1.32656794e-07
-2.79632688e+00, 1.13886110e-01, 1.51082408e+00, 6.58045618e-09
-2.80688477e+00, 1.49584830e-01, 1.44722235e+00, 1.27480586e-08
-2.73186660e+00, 5.93517795e-02, 1.47577798e+00, 8.44663273e-09
-2.56843567e+00, 9.77687314e-02, 1.39567506e+00, 1.06072548e-05
-2.60720134e+00, 1.26869351e-01, 1.40439975e+00, 1.87325404e-05
-2.57305622e+00, 1.19432785e-01, 1.39268494e+00, 4.82447853e-04
-2.67453599e+00, 1.15232237e-01, 1.65607393e+00, 1.04210480e-08
-2.66331697e+00, 7.89154395e-02, 1.59548748e+00, 1.03754108e-08
-2.60593891e+00, 7.46645778e-02, 1.58449543e+00, 2.44932838e-08
-2.58161545e+00, 8.28843266e-02, 1.57947993e+00, 5.87809410e-08
-2.51111674e+00, 7.74772614e-02, 1.55819094e+00, -2.67579718e-08
-2.55897522e+00, 1.22901008e-01, 1.56773388e+00, 1.20057359e-06
-2.57917547e+00, 1.02560975e-01, 1.55893552e+00, 2.75252063e-07
-2.56705594e+00, 9.63443592e-02, 1.33198345e+00, 2.45189881e-06
-2.57643652e+00, 1.50488749e-01, 1.30067396e+00, 4.34981848e-06
-2.54079914e+00, 1.14176869e-01, 1.26032698e+00, 1.67993176e-06
-2.44044852e+00, 9.96166766e-02, 1.38050389e+00, 3.60040518e-04
-2.55241537e+00, 5.27952053e-02, 1.57866406e+00, 3.70950843e-08
-2.53302789e+00, 6.80026561e-02, 1.58295548e+00, 8.00189071e-08
-2.82483077e+00, 1.48157686e-01, 1.60873890e+00, 3.87296994e-09
-2.72438669e+00, 1.06465921e-01, 1.64838350e+00, 5.65496761e-09
-2.77229452e+00, 1.40897036e-01, 1.66191602e+00, 4.58997373e-09
-2.62036300e+00, 1.34784281e-01, 1.53902674e+00, 3.50141676e-07
-2.60499120e+00, 1.24878027e-01, 1.55846298e+00, 2.43326468e-07
-2.60062790e+00, 1.46408737e-01, 1.54478359e+00, 1.24233225e-06
-2.53836441e+00, 1.82868674e-01, 1.53298199e+00, 3.75530031e-03
-2.55972934e+00, 1.76195681e-01, 1.54341733e+00, 1.77029884e-04
-2.53467941e+00, 2.08007738e-01, 1.48291624e+00, 1.41859174e-01
-2.58692145e+00, 2.01037005e-01, 1.52370191e+00, 1.09752567e-04
-2.56422043e+00, 2.06018716e-01, 1.49603391e+00, 3.19297500e-02
-2.58345675e+00, 2.07604051e-01, 1.49744880e+00, 2.38758768e-03
-2.58565617e+00, 1.97208747e-01, 1.48541057e+00, 1.23244813e-02
-2.57427502e+00, 1.97002470e-01, 1.46748090e+00, 8.63701850e-02
-2.58985806e+00, 1.96897745e-01, 1.45460701e+00, 1.85011234e-02
-2.60866380e+00, 2.05884770e-01, 1.46148753e+00, 4.36011498e-04
-2.62836075e+00, 1.83049962e-01, 1.48359740e+00, 1.49175567e-05
-2.61778736e+00, 1.90103143e-01, 1.49524879e+00, 3.60825979e-05
-2.61044621e+00, 1.75669372e-01, 1.46360588e+00, 4.47462226e-04
-2.61592317e+00, 1.67392075e-01, 1.45215786e+00, 1.34100410e-04
-2.64374471e+00, 1.55011460e-01, 1.45849824e+00, 2.17976617e-06
-2.61698174e+00, 1.55598640e-01, 1.53844225e+00, 8.19106219e-07
-5.00094271e+00, 1.21584332e+00, 1.74464452e+00, 2.67204908e-15
-4.27905464e+00, 1.10764825e+00, 1.96393394e+00, 7.80119581e-14
-3.97364783e+00, 1.44568408e+00, 8.03209901e-01, 4.05097200e-09
-2.70655513e+00, 6.38588905e-01, 2.57393551e+00, 1.75074937e-11
-2.16117597e+00, 7.47871459e-01, 2.84917188e+00, 1.84086427e-10
-2.29425359e+00, 2.11883277e-01, 1.71757591e+00, 3.65445032e-07
-2.44399095e+00, 1.27804905e-01, 1.66946805e+00, 1.71361194e-07
-2.27744961e+00, 1.34806681e+00, 2.82075000e+00, 4.07131107e-10
-2.88664913e+00, 5.50155103e-01, 2.42553115e+00, 1.11329184e-11
-3.62122154e+00, 7.72078454e-01, 2.67966104e+00, 6.68324496e-15
-2.57870388e+00, 1.70776233e-01, 1.56571829e+00, 2.17344291e-06
-2.57964897e+00, 1.37474433e-01, 1.56369579e+00, 1.24715234e-06
-2.61994290e+00, 1.72570646e-01, 1.52930903e+00, 1.84264115e-06
-2.99144554e+00, 2.51996279e-01, 1.72255969e+00, 5.66185487e-10
-2.86057234e+00, 2.04344779e-01, 1.70651209e+00, 2.12113505e-09
-3.01534104e+00, 3.13231438e-01, 1.49031043e+00, 2.94128011e-09
-2.97860265e+00, 2.46989742e-01, 1.45494938e+00, 4.84943286e-09
-1.24045265e+00, 8.92520368e-01, 2.21461487e+00, 1.04471574e-05
-7.42147863e-01, 1.42644906e+00, 2.23898911e+00, 9.97806728e-06
-2.75586438e+00, 1.63652861e+00, 2.87578964e+00, -6.94811830e-12
-1.86346543e+00, 8.26061487e-01, 2.73096919e+00, 4.08117362e-09
-1.80720687e+00, 1.17591715e+00, 2.47751260e+00, 1.73282544e-07
-1.19361937e+00, 1.77847409e+00, 2.48229098e+00, 4.39097994e-06
-1.04756892e+00, 1.55228698e+00, 2.90041089e+00, 6.16413729e-08
-1.80351877e+00, 1.59623885e+00, 2.54655766e+00, 1.63991757e-07
-2.11461902e+00, 3.11124951e-01, 1.33759129e+00, 3.41458875e-03
-1.97353733e+00, 3.66851747e-01, 1.27842653e+00, 1.84589229e-03
-2.16747165e+00, 2.49839708e-01, 1.51899707e+00, 5.80209526e-05
-2.22487378e+00, 1.97204217e-01, 1.34960139e+00, 9.20827675e-04
-2.25584102e+00, 1.87573791e-01, 1.41242445e+00, 5.61605615e-04
-2.28238153e+00, 1.52020693e-01, 1.48465765e+00, 4.38894531e-05
-2.20221043e+00, 8.82018730e-02, 1.53538024e+00, 1.13883902e-06
-1.68347168e+00, 7.18234360e-01, 2.47387862e+00, 8.50781774e-08
-1.60888791e+00, 5.79872191e-01, 2.20383286e+00, 1.27030182e-06
-3.94802737e+00, 2.01053667e+00, 2.42236757e+00, 1.86208972e-13
-3.42286658e+00, 1.72769439e+00, 2.01084042e+00, 4.68122728e-11
-3.74509764e+00, 3.07254148e+00, 1.57124627e+00, 8.95990157e-11
-3.04030871e+00, 5.35114527e-01, 2.23258042e+00, 1.42792618e-11
-2.58299065e+00, 3.65055442e-01, 2.10515809e+00, 4.57290816e-10
-2.74864888e+00, 3.79394233e-01, 2.07193875e+00, 4.15403739e-10
-3.12895083e+00, 3.12529355e-01, 1.67097759e+00, 1.66929484e-10
-2.92528915e+00, 3.58618975e-01, 2.00379157e+00, 1.81976739e-10
-2.84658408e+00, 2.83597589e-01, 1.89512968e+00, 8.22336921e-10
-2.79393172e+00, 2.31994793e-01, 1.79838705e+00, 2.49232968e-09
-2.30526757e+00, 2.67822176e-01, 1.86092734e+00, 5.34432125e-08
-2.20383763e+00, 2.55517900e-01, 1.80097532e+00, 2.45315448e-07
-1.99819672e+00, 3.89807880e-01, 1.96235132e+00, 2.35579449e-07
-2.46351075e+00, 1.79770425e-01, 1.73944354e+00, 7.32849585e-08
-3.27695251e+00, 4.67466444e-01, 1.19431508e+00, 6.57685746e-08
-3.15767765e+00, 3.75002503e-01, 1.28192818e+00, 2.86474844e-08
-3.05152297e+00, 2.99357653e-01, 1.26325798e+00, 6.24069614e-08
-3.02168345e+00, 4.93646443e-01, 1.05308521e+00, 1.60215632e-06
-2.87684298e+00, 2.88395673e-01, 1.11923611e+00, 1.38070448e-06
-2.78086758e+00, 1.93393737e-01, 1.23157704e+00, 2.77033706e-07
-3.21084380e+00, 3.63942862e-01, 1.54588091e+00, 3.00264119e-10
-3.27425385e+00, 4.25902903e-01, 1.84786105e+00, 7.61309852e-12
-3.51578712e+00, 5.74630201e-01, 1.43806159e+00, 4.44116882e-10
-2.56232214e+00, 2.18415931e-01, 1.89624071e+00, 6.08565021e-09
-2.57417178e+00, 1.87696040e-01, 1.80621922e+00, 1.28703146e-08
-2.52868104e+00, 1.25413910e-01, 1.71317852e+00, 3.34024968e-08
-2.53511119e+00, 1.12182483e-01, 1.76090956e+00, 1.54378785e-08
-2.42230964e+00, 2.66865253e-01, 1.88296998e+00, 1.83739566e-08
-2.55631113e+00, 2.88334608e-01, 2.02096200e+00, 1.54692126e-09
-2.49522543e+00, 8.29414651e-02, 1.60777605e+00, 1.46909031e-07
-4.05046082e+00, 5.78149974e-01, 2.34125018e+00, 1.09470538e-15
-3.60017776e+00, 3.38401288e-01, 2.65007424e+00, 9.35637464e-16
-2.63621950e+00, 1.44862309e-01, 1.25722146e+00, 4.31328232e-07
-2.54734826e+00, 1.44919395e-01, 1.20866942e+00, 1.66828715e-06
-2.37715077e+00, 2.68950939e-01, 1.07333457e+00, 1.34396425e-03
-2.50232768e+00, 2.58438557e-01, 1.05771673e+00, 1.82353469e-04
-2.37870884e+00, 2.14894131e-01, 1.18413877e+00, 6.86761050e-04
-2.20075464e+00, 2.48193577e-01, 1.19572961e+00, 2.54266034e-03
-4.52047586e+00, 1.35595429e+00, 2.64995313e+00, 1.60522220e-16
-4.79406444e-03, 1.27256370e+00, 9.60707128e-01, 6.51123969e-07
-7.50189543e-01, 7.84861982e-01, 6.16059303e-01, 8.43985890e-06
1.01941705e+00, 1.76282573e+00, 1.61901498e+00, 6.49930687e-09
-3.06325629e-02, 1.68034625e+00, 1.40393448e+00, 3.87054428e-07
-2.63338256e+00, 1.59485772e-01, 1.77796412e+00, 8.46418224e-09
-2.60182118e+00, 1.00273103e-01, 1.65956855e+00, 2.07778044e-08
-2.87918162e+00, 1.80867478e-01, 1.41834772e+00, 1.03520588e-08
-2.84601998e+00, 2.01041088e-01, 1.35661852e+00, 2.83659176e-08
-2.76662588e+00, 1.52890846e-01, 1.31380260e+00, 6.97808389e-08
-2.47455168e+00, 9.51838568e-02, 1.47423840e+00, 9.56156640e-04
-2.50365329e+00, 9.00067464e-02, 1.41820931e+00, 1.53587421e-03
-2.48342299e+00, 8.30417350e-02, 1.43298244e+00, 3.54087533e-04
-2.49753404e+00, 1.29504517e-01, 1.43778598e+00, 1.25855267e-01
-2.35476637e+00, 1.31065100e-01, 1.38607454e+00, 6.18202321e-04
-2.38327408e+00, 1.24851130e-01, 1.50301290e+00, 6.46927147e-05
-2.63050365e+00, 1.69140592e-01, 1.49781859e+00, 4.04386674e-06
-2.60595489e+00, 1.91143602e-01, 1.51548314e+00, 2.60761826e-05
-2.64077449e+00, 1.10764280e-01, 1.31705964e+00, 2.62526811e-07
-2.71775484e+00, 6.85735419e-02, 1.38251424e+00, 2.90442195e-08
-2.67356467e+00, 1.90343693e-01, 1.19572854e+00, 8.46054320e-07
-2.57174754e+00, 2.00166330e-01, 1.10567367e+00, 8.37759217e-06
-2.68690372e+00, 2.60474205e-01, 1.09754765e+00, 5.34363835e-06
-2.64121532e+00, 2.74627715e-01, 9.75769043e-01, 1.02422215e-04
9.58911896e-01, 2.30442953e+00, -2.74294764e-01, 6.76312766e-07
-2.65299463e+00, 1.41782716e-01, 1.50101280e+00, 2.90496757e-07
-2.66450810e+00, 1.14666767e-01, 1.51423299e+00, 5.43606298e-08
-4.30496120e+00, 1.38235891e+00, -3.18312407e-01, 2.05815525e-08
-3.62826872e+00, 1.84805167e+00, 1.16202295e-01, 9.72556677e-07
-3.14722037e+00, 1.69356489e+00, 7.67216861e-01, 2.26661746e-06
-2.72637534e+00, 1.90969515e+00, 5.17394960e-01, 1.34697329e-04
-2.59123230e+00, 1.59279197e-01, 1.41312158e+00, 3.47611727e-03
-2.59207892e+00, 1.37778491e-01, 1.40842891e+00, 4.98588197e-04
-2.61587977e+00, 1.58595577e-01, 1.41279817e+00, 6.31405273e-05
-2.61297321e+00, 1.62279308e-01, 1.43484235e+00, 1.62129189e-04
-2.63153148e+00, 1.11685328e-01, 1.42941821e+00, 4.48028885e-07
-2.65311599e+00, 1.17407560e-01, 1.44288540e+00, 1.97694007e-07
-2.67342186e+00, 4.64473553e-02, 1.42329919e+00, 1.82641635e-08
-2.52494717e+00, 5.76824509e-02, 1.55902374e+00, 5.83470978e-08
-2.54494643e+00, 9.08036530e-02, 1.56908858e+00, 2.39556670e-07
4.08033657e+00, 1.38148284e+00, -1.70971382e+00, 3.36072177e-11
-2.84468722e+00, 1.32035449e-01, 1.22131848e+00, 2.16026706e-07
-2.75702167e+00, 6.81953207e-02, 1.19127572e+00, 4.98286511e-07
-2.72169304e+00, 1.28685474e-01, 1.27540624e+00, 1.53072676e-07
-2.70282817e+00, 7.25800619e-02, 1.44167769e+00, 1.77857249e-08
-2.69247770e+00, 4.39919382e-02, 1.36269319e+00, 4.13522692e-08
-2.50070763e+00, 9.70343277e-02, 1.54691684e+00, -3.94123754e-06
-2.49130225e+00, 9.21221599e-02, 1.52113187e+00, -2.53055441e-05
-2.66622329e+00, 1.06308341e-01, 1.46908116e+00, 6.98393805e-08
-2.63796997e+00, 9.93955061e-02, 1.45663059e+00, 1.49420217e-07
-2.66840529e+00, 7.32442141e-02, 1.45748258e+00, 2.52773802e-08
-2.64616704e+00, 1.35442063e-01, 1.45899844e+00, 6.66100448e-07
-2.66805887e+00, 9.55901295e-02, 1.51743627e+00, 2.63286299e-08
-2.67742443e+00, 9.00579393e-02, 1.48404062e+00, 2.76155205e-08
-2.65148878e+00, 6.40451387e-02, 1.41912186e+00, 3.22017222e-08
-2.67328739e+00, 4.65569571e-02, 1.46124041e+00, 1.24294628e-08
-2.68920994e+00, 5.00126965e-02, 1.44267166e+00, 1.38341676e-08
-2.65541553e+00, 5.31545542e-02, 1.57430172e+00, 8.39418579e-09
-2.64975929e+00, 6.04911521e-02, 1.55743253e+00, 1.07296216e-08
-2.63748884e+00, 8.85444731e-02, 1.57168412e+00, 2.17596998e-08
-2.64927602e+00, 8.05522427e-02, 1.42946768e+00, 4.87849441e-08
-2.61238766e+00, 3.36470306e-02, 1.40805233e+00, 3.56693199e-08
-2.63467813e+00, 5.77406175e-02, 1.41732144e+00, 3.65959032e-08
-2.62461710e+00, 6.19296208e-02, 1.39460790e+00, 7.12508381e-08
-2.55745864e+00, 6.51816651e-02, 1.33832276e+00, 9.02263423e-07
-2.59263349e+00, 7.77033567e-02, 1.35215282e+00, 4.55139741e-07
-2.55065060e+00, 8.74528959e-02, 1.37340343e+00, 9.00370742e-06
-2.65717053e+00, 8.21585357e-02, 1.37372541e+00, 7.69605251e-08
-1.70636284e+00, 5.88627219e-01, 1.89650333e+00, 3.27860907e-05
-1.30387044e+00, 6.82434559e-01, 1.75570285e+00, 1.25793522e-04
-1.58304012e+00, 5.88869691e-01, 1.46734500e+00, 6.41050283e-04
-2.08781791e+00, 3.35198432e-01, 1.84731781e+00, 4.54520801e-07
-2.15932608e+00, 3.50594819e-01, 2.02832770e+00, 2.16474181e-08
-2.30050707e+00, 3.42312247e-01, 2.04248762e+00, 3.91044530e-09
-2.13835645e+00, 4.99044329e-01, 2.20044827e+00, 7.52058149e-09
-3.00578380e+00, 1.94502306e+00, 1.71927190e+00, 1.21898349e-08
-2.48220730e+00, 2.13256431e+00, 1.15537977e+00, 2.31770355e-05
-3.13257384e+00, 2.25767636e+00, 1.07049930e+00, 1.09369019e-07
-2.66371989e+00, 2.43784523e+00, 7.88135767e-01, 2.20904712e-05
-4.00760555e+00, 2.06759906e+00, 9.42334533e-01, 4.21607416e-10
-3.63836432e+00, 7.00874567e-01, 6.43528879e-01, 1.00283125e-06
-4.07060194e+00, 1.01013410e+00, 7.70496011e-01, 4.88361485e-09
-3.61544466e+00, 6.04422271e-01, 1.20996213e+00, 3.62472163e-09
-3.09123468e+00, 4.76527035e-01, 8.78026307e-01, 1.46233397e-05
-3.31924200e+00, 4.77052093e-01, 9.37316358e-01, 1.38303176e-06
-2.10350943e+00, 3.59712422e-01, 1.05723333e+00, 7.28738448e-03
-2.28601503e+00, 3.54684234e-01, 9.66565132e-01, 5.01847127e-03
-2.33673501e+00, 4.35605764e-01, 7.67186224e-01, 5.78042120e-03
-1.77531564e+00, 4.19175088e-01, 6.42573953e-01, 4.48673323e-04
-1.96563208e+00, 3.32276642e-01, 1.11528480e+00, 9.17406287e-04
-3.28108549e+00, 8.69761169e-01, 1.14298113e-01, 3.01899563e-04
-3.39632964e+00, 6.66101277e-01, 6.29897535e-01, 1.24757753e-05
-3.11369276e+00, 6.79374576e-01, 4.22414750e-01, 4.16426279e-04
-2.77549601e+00, 4.88996297e-01, 6.44929171e-01, 1.36436138e-03
-2.73441672e+00, 3.21209282e-01, 9.04455423e-01, 2.00204522e-04
-2.82236457e+00, 3.30611676e-01, 1.02342880e+00, 1.24755952e-05
-2.51514268e+00, 2.83034772e-01, 9.68732953e-01, 4.16925264e-04
-2.30118346e+00, 1.66281074e-01, 1.56914902e+00, 4.32467277e-06
-2.38323236e+00, 1.42056972e-01, 1.60620832e+00, 1.28815429e-06
-2.51590276e+00, 1.27470583e-01, 1.55994213e+00, 6.83671033e-06
-2.56287241e+00, 1.44647747e-01, 1.55774331e+00, 5.33397224e-06
-2.51809978e+00, 1.46169409e-01, 1.55441093e+00, 8.32781152e-05
-2.49315190e+00, 1.31484821e-01, 1.54781878e+00, 7.98243636e-05
-2.47314429e+00, 1.26069248e-01, 1.50537562e+00, 4.59236931e-03
-2.48753023e+00, 1.37964621e-01, 1.52927995e+00, 1.10426871e-03
-2.51864433e+00, 9.93567556e-02, 1.52106822e+00, -2.66900461e-05
-2.48787522e+00, 1.40787065e-01, 1.21540892e+00, 7.31336922e-06
-2.35215855e+00, 1.33869365e-01, 1.28337252e+00, 2.16630375e-04
-3.07906556e+00, 3.46713662e-01, 1.87833989e+00, 7.89743826e-11
-3.30563140e+00, 4.71969515e-01, 2.04398489e+00, 1.90303372e-12
-2.65192604e+00, 1.14635184e-01, 1.54149687e+00, 4.74640167e-08
-2.64048457e+00, 1.08460940e-01, 1.55773926e+00, 4.12847143e-08
-2.66045094e+00, 9.38343778e-02, 1.53658545e+00, 2.29041834e-08
-2.93037105e+00, 1.40047297e-01, 1.57679403e+00, 1.35678768e-09
-2.74419785e+00, 7.04064965e-02, 1.52377117e+00, 6.10134387e-09
-2.56311488e+00, 1.88254625e-01, 1.46039402e+00, 1.68186799e-01
-2.54571962e+00, 1.74053386e-01, 1.42363667e+00, 1.67196497e-01
-2.54350257e+00, 1.88666984e-01, 1.44663215e+00, 1.88590527e-01
-2.52997112e+00, 1.61824673e-01, 1.42314172e+00, 1.79701656e-01
-2.51650381e+00, 1.90814167e-01, 1.50610375e+00, 1.08273968e-01
-2.50046897e+00, 1.73110202e-01, 1.52324760e+00, 2.29801107e-02
-2.58030152e+00, 1.76092938e-01, 1.42105675e+00, 3.25427502e-02
-2.56927323e+00, 1.61081076e-01, 1.39246297e+00, 5.82639873e-03
-2.56352782e+00, 1.48267806e-01, 1.40092015e+00, 1.97189059e-02
-2.55972528e+00, 1.28470331e-01, 1.39749849e+00, 5.32011781e-03
-2.50904608e+00, 1.75026715e-01, 1.47929311e+00, 1.90898240e-01
-2.52232933e+00, 1.90218076e-01, 1.46067035e+00, 1.94173113e-01
-2.54627514e+00, 1.90297872e-01, 1.50695491e+00, 8.20256248e-02
-2.47087908e+00, 1.36020035e-01, 1.48111534e+00, 4.63962033e-02
-2.49750566e+00, 1.66177198e-01, 1.49330616e+00, 1.52295232e-01
-2.49134421e+00, 1.50913700e-01, 1.45993078e+00, 1.76775426e-01
-2.48145556e+00, 1.07575879e-01, 1.48489237e+00, 5.92956785e-03
-2.48900104e+00, 1.17580414e-01, 1.41264331e+00, 2.00067982e-02
-2.50888109e+00, 1.24079607e-01, 1.40386057e+00, 3.03634461e-02
-2.54113674e+00, 1.12259492e-01, 1.38287783e+00, 4.86730947e-04
-2.52316952e+00, 1.30615547e-01, 1.38612926e+00, 7.24680303e-03
-2.53030801e+00, 8.67059082e-02, 1.63581586e+00, 6.50063043e-08
-2.59242415e+00, 7.15613067e-02, 1.58940351e+00, 2.78951671e-08
-2.63463163e+00, 5.39061800e-02, 1.59313798e+00, 9.79905845e-09
-2.57844806e+00, 3.71653624e-02, 1.58492076e+00, 1.54401700e-08
-1.91643929e+00, 3.86889935e-01, 1.55743015e+00, 1.89055747e-04
-1.92421973e+00, 3.36688995e-01, 1.69454241e+00, 1.74913384e-05
-2.17207289e+00, 2.27883533e-01, 1.63202417e+00, 2.28320823e-06
-2.09363437e+00, 2.89778024e-01, 1.59753525e+00, 1.37404122e-05
-2.27387047e+00, 3.56665701e-01, 1.82023871e+00, 1.36025179e-07
-2.24117947e+00, 2.47125968e-01, 1.68004024e+00, 1.16788601e-06
-2.15236664e+00, 3.25536340e-01, 1.71709251e+00, 1.93382652e-06
-2.04075289e+00, 3.04607540e-01, 1.71292830e+00, 3.29226827e-06
-1.88674152e+00, 4.81644690e-01, 1.67191315e+00, 1.16431504e-04
-1.78329027e+00, 4.92200255e-01, 1.50056863e+00, 5.48355747e-04
-2.64584970e+00, 7.30494410e-02, 1.58581626e+00, 1.23363284e-08
-2.62638688e+00, 7.38070086e-02, 1.59267819e+00, 1.59034563e-08
-2.55475140e+00, 1.07138067e-01, 1.62185919e+00, 9.82397452e-08
-2.52842140e+00, 7.60890692e-02, 1.59964252e+00, 8.85380160e-08
-2.48788333e+00, 9.13601145e-02, 1.63999355e+00, 1.05131974e-07
-2.53402328e+00, 9.96458828e-02, 1.67470145e+00, 4.03490539e-08
-2.52369404e+00, 1.15443341e-01, 1.37041771e+00, 3.90672940e-04
-2.50493479e+00, 1.42296404e-01, 1.39277470e+00, 4.59659733e-02
-2.53694034e+00, 1.42998114e-01, 1.39007854e+00, 2.07943860e-02
-2.55927062e+00, 1.11830652e-01, 1.38614428e+00, 2.56506144e-04
-2.49525070e+00, 1.36841357e-01, 1.41518033e+00, 9.32113379e-02
-2.49825740e+00, 9.68632028e-02, 1.40312207e+00, 1.21385790e-03
-2.46364141e+00, 1.16119690e-01, 1.48637068e+00, 4.14191233e-03
-2.50040197e+00, 1.68803036e-01, 1.45441639e+00, 1.92488939e-01
-2.46583247e+00, 1.49288654e-01, 1.46184790e+00, 9.49975774e-02
-2.50598788e+00, 1.78783551e-01, 1.50318003e+00, 1.27450868e-01
-2.49987102e+00, 1.94926739e-01, 1.48176944e+00, 1.71779484e-01
-2.47899985e+00, 1.61248699e-01, 1.49840534e+00, 6.89670891e-02
-2.53319621e+00, 1.99195400e-01, 1.50547326e+00, 8.08803588e-02
-2.55681300e+00, 1.98233888e-01, 1.52115786e+00, 4.26600454e-03
-2.54027653e+00, 1.94147706e-01, 1.42248285e+00, 1.59150556e-01
-2.53859067e+00, 2.09498093e-01, 1.46061051e+00, 1.69879705e-01
-2.57490325e+00, 1.38462991e-01, 1.39186096e+00, 1.42887805e-03
-2.59071851e+00, 1.55056491e-01, 1.39662623e+00, 7.20165903e-04
-2.59794164e+00, 1.78964868e-01, 1.40811920e+00, 1.15714502e-03
-2.57897758e+00, 1.94187492e-01, 1.41934204e+00, 2.04543676e-02
-2.49746156e+00, 1.52042270e-01, 1.55234945e+00, 8.74288162e-05
-2.50697136e+00, 1.93883061e-01, 1.52428401e+00, 2.13991962e-02
-2.53671288e+00, 1.52904838e-01, 1.40884078e+00, 1.17030360e-01
-2.55852294e+00, 2.03384578e-01, 1.44401598e+00, 1.28333673e-01
-2.74036145e+00, 9.67260301e-02, 1.55082226e+00, 7.74937092e-09
-2.74923587e+00, 8.79742354e-02, 1.48986864e+00, 9.08972186e-09
-2.75895357e+00, 1.04361616e-01, 1.52413225e+00, 8.16890200e-09
-2.91484332e+00, 2.24725142e-01, 1.54259241e+00, 3.58180685e-09
-2.89337611e+00, 1.71818778e-01, 1.59008336e+00, 2.49715759e-09
-2.66662216e+00, 1.03857622e-01, 1.55533648e+00, 2.21735039e-08
-2.68118072e+00, 9.39681008e-02, 1.53264916e+00, 1.74528410e-08
-2.62439489e+00, 1.03662737e-01, 1.57013226e+00, 4.46247128e-08
-2.63881755e+00, 1.28655344e-01, 1.55001855e+00, 9.19379062e-08
-2.64914417e+00, 1.30738631e-01, 1.52577507e+00, 1.18754940e-07
-3.23589587e+00, 6.14243388e-01, 2.21141291e+00, 2.00807925e-12
-2.94411230e+00, 3.29325855e-01, 1.86363435e+00, 4.25971702e-10
-3.08825994e+00, 4.17741030e-01, 1.59122217e+00, 4.31656766e-10
-3.12145996e+00, 3.58519614e-01, 1.76783144e+00, 8.40136780e-11
-2.31998682e+00, 2.01048389e-01, 1.26588643e+00, 2.78786756e-03
-2.38800788e+00, 1.61323994e-01, 1.23005164e+00, 2.32033097e-04
-2.44776249e+00, 1.07891947e-01, 1.21366835e+00, 5.31562273e-06
-2.45895982e+00, 2.02122688e-01, 1.19462287e+00, 9.61856786e-05
-2.52062464e+00, 1.82100415e-01, 1.25841641e+00, 2.58878372e-05
-2.50578380e+00, 1.39391080e-01, 1.52065396e+00, 2.23843195e-02
-2.47093868e+00, 1.27053499e-01, 1.53154886e+00, 1.32064102e-04
-2.47571874e+00, 1.07753150e-01, 1.51893055e+00, 1.48910593e-04
-2.47997522e+00, 1.13357529e-01, 1.54940581e+00, 1.46855955e-05
-2.54102635e+00, 1.56178162e-01, 1.56032073e+00, 2.79350024e-05
-2.57513070e+00, 1.50078252e-01, 1.57274544e+00, 1.07052404e-06
-2.53750348e+00, 1.35530025e-01, 1.56526184e+00, 5.69371969e-06
-2.51795101e+00, 1.11884959e-01, 1.57644820e+00, 1.07963444e-06
-2.40201735e+00, 1.60433084e-01, 1.64549899e+00, 6.81164806e-07
-2.36243415e+00, 1.27831042e-01, 1.55640912e+00, 3.48257981e-06
-2.39852929e+00, 1.14929900e-01, 1.58997083e+00, 1.05317611e-06
-2.24782801e+00, 2.11889863e-01, 1.53299773e+00, 2.85492970e-05
-2.47105122e+00, 3.49811941e-01, 1.05122888e+00, 6.68433495e-04
-2.40783048e+00, 2.93964267e-01, 9.74911511e-01, 1.23722607e-03
-2.59148669e+00, 3.65105152e-01, 8.99670720e-01, 7.92333391e-04
-2.73163557e+00, 2.80525714e-01, 1.03130698e+00, 1.90400169e-05
-2.90805745e+00, 4.13890481e-01, 1.09737039e+00, 1.78809876e-06
-2.72605991e+00, 4.19800043e-01, 8.25640976e-01, 6.29288668e-04
-2.80174208e+00, 5.45096755e-01, 4.78219122e-01, 2.07059411e-03
-2.94417882e+00, 7.44178116e-01, 1.78162321e-01, 1.86139473e-03
-3.18037796e+00, 1.00968027e+00, 3.76183242e-01, 9.94526272e-05
-3.07400060e+00, 6.89441919e-01, 7.23312795e-01, 3.42485000e-05
-3.49495578e+00, 5.99715114e-01, 8.80056083e-01, 3.60117014e-07
-3.52817893e+00, 1.17471278e+00, 3.03195029e-01, 9.01152180e-06
-1.97523081e+00, 4.63178426e-01, 1.00994313e+00, 1.19099468e-02
-2.09871697e+00, 3.16085964e-01, 1.19948053e+00, 5.64473588e-03
-1.85248792e+00, 4.53130782e-01, 1.16491866e+00, 1.83198112e-03
-1.96604049e+00, 5.22102654e-01, 8.09096158e-01, 1.12915644e-02
-2.24572253e+00, 5.10123014e-01, 8.99330616e-01, 1.24280062e-02
-2.13252664e+00, 4.13764209e-01, 9.43541586e-01, 9.92978457e-03
-3.20781088e+00, 6.17375791e-01, 1.03399241e+00, 2.82377897e-07
-3.45840073e+00, 5.36192119e-01, 1.11985028e+00, 3.70596815e-08
-2.94012666e+00, 5.74638307e-01, 8.90328109e-01, 2.49484419e-05
-3.56328249e+00, 8.21377933e-01, 1.30264223e+00, 1.28718025e-09
-4.01835489e+00, 1.18690038e+00, 3.90637875e-01, 5.43677636e-08
-3.93367863e+00, 1.03295374e+00, 1.14104724e+00, 5.42064837e-10
-3.76344895e+00, 9.60243762e-01, 8.37857604e-01, 2.32984352e-08
-3.97820067e+00, 1.61793625e+00, 1.25418413e+00, 2.21724153e-10
-3.67943573e+00, 1.69459248e+00, 8.54305387e-01, 1.57916560e-08
-2.92724919e+00, 2.00332737e+00, 1.31767416e+00, 2.11939323e-07
-2.20142674e+00, 1.92768693e+00, 1.02561760e+00, 4.89279919e-04
-3.32141447e+00, 2.09807491e+00, 1.78022838e+00, 6.71314060e-10
-3.03137660e+00, 1.54432523e+00, 1.89731693e+00, 1.98967931e-09
-1.94862843e+00, 5.13064444e-01, 2.10183740e+00, 1.26172779e-07
-2.23867822e+00, 4.91525054e-01, 2.01799273e+00, 3.42647546e-08
-2.09366965e+00, 4.64471787e-01, 2.03933692e+00, 9.07033169e-08
-2.34577179e+00, 3.77856076e-01, 1.93395460e+00, 1.69414722e-08
-1.52854204e+00, 7.36388922e-01, 1.25480258e+00, 1.74989202e-03
-1.62312472e+00, 7.68095553e-01, 1.70065081e+00, 5.98224229e-04
-1.22003603e+00, 1.08860517e+00, 1.65424550e+00, 1.25661714e-03
-1.07830894e+00, 9.06338453e-01, 1.89161432e+00, 9.04820627e-05
-1.68852210e+00, 7.75420249e-01, 2.00678492e+00, 2.75665170e-05
-2.65026689e+00, 6.81779012e-02, 1.40125680e+00, 4.32638991e-08
-2.68691778e+00, 1.02604747e-01, 1.34326947e+00, 8.41149159e-08
-2.63084126e+00, 8.39843452e-02, 1.38617790e+00, 1.61249730e-07
-2.68754816e+00, 7.21455589e-02, 1.37712371e+00, 4.40049810e-08
-2.64810038e+00, 1.21456243e-01, 1.42082894e+00, 5.75817616e-08
-2.55472898e+00, 8.72990936e-02, 1.38990414e+00, -2.26534075e-06
-2.57826400e+00, 8.17975253e-02, 1.37446153e+00, 2.28112845e-06
-2.55705857e+00, 1.00297213e-01, 1.35972631e+00, 1.37430161e-05
-2.58468366e+00, 8.32914412e-02, 1.31470883e+00, 5.89143269e-07
-2.64554095e+00, 9.85795259e-02, 1.43020689e+00, 1.08529548e-07
-2.66129947e+00, 8.91059637e-02, 1.43536675e+00, 4.94340391e-08
-2.66565585e+00, 7.40983635e-02, 1.56734419e+00, 1.05574083e-08
-2.65693212e+00, 5.19521981e-02, 1.59938884e+00, 7.20490068e-09
-2.67360735e+00, 6.03503436e-02, 1.44819200e+00, 1.84865456e-08
-2.68856740e+00, 5.97668141e-02, 1.46174276e+00, 1.38464467e-08
-2.68657684e+00, 6.49244413e-02, 1.42151105e+00, 2.19152358e-08
-2.67575622e+00, 8.96887183e-02, 1.46439588e+00, 3.36127073e-08
-2.68558192e+00, 1.10230371e-01, 1.48298550e+00, 4.18983639e-08
-2.69527960e+00, 8.21696445e-02, 1.49329484e+00, 1.55119881e-08
-2.64461422e+00, 1.38903365e-01, 1.44041586e+00, 7.60133446e-07
-2.48007464e+00, 9.04101878e-02, 1.54032791e+00, -2.58885620e-06
-2.73850751e+00, 1.02428943e-01, 1.42238665e+00, 2.15657288e-08
-2.72682858e+00, 8.93636122e-02, 1.46033442e+00, 1.57318070e-08
-2.75190878e+00, 1.79830775e-01, 1.29373443e+00, 1.19062399e-07
-2.83916974e+00, 2.06590593e-01, 1.24224508e+00, 1.73544692e-07
-2.53069139e+00, 9.88218337e-02, 1.56629801e+00, 5.26527629e-07
-2.56298828e+00, 8.67286175e-02, 1.57772338e+00, 1.07826864e-07
-2.54622388e+00, 1.06808953e-01, 1.57709897e+00, 5.07456548e-07
-2.50938988e+00, 6.64654076e-02, 1.57677996e+00, 8.09868652e-08
-2.62910557e+00, 1.53679296e-01, 1.42742991e+00, 1.90126354e-06
-2.61757684e+00, 1.74835056e-01, 1.42240250e+00, 1.37195530e-04
-3.08467174e+00, 1.56331909e+00, 3.58262479e-01, 8.62963134e-05
-3.17724085e+00, 1.99280262e+00, -2.58699834e-01, 7.79067268e-05
-2.64797187e+00, 1.63595259e-01, 1.49549603e+00, 9.60959937e-07
-2.64091778e+00, 1.53009161e-01, 1.51014030e+00, 6.17620572e-07
-2.59687185e+00, 2.29077727e-01, 1.04212463e+00, 4.05717437e-05
-2.72984767e+00, 2.11594358e-01, 1.17190194e+00, 1.05505194e-06
-2.58394170e+00, 1.94382668e-01, 1.17793250e+00, 1.98905104e-06
-2.52086353e+00, 2.28960559e-01, 1.14653158e+00, 1.26191535e-05
-2.67430305e+00, 1.19642794e-01, 1.29620671e+00, 1.68156532e-07
-2.61065459e+00, 1.05811857e-01, 1.34113467e+00, 8.23472931e-07
-2.61239552e+00, 1.36262327e-01, 1.29100084e+00, 6.57552505e-07
-2.65679312e+00, 8.25381279e-02, 1.32906520e+00, 1.23751548e-07
-2.58964443e+00, 1.85662493e-01, 1.52846527e+00, -4.19942226e-05
-2.61608744e+00, 1.90653980e-01, 1.53731191e+00, 1.25381848e-06
-2.60068274e+00, 2.01339796e-01, 1.49929202e+00, 2.01233604e-04
-2.63425875e+00, 1.69575348e-01, 1.51619530e+00, 1.41020780e-06
-2.39970922e+00, 1.05735831e-01, 1.47320092e+00, 1.22585188e-04
-2.39735651e+00, 1.31362796e-01, 1.54434156e+00, 1.24327080e-05
-2.34212065e+00, 1.27562866e-01, 1.43025303e+00, 2.13873253e-04
-2.35596967e+00, 8.46904814e-02, 1.36052656e+00, 4.65940611e-05
-2.40175176e+00, 1.19300678e-01, 1.38198352e+00, 9.31526767e-04
-2.47938704e+00, 1.14668138e-01, 1.44099653e+00, 2.29234360e-02
-2.46650624e+00, 9.43214223e-02, 1.43097532e+00, 6.06162008e-04
-2.47936392e+00, 9.63102952e-02, 1.44621360e+00, 1.76936458e-03
-2.52235293e+00, 9.09401998e-02, 1.41813076e+00, 9.23476939e-04
-2.77305055e+00, 1.25313550e-01, 1.39151657e+00, 2.44651392e-08
-2.82137084e+00, 1.89179063e-01, 1.30496716e+00, 6.44501910e-08
-2.74511933e+00, 1.14841491e-01, 1.35464478e+00, 4.51995916e-08
-2.87251878e+00, 2.64492154e-01, 1.30436766e+00, 5.89608611e-08
-2.79817343e+00, 1.85761556e-01, 1.39894819e+00, 2.64360924e-08
-2.90560699e+00, 1.79949164e-01, 1.48941612e+00, 4.43107151e-09
-2.60363626e+00, 9.42997262e-02, 1.62558126e+00, 2.51991050e-08
-2.59175634e+00, 1.22624703e-01, 1.70352721e+00, 1.95502547e-08
-2.63174605e+00, 1.16936177e-01, 1.63590252e+00, 2.20863949e-08
-2.61723375e+00, 6.46897033e-02, 1.66481042e+00, 9.70672343e-09
-2.58665061e+00, 1.60337046e-01, 1.74581754e+00, 1.90515568e-08
-5.34281671e-01, 1.45251143e+00, 1.24173582e+00, 8.80710468e-06
-9.37516749e-01, 1.15335989e+00, 4.97132480e-01, 6.11667347e-05
-3.73191476e-01, 1.50197244e+00, 5.32442749e-01, 3.73379917e-05
3.34485471e-01, 1.77031040e+00, 8.36322010e-01, 9.99557187e-07
-4.08778906e+00, 1.44647205e+00, 2.15341067e+00, 9.63048814e-14
-4.14337540e+00, 1.67272663e+00, 2.53429222e+00, 9.90938085e-15
-2.29796243e+00, 2.20702663e-01, 1.16302848e+00, 1.26305618e-03
-2.66338968e+00, 1.44179091e-01, 1.21865952e+00, 5.92590311e-07
-2.55563641e+00, 3.24688196e-01, 1.89315963e+00, 8.48249648e-09
-2.62920570e+00, 2.84087449e-01, 1.92757940e+00, 3.66902819e-09
-2.50485635e+00, 2.20009476e-01, 1.82814705e+00, 2.18980638e-08
-2.49113464e+00, 1.54867738e-01, 1.71015048e+00, 7.36402370e-08
-3.47948933e+00, 6.88656509e-01, 1.65754724e+00, 2.54920876e-11
-3.30583501e+00, 5.85485458e-01, 1.43385017e+00, 1.42034173e-09
-3.24256563e+00, 3.87582988e-01, 1.69461071e+00, 3.55541152e-11
-3.42207837e+00, 5.23654997e-01, 1.75045717e+00, 6.69600183e-12
-3.03478432e+00, 4.38017398e-01, 1.23672318e+00, 1.07393767e-07
-3.01865983e+00, 2.77741730e-01, 1.36620307e+00, 1.56144289e-08
-2.43551850e+00, 1.64475217e-01, 1.69216061e+00, 1.82561635e-07
-2.42933702e+00, 2.28208646e-01, 1.77697420e+00, 7.28460066e-08
-2.32069850e+00, 2.83750713e-01, 1.77845013e+00, 1.74523578e-07
-2.76489663e+00, 1.70312300e-01, 1.76553380e+00, 2.98230063e-09
-2.69988513e+00, 2.37410635e-01, 1.82637525e+00, 5.31310107e-09
-2.78803945e+00, 3.34082007e-01, 1.97209334e+00, 8.11653078e-10
-2.66454244e+00, 4.24481511e-01, 2.20343256e+00, 1.21490262e-10
-2.45984268e+00, 4.23844308e-01, 2.15139771e+00, 3.33839872e-10
-2.83805323e+00, 5.66923916e-01, 2.23261380e+00, 8.63417948e-11
-3.70630646e+00, 1.34282243e+00, 2.10507298e+00, 1.36987676e-12
-1.57734156e+00, 8.40547323e-01, 2.21267724e+00, 6.46846320e-06
-1.93556166e+00, 8.97501349e-01, 2.42172956e+00, 4.32294556e-08
-2.25814652e+00, 2.63403982e-01, 1.40709853e+00, 1.48091670e-02
-2.24471498e+00, 2.24172741e-01, 1.27711856e+00, 3.41335242e-03
-2.16137576e+00, 2.38143519e-01, 1.29227197e+00, 1.16040162e-03
-2.30329895e+00, 1.73171967e-01, 1.33585703e+00, 1.71604019e-03
-2.16620159e+00, 3.23062688e-01, 1.44318259e+00, 2.79276189e-03
-1.83342338e+00, 4.09281731e-01, 1.31972504e+00, 7.30759930e-04
-2.07016110e+00, 4.25020725e-01, 1.39774179e+00, 9.44689475e-03
-2.04376674e+00, 2.46086404e-01, 1.31346428e+00, 3.29746254e-04
-2.03312778e+00, 1.38802826e+00, 2.69700837e+00, 5.55503066e-09
-1.58379960e+00, 1.79709542e+00, 2.23884821e+00, 1.55347188e-05
-1.50341392e+00, 1.36751127e+00, 2.35673952e+00, 5.47080435e-06
-2.31624770e+00, 1.62966323e+00, 2.50724649e+00, 1.48602339e-08
-1.37726462e+00, 2.38094544e+00, 2.47840858e+00, 2.62404956e-06
-1.19161880e+00, 1.90263283e+00, 1.99648285e+00, 4.06137638e-04
-2.77772713e+00, 1.60199940e+00, 2.40474653e+00, 1.03162556e-09
-2.79931617e+00, 1.95205256e-01, 1.67436147e+00, 4.95328667e-09
-3.04359651e+00, 2.42331266e-01, 1.66539192e+00, 3.75092540e-10
-2.57779431e+00, 1.19330190e-01, 1.56532443e+00, 4.99959754e-07
-2.59842873e+00, 1.43720582e-01, 1.56290901e+00, 5.30305556e-07
-2.57771850e+00, 1.91166580e-01, 1.55466509e+00, -1.49037839e-06
-2.59935641e+00, 1.69666350e-01, 1.56312287e+00, 4.56002880e-07
-3.34038424e+00, 1.01714551e+00, 2.48340821e+00, 1.32195643e-12
-2.88086414e+00, 3.13972026e-01, 2.50954914e+00, 1.24653987e-12
-2.41874409e+00, 1.09387040e+00, 2.66716719e+00, 3.58749086e-10
-2.42697406e+00, 1.22498713e-01, 1.63578510e+00, 4.08691051e-07
-2.37201118e+00, 1.87694713e-01, 1.69298172e+00, 3.15319937e-07
-2.53197289e+00, 7.14323640e-01, 2.38745642e+00, 3.19264365e-10
-2.92109776e+00, 7.64251590e-01, 2.54880071e+00, 7.55950424e-12
-3.86010027e+00, 1.11427772e+00, 1.81730640e+00, 2.27736037e-12
-4.05921698e+00, 8.81749928e-01, 1.88349092e+00, 2.10671040e-13
-2.63984704e+00, 1.70820698e-01, 1.47474170e+00, 3.91812364e-06
-2.60278630e+00, 1.60094678e-01, 1.45068789e+00, 7.71955180e-04
-2.62084723e+00, 1.82880729e-01, 1.45308411e+00, 1.01997226e-04
-2.60216260e+00, 2.01711103e-01, 1.43910456e+00, 1.52993808e-03
-2.56974745e+00, 2.23465338e-01, 1.50686014e+00, 1.79260026e-03
-2.55182886e+00, 2.11679175e-01, 1.48242319e+00, 8.81431699e-02
-2.54340506e+00, 1.75559580e-01, 1.54895687e+00, 2.10146929e-04
-2.56534290e+00, 1.75721928e-01, 1.51693475e+00, 1.24218827e-02
-2.71751094e+00, 1.50647700e-01, 1.66786397e+00, 9.15626153e-09
-2.69129920e+00, 1.08296610e-01, 1.62575281e+00, 9.90920235e-09
-2.81555963e+00, 1.45722985e-01, 1.54709899e+00, 5.84963855e-09
-2.54969835e+00, 7.48349279e-02, 1.58973837e+00, 7.11601800e-08
-2.46375251e+00, 8.39048922e-02, 1.38592863e+00, 1.44676509e-04
-2.44353890e+00, 9.91128981e-02, 1.41055703e+00, 7.51971907e-04
-2.53164244e+00, 9.97168198e-02, 1.31975603e+00, 7.34810874e-06
-2.57877398e+00, 9.89223346e-02, 1.57721996e+00, 1.28516149e-07
-2.56604981e+00, 1.06465362e-01, 1.57122540e+00, 3.73325804e-07
-2.51103210e+00, 6.54362664e-02, 1.54159367e+00, -1.31163873e-07
-2.49077702e+00, 8.50052163e-02, 1.56997395e+00, -4.02400211e-08
-2.57100105e+00, 8.61545056e-02, 1.59944069e+00, 6.02399695e-08
-2.63356137e+00, 9.04344618e-02, 1.60857868e+00, 1.72936367e-08
-2.67181230e+00, 1.15567751e-01, 1.69128823e+00, 8.30588309e-09
-2.60605860e+00, 1.06766455e-01, 1.40627992e+00, 2.57935926e-06
-2.69518423e+00, 1.00004375e-01, 1.55641663e+00, 1.33524605e-08
-2.68503022e+00, 8.51810798e-02, 1.60927320e+00, 8.16479684e-09
-2.61489749e+00, 6.62298501e-02, 1.60989690e+00, 1.46165871e-08
-2.68266177e+00, 4.98085059e-02, 1.55350590e+00, 6.87683022e-09
-2.69642663e+00, 7.51389265e-02, 1.52914774e+00, 1.04537898e-08
-2.71028209e+00, 5.48999272e-02, 1.52012610e+00, 7.04155845e-09
-2.58350301e+00, 6.57039434e-02, 1.39806759e+00, 2.59382436e-08
-2.22389555e+00, 7.48537362e-01, 2.48430276e+00, 1.39508316e-09
-2.07700944e+00, 6.52474761e-01, 2.31618524e+00, 1.12972820e-09
-2.96851087e+00, 1.03405929e+00, 2.55780625e+00, 4.45587881e-12
-2.41640019e+00, 1.75831759e+00, 1.72841895e+00, 1.10754797e-06
-1.91596961e+00, 1.63307512e+00, 1.62909865e+00, 1.89747123e-04
-2.00749445e+00, 2.04039884e+00, 2.33798146e+00, 1.01037142e-06
-2.04834032e+00, 1.62649822e+00, 6.35623038e-01, 8.10662936e-03
-8.91291857e-01, 1.73034167e+00, -4.78963792e-01, 6.20617880e-04
-8.67484093e-01, 1.88050342e+00, 1.20981801e+00, 8.25162861e-04
-1.04158342e+00, 9.73608375e-01, 1.16906571e+00, 2.50743378e-05
-6.33986831e-01, 9.60730791e-01, 2.11723351e+00, 2.99167027e-06
-1.47656620e+00, 9.71067011e-01, 8.53582680e-01, 6.47828216e-03
-1.32311010e+00, 1.07142293e+00, 4.74564105e-01, 1.10935117e-03
-3.55187416e+00, 8.49432766e-01, 2.35306120e+00, 2.02043826e-13
-3.61070752e+00, 6.60858691e-01, 1.91657996e+00, 7.33405144e-13
-4.01725483e+00, 7.90785849e-01, 1.08759058e+00, 5.44039203e-10
-3.65196991e+00, 6.18372917e-01, 1.55068707e+00, 3.93113216e-11
-1.69005823e+00, 1.21710241e+00, -2.06112772e-01, 2.28999928e-03
-1.99231660e+00, 1.07804954e+00, 2.51829565e-01, 1.12920171e-02
-8.28818083e-01, 1.37708938e+00, 3.46802436e-02, 4.09885572e-04
-1.58655488e+00, 1.42805171e+00, 2.47678295e-01, 5.93242096e-03
-2.55711174e+00, 7.59118915e-01, 1.03318565e-01, 5.05508995e-03
-2.19834280e+00, 8.31421077e-01, 1.77145377e-01, 7.48752663e-03
-2.27471018e+00, 8.48512053e-01, 5.31781375e-01, 7.20955571e-03
-2.41662979e+00, 4.34281111e-01, 6.52140141e-01, 3.99087835e-03
-1.64149773e+00, 8.39188159e-01, 6.88895941e-01, 1.11471117e-02
-1.67247105e+00, 5.73503315e-01, 1.04646575e+00, 1.61824236e-03
-1.46583748e+00, 7.09720910e-01, 9.32079017e-01, 5.04675088e-04
-2.40246630e+00, 1.06542230e+00, -3.18783641e-01, 5.44557674e-03
-2.29361916e+00, 1.73402011e+00, -5.76882005e-01, 3.00198048e-03
-2.75051236e+00, 1.67628741e+00, -1.33523926e-01, 2.72360467e-03
-3.38873315e+00, 1.65124965e+00, -6.16945684e-01, 2.40302797e-05
-2.58934855e+00, 1.98699009e+00, -1.52765739e+00, 1.69415162e-05
-2.45742202e+00, 1.06189765e-01, 1.55128479e+00, 4.63980405e-06
-2.42097402e+00, 1.21338271e-01, 1.51971734e+00, 5.83600995e-05
-2.49670172e+00, 6.77757114e-02, 1.52220237e+00, -2.04249363e-06
-2.44837499e+00, 1.12436704e-01, 1.45874381e+00, 2.54967017e-03
-2.37762547e+00, 1.19550332e-01, 1.43297839e+00, 3.59041238e-04
-2.46685362e+00, 1.17708281e-01, 1.29751670e+00, 5.18019042e-05
-2.47813582e+00, 1.01844825e-01, 1.36577690e+00, 2.37072032e-04
-2.51501632e+00, 6.73694462e-02, 1.42823482e+00, 1.00514400e-04
-2.50009584e+00, 1.21759333e-01, 1.35478556e+00, 6.40628394e-04
-2.47451472e+00, 1.09791949e-01, 1.39352798e+00, 1.90367270e-03
-2.46154857e+00, 1.29465073e-01, 1.36393476e+00, 2.09956127e-03
-2.47301412e+00, 1.70200601e-01, 1.26380754e+00, 1.87970756e-04
-2.41939521e+00, 1.38118699e-01, 1.29214251e+00, 2.61384062e-04
-2.38554811e+00, 1.62020326e-01, 1.40633297e+00, 8.65316298e-03
-2.41543078e+00, 1.05095185e-01, 1.44842768e+00, 4.26364219e-04
-2.37087512e+00, 1.51602671e-01, 1.45979106e+00, 1.34044047e-03
-2.46632957e+00, 1.07830808e-01, 1.44985676e+00, 3.88219790e-03
-2.42593360e+00, 1.30175382e-01, 1.48577213e+00, 1.19847932e-03
-2.44219303e+00, 1.08159028e-01, 1.43451083e+00, 1.81406853e-03
-2.42550898e+00, 1.11251675e-01, 1.46910667e+00, 5.42052090e-04
-2.45182538e+00, 1.33139014e-01, 1.46987200e+00, 1.54705336e-02
-2.48417187e+00, 5.57167195e-02, 1.50724411e+00, -1.84099463e-07
-2.45157027e+00, 1.16775617e-01, 1.51916552e+00, 1.38254021e-04
-2.42148876e+00, 1.51215523e-01, 1.53272033e+00, 1.16457617e-04
-2.46200442e+00, 1.00393549e-01, 1.53173530e+00, 1.56454062e-05
-2.46858740e+00, 1.06105268e-01, 1.56758153e+00, 2.43645013e-06
-2.46460938e+00, 1.30855978e-01, 1.55728948e+00, 1.08480681e-05
-2.63681579e+00, 1.32993579e+00, 9.99630392e-02, 3.36294528e-03
-2.94364977e+00, 1.43164611e+00, -5.07795036e-01, 1.81887310e-03
-3.17351556e+00, 1.87569320e+00, 2.17812702e-01, 2.45221017e-05
-2.28285146e+00, 1.40276301e+00, -1.53895840e-01, 6.64754491e-03
-1.68720388e+00, 8.29581082e-01, 9.87116396e-01, 2.46640462e-02
-1.84900498e+00, 5.60831785e-01, 9.37069654e-01, 1.14281075e-02
-1.73918819e+00, 6.07526779e-01, 1.28284395e+00, 2.78168009e-03
-1.63078606e+00, 1.18465161e+00, 6.48412704e-01, 2.11566836e-02
-2.59609127e+00, 4.50695127e-01, 7.48392999e-01, 2.01811362e-03
-2.05357790e+00, 7.40469873e-01, 6.17837071e-01, 2.01490968e-02
-2.54593587e+00, 8.18913519e-01, 5.50670147e-01, 1.10718771e-03
-2.36809182e+00, 7.60815740e-01, 7.67374277e-01, 1.03938219e-03
-2.13851285e+00, 1.18690062e+00, 6.24606669e-01, 4.30659531e-03
-2.66263819e+00, 6.65701210e-01, 3.13081890e-01, 3.58832185e-03
-2.88296580e+00, 1.01139891e+00, 6.49387464e-02, 1.90377061e-03
-1.06003535e+00, 1.56975210e+00, 4.96817917e-01, 4.86970297e-04
-1.58611643e+00, 1.73388493e+00, -5.65921843e-01, 1.67811930e-03
-3.70510244e+00, 3.93239766e-01, 1.52782190e+00, 1.14877212e-10
-3.70284677e+00, 9.12512124e-01, 1.53116071e+00, 4.92082972e-11
-3.54226279e+00, 9.48018014e-01, 2.06234407e+00, 1.79950304e-12
-3.40704894e+00, 6.06826425e-01, 1.94828379e+00, 2.29663966e-12
-3.41615200e+00, 6.57670438e-01, 2.45927429e+00, 1.35429442e-13
-9.55785394e-01, 1.20442319e+00, 1.82211351e+00, 1.87157071e-04
-1.40176475e+00, 9.56598699e-01, 1.14593935e+00, 2.14639911e-03
-1.01020586e+00, 1.41391957e+00, 1.10202909e+00, 1.50107371e-04
-1.13568270e+00, 1.77142334e+00, 1.46597171e+00, 4.97399131e-03
-2.41104722e+00, 1.66414857e+00, 6.68225467e-01, 6.44765154e-04
-1.93847835e+00, 1.59794033e+00, 1.04617977e+00, 2.78646895e-03
-1.58709788e+00, 1.57795084e+00, 5.72427034e-01, 1.20722735e-02
-1.57581449e+00, 1.56692839e+00, 2.00215149e+00, 1.65927442e-04
-2.14223385e+00, 1.42358398e+00, 1.97044456e+00, 1.06934851e-06
-2.67646623e+00, 1.78751516e+00, 1.93610954e+00, 3.17081401e-08
-2.64233065e+00, 1.77704215e+00, 1.39727354e+00, 1.04812989e-06
-2.67881203e+00, 9.24873710e-01, 2.55648994e+00, 9.27682584e-11
-3.04251027e+00, 1.00338602e+00, 2.22724462e+00, 6.65627969e-11
-3.09258628e+00, 8.00026476e-01, 2.39294481e+00, 6.53613795e-12
-2.12422085e+00, 6.42150402e-01, 2.07347941e+00, 1.53440467e-07
-2.17717743e+00, 1.09967148e+00, 2.47442222e+00, 8.00134536e-09
-2.35356975e+00, 6.22879386e-01, 2.26573944e+00, 1.79740023e-09
-2.59135556e+00, 8.82782191e-02, 1.39483261e+00, 1.24072994e-06
-2.69279957e+00, 8.49364921e-02, 1.51379609e+00, 1.43589132e-08
-2.70726252e+00, 1.01986684e-01, 1.53378999e+00, 1.43618815e-08
-2.61039686e+00, 8.77376050e-02, 1.60463476e+00, 2.52712002e-08
-2.69179726e+00, 1.15040325e-01, 1.58735764e+00, 1.38533327e-08
-2.62399435e+00, 9.64836851e-02, 1.41419339e+00, 1.31477776e-07
-2.60974669e+00, 1.16568141e-01, 1.38763964e+00, 5.68256792e-06
-2.66311026e+00, 1.58242658e-01, 1.67584932e+00, 1.74833517e-08
-2.63746977e+00, 1.30761564e-01, 1.71573842e+00, 1.16124550e-08
-2.66298604e+00, 1.17398135e-01, 1.61264527e+00, 1.75857782e-08
-2.61708236e+00, 9.64584202e-02, 1.58953881e+00, 3.25739968e-08
-2.56528449e+00, 1.06729105e-01, 1.59010684e+00, 1.58408241e-07
-2.58067942e+00, 9.39866826e-02, 1.62439930e+00, 4.08425507e-08
-2.49220657e+00, 7.16711208e-02, 1.55456913e+00, -2.18269932e-07
-2.51403499e+00, 8.84218663e-02, 1.58170497e+00, 2.25279578e-07
-2.49809933e+00, 1.12601176e-01, 1.56631458e+00, 1.95239886e-06
-2.49772096e+00, 1.07627816e-01, 1.32392740e+00, 5.45304283e-05
-2.53303313e+00, 1.36686578e-01, 1.31949735e+00, 6.53145980e-05
-2.77443767e+00, 1.65669039e-01, 1.58239806e+00, 9.38936839e-09
-2.76668119e+00, 1.46439329e-01, 1.53668201e+00, 1.16400960e-08
-2.74703050e+00, 1.64576322e-01, 1.70560718e+00, 5.49651569e-09
-2.52589560e+00, 1.88980788e-01, 1.54916239e+00, 5.23707946e-04
-2.55756307e+00, 1.75482094e-01, 1.56660724e+00, 1.46202165e-05
-2.55352426e+00, 2.05175608e-01, 1.46595848e+00, 1.42008752e-01
-2.57240009e+00, 2.17192844e-01, 1.48574996e+00, 1.23606501e-02
-2.56805706e+00, 2.01637581e-01, 1.48318088e+00, 6.59447461e-02
-2.53747654e+00, 2.22681791e-01, 1.50125182e+00, 3.47578339e-02
-2.56936741e+00, 2.16212332e-01, 1.52678430e+00, 2.65060924e-04
-2.59596229e+00, 2.17036128e-01, 1.51382792e+00, 7.70048864e-05
-2.62211680e+00, 1.89857021e-01, 1.43118811e+00, 7.82495044e-05
-2.59682035e+00, 2.00247079e-01, 1.41692197e+00, 1.35629671e-03
-2.63677907e+00, 1.93636015e-01, 1.46723258e+00, 6.89396529e-06
-2.63738370e+00, 1.69921964e-01, 1.45208192e+00, 1.02722443e-05
-2.66318965e+00, 1.60178661e-01, 1.47991145e+00, 4.78050708e-07
-3.98146510e+00, 1.05796957e+00, 2.27829504e+00, 3.05189664e-14
-3.82465076e+00, 1.47910142e+00, 1.75593913e+00, 1.23762537e-11
-2.61076784e+00, 6.18355989e-01, 2.20081162e+00, 5.04275177e-10
-2.33407021e+00, 2.31036142e-01, 1.65928364e+00, 1.02145566e-06
-2.37157130e+00, 2.47091785e-01, 1.73282814e+00, 2.57661839e-07
-2.43294716e+00, 1.35826513e-01, 1.59344923e+00, 2.16586659e-06
-2.45862484e+00, 1.01461425e-01, 1.64313352e+00, 1.69431914e-07
-2.57097054e+00, 1.25624526e+00, 2.34474230e+00, 1.70026704e-09
-3.36577630e+00, 9.35964048e-01, 2.80882859e+00, 6.69077966e-14
-3.43825555e+00, 1.43865287e+00, 2.44815421e+00, 3.01460983e-12
-2.60201049e+00, 1.58206388e-01, 1.54563236e+00, 1.16093452e-06
-2.59949160e+00, 1.87980145e-01, 1.54925776e+00, -2.27082708e-07
-2.62013507e+00, 1.71353415e-01, 1.55256212e+00, 4.39853949e-07
-2.59444070e+00, 1.53576657e-01, 1.58277881e+00, 2.82271856e-07
-2.56970477e+00, 1.93889514e-01, 1.53321826e+00, 2.24750111e-04
-2.61566353e+00, 1.42289773e-01, 1.55413234e+00, 2.89216928e-07
-3.03390074e+00, 3.36946487e-01, 1.65439558e+00, 6.42788212e-10
-2.78162694e+00, 2.46710211e-01, 1.71853054e+00, 6.06237593e-09
-3.18243599e+00, 1.58732092e+00, 2.28408289e+00, 8.44383868e-11
-1.69736218e+00, 1.81209707e+00, 1.90213585e+00, 1.75433917e-04
-1.18288434e+00, 1.39539158e+00, 2.14937687e+00, 8.47383853e-05
-1.82174110e+00, 1.39079881e+00, 2.18800521e+00, 3.26314375e-06
-1.46044135e+00, 1.10529149e+00, 2.30909872e+00, 6.94637811e-06
-2.18289852e+00, 3.91329080e-01, 1.34993613e+00, 4.24941517e-02
-1.93402231e+00, 5.23813188e-01, 1.33051479e+00, 1.23373466e-02
-2.07526088e+00, 3.62565279e-01, 1.51407528e+00, 2.82790948e-04
-2.21743345e+00, 3.23342949e-01, 1.61202693e+00, 1.58126786e-05
-2.24872255e+00, 2.72760510e-01, 1.47653365e+00, 1.47714873e-03
-2.37242198e+00, 1.90348402e-01, 1.31097388e+00, 5.00348769e-03
-2.29532504e+00, 2.31086910e-01, 1.35965073e+00, 1.71332695e-02
-2.22690082e+00, 2.95885116e-01, 1.34253275e+00, 2.57104915e-02
-1.84284294e+00, 8.86645555e-01, 2.18382025e+00, 1.55085218e-06
-2.79261184e+00, 4.59675044e-01, 1.97151613e+00, 1.06973075e-09
-2.90706706e+00, 5.39272606e-01, 2.02395749e+00, 2.79217705e-10
-2.51246262e+00, 4.50079620e-01, 2.00060606e+00, 1.70129177e-09
-2.67938709e+00, 4.00220156e-01, 1.98839116e+00, 1.85109561e-09
-2.60464239e+00, 2.64043272e-01, 1.83040941e+00, 1.18701218e-08
-2.37620044e+00, 3.39429259e-01, 1.83470559e+00, 4.07178113e-08
-2.23762321e+00, 3.29142749e-01, 1.73644280e+00, 7.70959559e-07
-2.94920135e+00, 3.47455323e-01, 1.29051137e+00, 6.94681219e-08
-2.92992139e+00, 3.19207609e-01, 1.40008271e+00, 1.45035060e-08
-3.11479306e+00, 5.30648530e-01, 1.17196727e+00, 1.22533990e-07
-2.93374991e+00, 5.38547754e-01, 1.18068540e+00, 2.57638106e-07
-2.97991133e+00, 3.30994457e-01, 1.16938961e+00, 4.57096661e-07
-3.12375355e+00, 4.66768831e-01, 1.40489972e+00, 3.79026366e-09
-3.23807049e+00, 5.85329413e-01, 1.75126803e+00, 1.33657963e-11
-3.42229652e+00, 6.08808219e-01, 1.26896572e+00, 6.12407858e-09
-3.42235708e+00, 7.76569724e-01, 1.45299244e+00, 5.21958976e-10
-2.51418424e+00, 2.07071349e-01, 1.72215497e+00, 8.61592540e-08
-2.50138307e+00, 1.20410539e-01, 1.66996467e+00, 9.10105342e-08
-2.51838160e+00, 2.87307739e-01, 1.85300720e+00, 1.73704517e-08
-2.46980476e+00, 3.66205335e-01, 1.91969144e+00, 6.00067684e-09
-2.34582305e+00, 3.11380923e-01, 1.16008925e+00, 8.30534380e-03
-3.74123067e-01, 1.08508706e+00, 1.15321362e+00, 4.69515470e-07
-2.59097433e+00, 1.27471179e-01, 1.63743615e+00, 5.51949313e-08
-2.56602955e+00, 1.04638569e-01, 1.67982924e+00, 2.69948384e-08
-2.83817577e+00, 2.08793938e-01, 1.53529453e+00, 8.21756707e-09
-2.84203386e+00, 1.38066068e-01, 1.39995635e+00, 1.41039633e-08
-2.77570391e+00, 1.69186130e-01, 1.35017180e+00, 4.59168028e-08
-2.85488653e+00, 3.01541686e-01, 1.21939480e+00, 2.68611359e-07
-2.78784156e+00, 2.50404567e-01, 1.28042042e+00, 1.33645798e-07
-2.72588730e+00, 1.06264517e-01, 1.38206029e+00, 3.68290110e-08
-2.72001481e+00, 1.29846901e-01, 1.32145119e+00, 8.73488943e-08
-2.76412272e+00, 1.18499041e-01, 1.43545580e+00, 1.66141092e-08
-2.47122955e+00, 1.08202338e-01, 1.42458344e+00, 4.19024657e-03
-2.48464918e+00, 1.35122821e-01, 1.44751549e+00, 1.17360018e-01
-2.47856879e+00, 1.32643476e-01, 1.42429173e+00, 6.17514625e-02
-2.61729980e+00, 1.61698550e-01, 1.52012908e+00, 2.58403611e-06
-2.63645339e+00, 1.55319884e-01, 1.52784598e+00, 4.56972884e-07
-2.63215494e+00, 1.92003325e-01, 1.51578236e+00, 2.58075079e-06
-2.60050631e+00, 2.05860898e-01, 1.48166919e+00, 7.48468563e-04
-2.60136819e+00, 2.02718526e-01, 1.53187704e+00, 5.37165579e-06
-2.65263844e+00, 1.11151077e-01, 1.35430992e+00, 2.00532952e-07
-2.60743928e+00, 1.43006518e-01, 1.32830954e+00, 1.97131544e-06
-2.60065222e+00, 1.68102920e-01, 1.27235270e+00, 1.15523949e-06
-2.58278561e+00, 1.08397320e-01, 1.35802269e+00, 6.12682788e-06
-2.60730410e+00, 9.82901752e-02, 1.37252593e+00, 1.37828897e-06
-2.47258401e+00, 2.93482780e-01, 1.14122307e+00, 1.38781921e-04
-2.51232052e+00, 1.93075553e-01, 1.20854485e+00, 1.18672478e-05
-2.63176036e+00, 2.86240965e-01, 1.15837741e+00, 2.50163930e-06
-3.52766848e+00, 1.55503166e+00, 5.57182908e-01, 7.40955215e-07
-3.49911642e+00, 1.51166999e+00, 8.78257453e-02, 6.81979509e-06
-2.62800956e+00, 1.34691849e-01, 1.41201472e+00, -8.43111684e-06
-2.64618325e+00, 1.59143567e-01, 1.43641794e+00, 1.71731540e-06
-2.53022885e+00, 9.50401723e-02, 1.58854866e+00, 2.38902032e-07
-2.71114087e+00, 2.14813963e-01, 1.25391018e+00, 3.36065881e-07
-2.71605062e+00, 7.87260011e-02, 1.47983289e+00, 1.25882389e-08
-2.71846080e+00, 8.26133192e-02, 1.43249488e+00, 1.89123543e-08
-2.66913915e+00, 1.32016569e-01, 1.44648564e+00, 1.82496080e-07
-2.67996860e+00, 6.76379949e-02, 1.49951792e+00, 1.32543052e-08
-2.67984724e+00, 1.25086844e-01, 1.46781623e+00, 8.78190320e-08
-2.68286443e+00, 1.22388422e-01, 1.50421894e+00, 5.06254416e-08
-2.68251300e+00, 8.02716836e-02, 1.44500864e+00, 2.60925681e-08
-2.67417932e+00, 5.98033145e-02, 1.40101254e+00, 2.91486799e-08
-2.70373130e+00, 8.10554773e-02, 1.40722513e+00, 2.76649867e-08
-2.65560007e+00, 9.35295373e-02, 1.57300532e+00, 1.74939530e-08
-2.67948556e+00, 8.51192325e-02, 1.55384147e+00, 1.24349713e-08
-2.65874004e+00, 9.22117680e-02, 1.41393507e+00, 4.86536997e-08
-2.66508341e+00, 1.11645505e-01, 1.42576337e+00, 8.73898216e-08
-2.54619288e+00, 1.29132912e-01, 1.35865891e+00, 1.84843579e-04
-2.57344699e+00, 9.96405780e-02, 1.37825608e+00, 1.71564934e-05
-2.62300897e+00, 7.07475021e-02, 1.37112689e+00, 1.55753312e-07
-2.62684083e+00, 7.50774369e-02, 1.40578985e+00, 8.20209323e-08
-1.51053333e+00, 9.65568542e-01, 1.86397815e+00, 4.66142577e-04
-1.84654760e+00, 6.88080668e-01, 2.08140349e+00, 2.36881533e-06
-1.45352364e+00, 9.07986283e-01, 1.52559686e+00, 1.90099771e-03
-2.20586872e+00, 4.28353548e-01, 1.90514517e+00, 1.48752079e-07
-3.23776340e+00, 1.60998285e+00, 1.18358529e+00, 3.99177935e-08
-3.26823235e+00, 1.73197091e+00, 1.53297126e+00, 2.35404229e-09
-3.69176102e+00, 1.88034976e+00, 1.60979438e+00, 1.77190693e-10
-2.71603990e+00, 1.98305094e+00, 8.73249054e-01, 1.42711942e-05
-3.59075880e+00, 1.26637363e+00, 9.79948342e-01, 2.73787570e-08
-3.45700479e+00, 9.03455138e-01, 8.50300789e-01, 3.40831605e-07
-3.79424000e+00, 1.48846841e+00, 3.76199543e-01, 1.66794578e-07
-3.05401397e+00, 6.52193308e-01, 9.50946033e-01, 2.35171638e-06
-2.84477854e+00, 5.23309827e-01, 1.02105236e+00, 7.53608992e-06
-2.85392809e+00, 6.83699489e-01, 7.13632345e-01, 1.91599902e-04
-3.27805257e+00, 6.56369746e-01, 8.34401846e-01, 3.93154505e-06
-2.11102486e+00, 5.56723535e-01, 9.09208179e-01, 2.71625053e-02
-2.24060273e+00, 4.61393535e-01, 1.04194760e+00, 1.96660329e-02
-2.38714314e+00, 4.78787303e-01, 9.45865154e-01, 3.86630604e-03
-2.00560188e+00, 4.65586066e-01, 1.17885756e+00, 2.25409735e-02
-3.24020123e+00, 8.13390970e-01, 6.51854634e-01, 1.67593644e-05
-2.76314926e+00, 3.12529176e-01, 1.14233088e+00, 1.77961590e-06
-2.67576480e+00, 3.92060667e-01, 9.88932729e-01, 1.03212224e-04
-2.50517201e+00, 4.13500398e-01, 9.83734787e-01, 8.27383192e-04
-2.37123156e+00, 3.79530400e-01, 1.03755522e+00, 4.10346733e-03
-2.56426740e+00, 3.37100118e-01, 1.03042519e+00, 1.30466564e-04
-2.25631762e+00, 2.13238195e-01, 1.46882188e+00, 2.70221499e-04
-2.24808550e+00, 2.43205309e-01, 1.59189904e+00, 7.79471793e-06
-2.33244634e+00, 1.45058438e-01, 1.52024603e+00, 2.00326012e-05
-2.33003354e+00, 1.43931702e-01, 1.59760118e+00, 1.26454415e-06
-2.51056361e+00, 1.14287220e-01, 1.62351418e+00, 2.25085330e-07
-2.51805949e+00, 1.46562308e-01, 1.57643187e+00, 7.53166023e-06
-2.55309749e+00, 1.44569784e-01, 1.57725108e+00, 1.78706591e-06
-2.46903062e+00, 1.42216474e-01, 1.51908720e+00, 1.41279248e-03
-2.54633784e+00, 1.52551174e-01, 1.27709520e+00, 6.64831168e-06
-2.44196653e+00, 1.50641322e-01, 1.23608172e+00, 5.13732484e-05
-3.02085209e+00, 2.87087470e-01, 1.78576267e+00, 2.50897914e-10
-2.89541936e+00, 3.05091947e-01, 1.73982012e+00, 1.87128024e-09
-2.63280010e+00, 1.39712572e-01, 1.53299940e+00, 2.62125155e-07
-2.66771126e+00, 1.26304686e-01, 1.53319573e+00, 5.37459464e-08
-2.62886763e+00, 1.23289973e-01, 1.56679666e+00, 7.37727888e-08
-2.60837960e+00, 1.12518035e-01, 1.57104754e+00, 9.49210417e-08
-2.93749976e+00, 2.11220011e-01, 1.63187349e+00, 1.44704160e-09
-2.86993480e+00, 1.61437288e-01, 1.53655052e+00, 4.05225542e-09
-2.72467136e+00, 9.77404490e-02, 1.52000833e+00, 1.14787992e-08
-2.76491714e+00, 1.33444637e-01, 1.48311222e+00, 1.41511398e-08
-2.57435703e+00, 2.06170022e-01, 1.45654500e+00, 5.51620051e-02
-2.53526020e+00, 2.12138414e-01, 1.44157791e+00, 1.68182224e-01
-2.56028628e+00, 2.08306774e-01, 1.42253554e+00, 7.27200732e-02
-2.54034162e+00, 1.74837947e-01, 1.40191829e+00, 1.00625418e-01
-2.51648593e+00, 1.60296321e-01, 1.40657949e+00, 1.35373920e-01
-2.54993343e+00, 1.59949198e-01, 1.39186120e+00, 2.62904894e-02
-2.48585701e+00, 1.85962498e-01, 1.51170862e+00, 5.57224490e-02
-2.49707842e+00, 1.84194088e-01, 1.53882182e+00, 2.10011424e-03
-2.53279877e+00, 2.06417188e-01, 1.52687430e+00, 5.62958280e-03
-2.48401356e+00, 1.57659888e-01, 1.53104579e+00, 2.03164970e-03
-2.50905728e+00, 1.67258948e-01, 1.54450583e+00, 6.74059440e-04
-2.58633137e+00, 1.73851892e-01, 1.38746536e+00, 9.70107794e-04
-2.59484196e+00, 1.33759886e-01, 1.38819468e+00, 8.93633915e-05
-2.61156368e+00, 1.46460086e-01, 1.39653885e+00, 3.45898479e-05
-2.51503348e+00, 2.17143506e-01, 1.46668756e+00, 1.74892813e-01
-2.54945636e+00, 1.94507733e-01, 1.53778911e+00, 5.60049084e-04
-2.55017710e+00, 2.07677335e-01, 1.50503933e+00, 3.38645056e-02
-2.51558590e+00, 2.08614126e-01, 1.49599767e+00, 1.15633637e-01
-2.48967624e+00, 1.67312756e-01, 1.51441348e+00, 3.74755040e-02
-2.47304130e+00, 1.46325111e-01, 1.49606621e+00, 3.40036601e-02
-2.48223424e+00, 1.76554605e-01, 1.48099649e+00, 1.53423980e-01
-2.50161886e+00, 1.65640131e-01, 1.42753470e+00, 1.81289718e-01
-2.46851873e+00, 1.10560045e-01, 1.46980417e+00, 5.62574668e-03
-2.48485041e+00, 8.11208785e-02, 1.39105821e+00, 1.42096527e-04
-2.54752851e+00, 1.20475277e-01, 1.64654517e+00, 7.97987525e-08
-2.62051797e+00, 7.83797652e-02, 1.57423913e+00, 2.18878178e-08
-1.74534309e+00, 5.53616405e-01, 1.67431140e+00, 2.92549463e-04
-2.06346631e+00, 4.51402068e-01, 1.76048720e+00, 7.47187642e-06
-2.04725695e+00, 4.14259523e-01, 1.64658046e+00, 3.61786661e-05
-1.99023473e+00, 3.06000739e-01, 1.56227326e+00, 5.30779907e-05
-2.17643118e+00, 4.52826411e-01, 1.68254876e+00, 8.63664445e-06
-2.14471078e+00, 3.91122639e-01, 1.61508715e+00, 2.99945114e-05
-2.03037691e+00, 4.96465027e-01, 1.55048907e+00, 5.46848925e-04
-2.07377458e+00, 5.29682457e-01, 1.89896250e+00, 1.43107559e-06
-2.17311883e+00, 4.13072258e-01, 1.79936051e+00, 7.36526033e-07
-1.79383862e+00, 6.92949653e-01, 1.50530720e+00, 1.77590176e-03
-1.85174990e+00, 7.21607327e-01, 1.78992176e+00, 1.26233819e-04
-2.52318215e+00, 1.48734719e-01, 1.63952291e+00, 2.61840370e-07
-2.54800129e+00, 1.38697103e-01, 1.67698431e+00, 5.83118940e-08
-2.51791906e+00, 1.80706173e-01, 1.41282201e+00, 1.66477293e-01
-2.47948027e+00, 1.53767541e-01, 1.43604350e+00, 1.46173000e-01
-2.50394607e+00, 1.86869040e-01, 1.43653607e+00, 1.93187431e-01
-2.49067855e+00, 1.59397855e-01, 1.40748262e+00, 1.21609442e-01
-2.47534323e+00, 1.72667578e-01, 1.45871365e+00, 1.69439971e-01
-2.46028614e+00, 1.64764479e-01, 1.48907053e+00, 5.83748147e-02
-2.45085788e+00, 1.31261915e-01, 1.49597299e+00, 2.57545197e-03
-2.51254678e+00, 2.23494411e-01, 1.51370966e+00, 2.55621541e-02
-2.49765992e+00, 2.05933034e-01, 1.50179195e+00, 9.32786539e-02
-2.52271318e+00, 2.27230147e-01, 1.48696542e+00, 9.13816616e-02
-2.55258083e+00, 2.17157647e-01, 1.52406204e+00, 1.71889353e-03
-2.55260086e+00, 1.98789477e-01, 1.56231260e+00, 2.27535984e-05
-2.61928988e+00, 1.78129852e-01, 1.40298355e+00, 5.96495702e-05
-2.61021304e+00, 1.64776310e-01, 1.39337122e+00, 5.58391548e-05
-2.62048531e+00, 1.34316653e-01, 1.38900173e+00, 2.62386493e-06
-2.58226466e+00, 1.56584933e-01, 1.37453949e+00, 2.56664120e-04
-2.58611417e+00, 1.20174915e-01, 1.37747025e+00, 2.98280756e-05
-2.56350923e+00, 1.80606887e-01, 1.39136171e+00, 1.54486727e-02
-2.51758814e+00, 1.68330908e-01, 1.56450117e+00, 5.67665484e-05
-2.47205400e+00, 1.81427449e-01, 1.53645933e+00, 2.07060645e-03
-2.46269298e+00, 1.51213810e-01, 1.53664660e+00, 2.71920871e-04
-2.47555661e+00, 1.46504119e-01, 1.55199814e+00, 5.70964003e-05
-2.55712366e+00, 1.45931661e-01, 1.38720238e+00, 4.54159686e-03
-2.52031469e+00, 1.63118318e-01, 1.38242197e+00, 4.57983613e-02
-2.56086683e+00, 1.90053895e-01, 1.40983295e+00, 6.23654425e-02
-2.58891702e+00, 2.16906488e-01, 1.42440188e+00, 3.79110314e-03
-2.55574369e+00, 2.24571779e-01, 1.45373309e+00, 7.86404759e-02
-2.56902575e+00, 2.16344267e-01, 1.46752572e+00, 3.75093557e-02
-2.59131646e+00, 2.14702472e-01, 1.46065128e+00, 3.78274196e-03
-2.79793429e+00, 1.65433630e-01, 1.50344896e+00, 1.13720136e-08
-2.73757911e+00, 1.23186275e-01, 1.50543797e+00, 1.74932300e-08
-2.73019099e+00, 1.30441055e-01, 1.44384539e+00, 3.46984415e-08
-2.74722791e+00, 1.06561787e-01, 1.46283579e+00, 1.50848400e-08
-2.70320821e+00, 1.10940874e-01, 1.50669205e+00, 2.39200943e-08
-2.71992803e+00, 1.02472372e-01, 1.49471283e+00, 1.62587153e-08
-2.87266803e+00, 1.39980793e-01, 1.45022714e+00, 6.24463148e-09
-2.93183303e+00, 3.05572659e-01, 1.58319247e+00, 3.33658967e-09
-2.87373829e+00, 2.57320732e-01, 1.61536980e+00, 4.61491911e-09
-2.59837747e+00, 9.60522294e-02, 1.58251619e+00, 5.69018042e-08
-2.58619070e+00, 1.15883350e-01, 1.58506763e+00, 1.42512960e-07
-2.61764383e+00, 1.19746096e-01, 1.58604729e+00, 6.17178770e-08
-2.61069560e+00, 1.33550137e-01, 1.57233107e+00, 1.57875817e-07
-2.63575149e+00, 1.42032281e-01, 1.56868339e+00, 9.03397037e-08
-2.64382458e+00, 1.15440704e-01, 1.57229614e+00, 3.67823745e-08
-2.67097139e+00, 1.09533861e-01, 1.53577900e+00, 2.97140232e-08
-2.66606236e+00, 1.57011852e-01, 1.50624394e+00, 2.29563696e-07
-2.68346763e+00, 1.27250642e-01, 1.55735886e+00, 2.69485820e-08
-2.66828942e+00, 1.35472149e-01, 1.51629281e+00, 9.61545155e-08
-2.65600920e+00, 1.44307688e-01, 1.54227710e+00, 9.88722846e-08
-2.83559442e+00, 3.13027471e-01, 1.82120883e+00, 2.08941775e-09
-2.99793053e+00, 3.91943723e-01, 1.77728045e+00, 5.13824483e-10
-2.50428700e+00, 1.59184635e-01, 1.30002129e+00, 2.02907511e-04
-2.56454611e+00, 1.89217508e-01, 1.29691839e+00, 2.41492307e-05
-2.55012107e+00, 1.24718986e-01, 1.58917451e+00, 4.67634351e-07
-2.56353641e+00, 1.63839638e-01, 1.59107935e+00, 1.05685797e-06
-2.50488520e+00, 1.29511952e-01, 1.58053887e+00, 2.67902669e-06
-2.47348285e+00, 1.11621097e-01, 1.60489380e+00, 5.59185366e-07
-2.52525926e+00, 1.03275239e-01, 1.60272324e+00, 2.22343033e-07
-2.35270739e+00, 1.91986889e-01, 1.61783946e+00, 1.88538888e-06
-2.31419826e+00, 2.32362881e-01, 1.48904586e+00, 2.02372507e-03
-2.37958598e+00, 1.63421720e-01, 1.52790678e+00, 8.77501225e-05
-2.24057269e+00, 3.14040393e-01, 1.52297783e+00, 3.58713703e-04
-2.30418992e+00, 2.94973701e-01, 1.63723755e+00, 4.22633866e-06
-2.57871008e+00, 2.80671984e-01, 1.10483623e+00, 1.45522436e-05
-2.54385400e+00, 4.31326389e-01, 1.08604395e+00, 4.86587924e-05
-2.32530832e+00, 4.06453371e-01, 1.13005006e+00, 1.89904682e-02
-2.42315054e+00, 3.61012071e-01, 1.12511742e+00, 1.78976846e-03
-2.60614824e+00, 5.13743937e-01, 8.95666063e-01, 5.03595278e-04
-2.65726423e+00, 3.42802197e-01, 1.06528902e+00, 1.72489617e-05
-2.75951147e+00, 5.16306281e-01, 9.09183562e-01, 9.98281539e-05
-2.76947546e+00, 3.92347485e-01, 1.08263314e+00, 5.15961392e-06
-2.75366449e+00, 2.68909842e-01, 1.21959269e+00, 4.10996591e-07
-3.17683291e+00, 8.89378369e-01, 9.07593608e-01, 1.07133735e-06
-2.97708321e+00, 8.94689679e-01, 6.18924558e-01, 4.99301204e-05
-3.50314188e+00, 9.31107104e-01, 5.63246429e-01, 3.49844686e-06
-1.91041791e+00, 5.98759413e-01, 1.15554392e+00, 2.56109815e-02
-2.10598135e+00, 5.09046614e-01, 1.12304008e+00, 5.05400598e-02
-2.09030628e+00, 4.59051996e-01, 1.25715041e+00, 4.41346094e-02
-2.38174152e+00, 6.05293870e-01, 8.17354620e-01, 3.34632234e-03
-2.02905893e+00, 7.20070064e-01, 8.62740993e-01, 3.36144343e-02
-3.43387961e+00, 7.69391537e-01, 1.02675295e+00, 5.89902562e-08
-2.85089827e+00, 6.81434333e-01, 9.76717174e-01, 7.63614753e-06
-2.78858471e+00, 5.82668066e-01, 8.10071588e-01, 3.06713220e-04
-2.67103386e+00, 6.69593692e-01, 6.01687193e-01, 1.56306941e-03
-2.94653344e+00, 6.37010455e-01, 1.09146214e+00, 6.14716384e-07
-3.56457257e+00, 1.12086976e+00, 1.31208694e+00, 1.23257726e-09
-3.55969954e+00, 9.99518514e-01, 1.08939242e+00, 8.46020853e-09
-3.37779450e+00, 1.48268330e+00, 9.39728379e-01, 1.46972255e-07
-3.69388747e+00, 1.17588258e+00, 6.35894775e-01, 2.07482330e-07
-3.51417089e+00, 1.65166461e+00, 1.26140606e+00, 2.90412316e-09
-2.87560940e+00, 1.60149276e+00, 1.08129418e+00, 9.87263661e-07
-4.02648211e+00, 2.16162086e+00, 1.85267091e+00, 3.00730773e-12
-3.44113564e+00, 1.44720030e+00, 1.71604085e+00, 1.34223521e-10
-3.34709811e+00, 2.08040595e+00, 1.40184522e+00, 4.15765022e-09
-2.94662237e+00, 1.59736216e+00, 1.46007383e+00, 5.34478630e-08
-2.33355284e+00, 5.11756301e-01, 1.88566518e+00, -5.11591924e-09
-1.50021386e+00, 1.22623253e+00, 1.61691916e+00, 4.52923309e-03
-1.70260298e+00, 8.32633078e-01, 1.44315886e+00, 3.98299936e-03
-2.03484988e+00, 8.07526886e-01, 2.14311719e+00, 3.60254262e-07
-1.30537093e+00, 1.14693999e+00, 1.97979486e+00, 3.47791094e-04
-1.72717762e+00, 1.10827780e+00, 2.10400105e+00, 2.43829836e-05
-2.64526105e+00, 8.87711719e-02, 1.39673841e+00, 5.60904994e-08
-2.60631514e+00, 8.02110955e-02, 1.38251030e+00, 4.56384100e-07
-2.56622481e+00, 1.20327219e-01, 1.36684775e+00, 5.05387761e-05
-2.54377556e+00, 1.30637646e-01, 1.37685704e+00, 1.25476520e-03
-2.52278185e+00, 1.38052821e-01, 1.36336076e+00, 2.26246822e-03
-2.55560541e+00, 1.18914649e-01, 1.34028852e+00, 1.72607506e-05
-2.67561364e+00, 1.07732706e-01, 1.44729769e+00, 6.62771527e-08
-2.68874145e+00, 1.07438013e-01, 1.40799391e+00, 5.71331391e-08
-2.67356753e+00, 8.67260844e-02, 1.40115166e+00, 4.51498252e-08
-2.67885017e+00, 9.18602347e-02, 1.57702398e+00, 1.23795365e-08
-2.64139533e+00, 9.89581198e-02, 1.58774412e+00, 2.11335092e-08
-2.70334101e+00, 9.86144543e-02, 1.45159626e+00, 2.92795583e-08
-2.65850520e+00, 1.49898395e-01, 1.45429981e+00, 6.27349948e-07
-2.66160560e+00, 1.41778216e-01, 1.42295432e+00, 2.46293212e-07
-2.69709325e+00, 1.71760499e-01, 1.30237389e+00, 1.94198066e-07
-2.66784167e+00, 1.89324230e-01, 1.25004709e+00, 4.16886706e-07
-2.65524840e+00, 1.78491205e-01, 1.45662296e+00, 1.55224518e-06
-2.63961649e+00, 1.77256450e-01, 1.43245208e+00, 8.74981833e-06
-2.63168335e+00, 1.16169170e-01, 1.40290689e+00, -6.24678876e-07
-2.64465308e+00, 1.42124400e-01, 1.41882968e+00, 5.43360343e-08
-3.26009774e+00, 1.20153630e+00, 6.81654155e-01, 5.21665788e-06
-2.54752755e+00, 2.49841884e-01, 1.21561623e+00, 1.24834287e-05
-2.68952036e+00, 2.55811930e-01, 1.17900610e+00, 1.16670310e-06
-2.56511927e+00, 1.94376841e-01, 1.23611486e+00, 2.70454757e-06
-2.41204977e+00, 2.78986603e-01, 1.17437077e+00, 1.89534889e-03
-2.63341451e+00, 1.12352438e-01, 1.37388837e+00, 5.11325482e-07
-2.58300161e+00, 1.21825881e-01, 1.33918846e+00, 4.29845659e-06
-2.60829473e+00, 1.72735959e-01, 1.30848253e+00, 2.45298270e-06
-2.63585353e+00, 1.32265598e-01, 1.34195685e+00, 7.07170955e-07
-2.66676855e+00, 1.40589133e-01, 1.33405900e+00, 2.23136539e-07
-2.62455273e+00, 2.13158906e-01, 1.53728843e+00, -1.21066520e-07
-2.59416389e+00, 2.24733725e-01, 1.49046493e+00, 5.16440545e-04
-2.64410925e+00, 1.83120683e-01, 1.49899423e+00, 1.52833195e-06
-2.63875604e+00, 1.82777599e-01, 1.53679991e+00, 5.25768371e-07
-2.61922765e+00, 2.09543288e-01, 1.50858307e+00, 1.08213417e-05
-2.46313214e+00, 1.29339293e-01, 1.44065166e+00, 3.42504680e-02
-2.45902896e+00, 1.24619618e-01, 1.41061532e+00, 1.13458466e-02
-2.75409794e+00, 1.62790567e-01, 1.42815781e+00, 3.83922725e-08
-2.70854926e+00, 1.37662217e-01, 1.36480415e+00, 8.70187122e-08
-2.78626633e+00, 2.26910993e-01, 1.34467185e+00, 5.64017846e-08
-2.80694532e+00, 3.36050272e-01, 1.30052209e+00, 1.04412017e-07
-2.88292098e+00, 3.85165364e-01, 1.19060898e+00, 3.19767224e-07
-2.80707359e+00, 1.97415993e-01, 1.57615089e+00, 8.42858228e-09
-2.83678412e+00, 1.98215276e-01, 1.46802139e+00, 1.16922800e-08
-2.59028459e+00, 1.37304768e-01, 1.67252612e+00, 3.81509011e-08
-2.26966834e+00, 2.98032731e-01, 1.22472990e+00, 2.00619325e-02
-2.35307360e+00, 2.61604279e-01, 1.23550737e+00, 1.04396176e-02
-2.47221851e+00, 3.44328314e-01, 1.82812643e+00, 2.35411086e-08
-2.53985238e+00, 2.78911024e-01, 1.77303219e+00, 4.47043398e-08
-2.54870510e+00, 1.80110782e-01, 1.72588456e+00, 4.39720331e-08
-2.47349215e+00, 1.96144938e-01, 1.68321109e+00, 2.33028260e-07
-2.49787116e+00, 2.38238424e-01, 1.75487983e+00, 7.27713143e-08
-3.23892665e+00, 7.28047788e-01, 1.28375685e+00, 1.18341772e-08
-3.38183093e+00, 9.56868708e-01, 1.66438103e+00, 9.79282627e-11
-3.24071002e+00, 7.33254254e-01, 1.59156859e+00, 2.43815856e-10
-3.19002008e+00, 6.40182436e-01, 1.97047913e+00, 2.10827258e-11
-3.19826198e+00, 5.15173733e-01, 1.57399833e+00, 2.25756303e-10
-3.13903666e+00, 5.00823438e-01, 1.84967351e+00, 4.79019463e-11
-3.01947498e+00, 3.95332992e-01, 1.38314819e+00, 1.36312712e-08
-3.11711764e+00, 4.01600033e-01, 1.48437953e+00, 1.52037416e-09
-3.16324759e+00, 5.18138468e-01, 1.30680001e+00, 1.37919329e-08
-2.86391211e+00, 2.62267053e-01, 1.38502097e+00, 2.25618262e-08
-2.92028737e+00, 3.12541634e-01, 1.48564160e+00, 6.99725478e-09
-2.33739614e+00, 3.70535344e-01, 1.74220276e+00, 2.14968026e-07
-2.40493941e+00, 3.00493777e-01, 1.78326118e+00, 1.01668590e-07
-2.64299345e+00, 3.56375903e-01, 1.86109650e+00, 9.34665412e-09
-2.67586040e+00, 2.69415170e-01, 1.76301587e+00, 1.54079327e-08
-2.64149117e+00, 5.02732635e-01, 2.05774021e+00, 1.12196585e-09
-2.37942266e+00, 4.72638637e-01, 2.01705170e+00, 4.99613506e-09
-2.75562787e+00, 5.35729229e-01, 2.09093165e+00, 4.55251753e-10
-3.00402427e+00, 4.86411452e-01, 1.91070092e+00, 2.01261383e-10
-2.09815454e+00, 1.03344452e+00, 2.14794993e+00, 3.02459142e-07
-2.25287676e+00, 3.48004043e-01, 1.42208195e+00, 3.83452959e-02
-2.18722844e+00, 3.35603952e-01, 1.25747442e+00, 2.66709067e-02
-2.35622525e+00, 1.84286192e-01, 1.36990345e+00, 1.50790820e-02
-2.42450333e+00, 1.91780970e-01, 1.27198458e+00, 1.68111827e-03
-2.16848063e+00, 4.38457936e-01, 1.45873654e+00, 1.40421242e-02
-2.12559962e+00, 1.37437868e+00, 2.30075336e+00, 7.27534015e-08
-1.87808025e+00, 1.50174356e+00, 1.88816023e+00, 4.39458454e-05
-1.30406308e+00, 1.50776708e+00, 1.76391363e+00, 2.42593419e-03
-3.28981471e+00, 1.26825690e+00, 2.11183548e+00, 4.71596130e-11
-2.70715857e+00, 2.14984596e-01, 1.74491191e+00, 9.34016953e-09
-2.74187231e+00, 2.14277476e-01, 1.65940428e+00, 1.28132367e-08
-2.61518240e+00, 1.58158854e-01, 1.57104647e+00, 1.96001210e-07
-2.58362794e+00, 2.08600745e-01, 1.54310644e+00, 4.75879506e-06
-4.03836203e+00, 1.20109069e+00, 2.66610718e+00, 2.95479143e-15
-2.83251238e+00, 9.72454369e-01, 2.27417493e+00, 2.40442860e-10
-2.66582012e+00, 1.40230381e+00, 2.02304244e+00, 1.16899468e-08
-2.37539005e+00, 9.60894823e-01, 2.38396525e+00, 2.06337392e-09
-2.45512390e+00, 1.18042201e-01, 1.57726407e+00, 2.20863967e-06
-2.41667676e+00, 1.52245060e-01, 1.56567466e+00, 1.25174583e-05
-2.42496157e+00, 2.17666477e-01, 1.70280564e+00, 2.55385004e-07
-2.33561993e+00, 1.94739535e-01, 1.76077545e+00, 1.33975789e-07
-2.29475045e+00, 1.93013251e-01, 1.63615882e+00, 1.24351118e-06
-2.74526358e+00, 7.07181633e-01, 2.35887265e+00, 1.04716319e-10
-2.62516356e+00, 1.69804618e-01, 1.43822396e+00, 4.47042657e-05
-2.62947631e+00, 2.00691536e-01, 1.44461596e+00, 3.13430319e-05
-2.56295943e+00, 2.31965974e-01, 1.48826849e+00, 1.26776844e-02
-2.73539090e+00, 1.41285077e-01, 1.57832813e+00, 1.18847865e-08
-2.78753066e+00, 1.94115862e-01, 1.62523508e+00, 8.38037284e-09
-2.48473835e+00, 1.38493687e-01, 1.33019662e+00, 7.56647030e-04
-2.50238109e+00, 1.08870320e-01, 1.59035468e+00, 6.77207709e-07
-2.51085186e+00, 9.47210714e-02, 1.56473947e+00, 3.03311168e-07
-2.50509071e+00, 5.27217649e-02, 1.55891681e+00, 3.60031045e-08
-2.54977512e+00, 9.61496830e-02, 1.59839118e+00, 1.30746969e-07
-2.65481973e+00, 1.46287858e-01, 1.63788211e+00, 2.50200145e-08
-2.63090730e+00, 1.30558133e-01, 1.67012262e+00, 1.94192804e-08
-2.61226869e+00, 1.13623053e-01, 1.60964417e+00, 4.17556514e-08
-2.29929590e+00, 5.70644915e-01, 2.11848855e+00, 9.91267246e-09
-2.93646169e+00, 7.29674399e-01, 2.26434970e+00, 7.49591986e-11
-3.29671478e+00, 8.62900078e-01, 2.32267904e+00, 3.14558189e-12
-2.42396951e+00, 1.52970660e+00, 1.50152028e+00, 1.76296930e-06
-2.78286982e+00, 2.21704817e+00, 1.92269397e+00, 4.01478850e-08
-2.42553854e+00, 1.53467274e+00, 2.15288305e+00, 2.32220660e-08
-1.36875701e+00, 1.36586320e+00, 8.93948078e-01, 7.35229487e-03
-1.87839115e+00, 1.33437324e+00, 4.73532349e-01, 1.80962700e-02
-1.81609476e+00, 1.40319824e+00, 8.18350792e-01, 1.84724592e-02
-1.52971995e+00, 1.53657436e+00, 1.29178905e+00, 1.22862738e-02
-2.74501324e+00, 1.50994122e+00, 6.73917115e-01, 4.39379110e-05
-2.30580807e+00, 1.38736296e+00, 4.21109974e-01, 3.26419645e-03
-9.00516689e-01, 1.48737109e+00, 1.62007308e+00, 2.84501235e-04
-3.58127904e+00, 9.22640741e-01, 1.82402194e+00, 5.37700787e-12
-2.64769816e+00, 9.57619667e-01, 3.02282929e-01, 1.71291595e-03
-2.14538240e+00, 9.00501370e-01, 7.73710072e-01, 1.04567632e-02
-1.75487018e+00, 1.04891253e+00, 8.75947118e-01, 3.25311124e-02
-1.87740707e+00, 7.80422211e-01, 8.20154130e-01, 3.28384861e-02
-2.36049390e+00, 1.08108521e+00, 1.10850252e-01, 6.38581812e-03
-2.71795774e+00, 1.61489952e+00, 3.27600092e-01, 6.12978998e-04
-2.44252443e+00, 1.37611508e-01, 1.52525222e+00, 2.16121975e-04
-2.40318990e+00, 1.47031710e-01, 1.51222968e+00, 2.38063090e-04
-2.45836616e+00, 9.95656177e-02, 1.50300884e+00, 1.63699253e-04
-2.43539524e+00, 1.33519426e-01, 1.45184600e+00, 1.29409274e-02
-2.33592010e+00, 1.42884254e-01, 1.47335625e+00, 1.19015443e-04
-2.41904116e+00, 1.65429130e-01, 1.37128961e+00, 1.87020414e-02
-2.49378896e+00, 1.27285019e-01, 1.38190460e+00, 6.85737748e-03
-2.43249822e+00, 1.29116848e-01, 1.35575199e+00, 1.22991775e-03
-2.49942255e+00, 1.13249168e-01, 1.38569677e+00, 2.15446949e-03
-2.45642066e+00, 1.62526593e-01, 1.35584307e+00, 1.74030513e-02
-2.42585206e+00, 1.71725124e-01, 1.32855964e+00, 6.70703687e-03
-2.44205713e+00, 1.35119706e-01, 1.39150906e+00, 9.26856697e-03
-2.47213030e+00, 1.41921133e-01, 1.39544666e+00, 3.27687003e-02
-2.49015045e+00, 1.55331820e-01, 1.36754262e+00, 2.49065738e-02
-2.40434384e+00, 2.04622701e-01, 1.40250278e+00, 7.94299692e-02
-2.37472391e+00, 1.67877749e-01, 1.49161375e+00, 1.12585805e-03
-2.31624746e+00, 1.96666345e-01, 1.45746779e+00, 2.43345834e-03
-2.45447183e+00, 1.62386581e-01, 1.44147015e+00, 1.05457097e-01
-2.44019747e+00, 1.34540260e-01, 1.42560828e+00, 1.83676705e-02
-2.40064621e+00, 1.34952635e-01, 1.45800710e+00, 2.00954196e-03
-2.43457770e+00, 1.56676501e-01, 1.46967077e+00, 2.76226141e-02
-2.41055918e+00, 1.77822202e-01, 1.50858128e+00, 2.59657740e-03
-2.43370795e+00, 1.49252564e-01, 1.50313151e+00, 2.81246542e-03
-2.40075397e+00, 1.04862535e+00, 4.49266553e-01, 1.94248848e-03
-2.07020378e+00, 1.46467149e+00, 1.31628618e-01, 9.73910838e-03
-2.00391841e+00, 8.96316588e-01, 9.86635208e-01, 3.54604125e-02
-1.89073944e+00, 1.26137459e+00, 1.19046807e+00, 8.98833480e-03
-1.60324693e+00, 1.17527080e+00, 1.08688772e+00, 2.41405442e-02
-1.95468736e+00, 1.13588130e+00, 8.30895603e-01, 1.95735171e-02
-2.39301896e+00, 9.92295563e-01, 7.20053673e-01, 3.28552152e-04
-2.22346973e+00, 7.43847191e-01, 9.31476653e-01, 1.17303589e-02
-2.87772155e+00, 7.95088470e-01, 3.91830176e-01, 8.51852237e-04
-2.90837955e+00, 1.18293989e+00, 4.03608918e-01, 1.64292505e-04
-3.32608628e+00, 8.13447714e-01, 1.82990682e+00, 1.89305880e-11
-3.52661657e+00, 1.18198907e+00, 1.85432208e+00, 1.27451738e-11
-1.23490810e+00, 1.42707002e+00, 1.39630270e+00, 4.23545437e-03
-2.19353080e+00, 1.41666901e+00, 8.22852671e-01, 1.16714346e-03
-2.50601172e+00, 1.60978079e+00, 9.84319627e-01, 2.72441812e-05
-3.04822373e+00, 1.32864523e+00, 9.80159581e-01, 6.74787714e-07
-2.95333600e+00, 1.35506177e+00, 7.23872960e-01, 1.44417882e-05
-1.62798202e+00, 1.57891691e+00, 1.62938714e+00, 3.45441117e-03
-1.93099141e+00, 1.78571653e+00, 1.26080954e+00, 1.54888525e-03
-2.34913373e+00, 1.21230471e+00, 2.11733389e+00, 3.86412076e-08
-2.18181539e+00, 1.52095151e+00, 1.59050250e+00, 2.09483878e-05
-2.64126158e+00, 1.41478264e+00, 1.35384953e+00, 1.38993528e-06
-2.46015549e+00, 1.40250599e+00, 1.84399903e+00, 2.18937828e-07
-3.29942489e+00, 7.59635270e-01, 2.06195164e+00, 5.84687420e-12
-2.77439880e+00, 7.19539881e-01, 2.11376929e+00, 7.61813779e-10
-3.00362515e+00, 6.55922532e-01, 2.07799196e+00, 1.11263457e-10
-2.46821308e+00, 5.68112910e-01, 2.09684277e+00, 2.07468909e-09
-2.33984804e+00, 7.22530723e-01, 2.07368422e+00, 2.38375932e-08
-2.59229851e+00, 9.99367982e-02, 1.59820259e+00, 5.63341658e-08
-2.63532925e+00, 1.24641232e-01, 1.59666014e+00, 3.67522404e-08
-2.60182524e+00, 1.35729790e-01, 1.59862721e+00, 1.05552253e-07
-2.62324452e+00, 1.52069584e-01, 1.64926231e+00, 3.85369958e-08
-2.61880493e+00, 1.73392832e-01, 1.69038928e+00, 3.12905684e-08
-2.68593788e+00, 1.46818116e-01, 1.63859773e+00, 1.57566262e-08
-2.63511896e+00, 1.70245528e-01, 1.57784879e+00, 1.15053872e-07
-2.48334837e+00, 1.25216931e-01, 1.58178949e+00, 2.26499333e-06
-2.51408291e+00, 1.58310667e-01, 1.34212410e+00, 2.20415951e-03
-2.44616055e+00, 1.31614551e-01, 1.32676327e+00, 5.66511764e-04
-2.45964241e+00, 1.58981472e-01, 1.30924261e+00, 9.44724306e-04
-2.73174262e+00, 1.74975917e-01, 1.61618805e+00, 1.40251064e-08
-2.77997160e+00, 2.68806040e-01, 1.64154088e+00, 1.32741844e-08
-2.84193444e+00, 2.01916784e-01, 1.62809777e+00, 4.23502478e-09
-2.71036959e+00, 1.21836036e-01, 1.55564845e+00, 1.56864619e-08
-2.70652986e+00, 1.37997314e-01, 1.61618400e+00, 1.28958817e-08
-2.73571014e+00, 1.83066368e-01, 1.55829120e+00, 2.44366518e-08
-2.56308818e+00, 2.36636207e-01, 1.52372241e+00, 2.41472473e-04
-2.57484007e+00, 2.34738648e-01, 1.46926391e+00, 7.44964601e-03
-2.61224532e+00, 2.16033533e-01, 1.42125499e+00, 1.59155272e-04
-2.62947631e+00, 2.18930066e-01, 1.46536446e+00, 2.83934387e-05
-2.65643501e+00, 1.96295902e-01, 1.43816876e+00, 2.87019361e-06
-2.31933093e+00, 2.34976470e-01, 1.58347595e+00, 1.53232504e-05
-2.47638988e+00, 2.56234795e-01, 1.69732678e+00, 2.65972801e-07
-2.38206530e+00, 2.26578161e-01, 1.65572345e+00, 1.17828108e-06
-2.37949228e+00, 1.61321983e-01, 1.57048273e+00, 7.76847446e-06
-2.44823527e+00, 1.45809233e-01, 1.55894303e+00, 2.12272425e-05
-2.40825367e+00, 1.92536607e-01, 1.59984291e+00, 6.01467718e-06
-2.92494464e+00, 1.21895933e+00, 2.07118034e+00, 7.41992523e-10
-2.60218954e+00, 2.09750310e-01, 1.55555463e+00, 1.06896709e-06
-2.71790099e+00, 2.77088612e-01, 1.69871008e+00, 1.85391258e-08
-2.69389987e+00, 1.90216288e-01, 1.68616128e+00, 1.54247140e-08
-2.64823318e+00, 1.87673539e-01, 1.72009528e+00, 1.79170403e-08
-2.74038339e+00, 2.91174591e-01, 1.78245544e+00, 7.26095717e-09
-3.56285882e+00, 1.18969357e+00, 2.30828071e+00, 1.09943727e-12
-2.00698996e+00, 1.19101727e+00, 1.96621621e+00, 4.31894614e-06
-2.38604665e+00, 1.32256258e+00, 2.54663610e+00, 2.42654430e-09
-2.18339252e+00, 3.70660245e-01, 1.53888106e+00, 3.27523885e-04
-2.11201787e+00, 5.68816483e-01, 1.36715639e+00, 3.85933332e-02
-2.51250958e+00, 2.12601587e-01, 1.29082572e+00, 6.91641646e-04
-2.42530322e+00, 2.53816843e-01, 1.22490382e+00, 3.71167483e-03
-2.35202765e+00, 1.71610057e-01, 1.42788613e+00, 4.98999003e-03
-2.34715843e+00, 1.51736006e-01, 1.33426166e+00, 1.11463864e-03
-2.19820905e+00, 3.87753576e-01, 1.17174721e+00, 3.38710584e-02
-2.26898360e+00, 3.75469357e-01, 1.29741609e+00, 8.85362476e-02
-2.32321429e+00, 2.90818751e-01, 1.44583166e+00, 4.25706543e-02
-3.03246641e+00, 6.39684558e-01, 1.86342716e+00, 1.82620627e-10
-2.44343591e+00, 4.94268268e-01, 1.89504409e+00, -9.78432624e-09
-2.61504865e+00, 2.42988154e-01, 1.75439250e+00, 2.48891574e-08
-2.66374493e+00, 3.12918335e-01, 1.79573333e+00, 1.42934020e-08
-2.77953649e+00, 3.70887041e-01, 1.85936034e+00, 3.23614024e-09
-2.52943683e+00, 4.26447481e-01, 1.86050546e+00, 8.46452775e-09
-2.57184649e+00, 3.34142685e-01, 1.80064893e+00, 2.72814873e-08
-2.48468304e+00, 2.93552786e-01, 1.78586292e+00, 6.04385946e-08
-2.37779260e+00, 3.13745856e-01, 1.71944201e+00, 4.49449260e-07
-2.41963553e+00, 3.89120370e-01, 1.77495670e+00, 4.83880713e-09
-2.26972961e+00, 3.85316521e-01, 1.65601659e+00, 8.85997179e-06
-2.33825994e+00, 4.23560321e-01, 1.81997788e+00, -3.66100679e-08
-2.87852144e+00, 2.49601260e-01, 1.47337031e+00, 9.73595427e-09
-2.85521674e+00, 2.91099340e-01, 1.54813731e+00, 1.00993027e-08
-2.98393297e+00, 4.05175745e-01, 1.52046800e+00, 2.85975932e-09
-2.85862756e+00, 3.63729447e-01, 1.43135881e+00, 2.04888124e-08
-2.82667732e+00, 2.28342324e-01, 1.40399349e+00, 2.30583765e-08
-2.84305930e+00, 3.45588595e-01, 1.35936737e+00, 4.27521734e-08
-2.80502677e+00, 2.80877680e-01, 1.34691858e+00, 5.59494175e-08
-3.04135084e+00, 6.42894983e-01, 1.27082205e+00, 2.67077684e-08
-2.93084359e+00, 4.69253540e-01, 1.31732166e+00, 4.03038101e-08
-3.09115696e+00, 4.72906947e-01, 1.69526124e+00, 1.40340156e-10
-3.11800623e+00, 6.33132517e-01, 1.45766652e+00, 2.11398610e-09
-3.25480938e+00, 4.27866638e-01, 1.46404374e+00, 1.05008213e-09
-3.25042176e+00, 9.25896704e-01, 1.45332372e+00, 1.91693439e-09
-3.37113190e+00, 9.76677120e-01, 1.18984604e+00, 1.13192531e-08
-3.18598008e+00, 8.53858054e-01, 1.11223519e+00, 7.19123179e-08
-2.45204282e+00, 1.65392414e-01, 1.63201821e+00, 6.56267673e-07
-2.52333570e+00, 1.73618689e-01, 1.67582226e+00, 1.28507835e-07
-2.39223433e+00, 2.28086576e-01, 1.26667929e+00, 7.41311116e-03
-2.31950951e+00, 2.87308216e-01, 1.30324304e+00, 5.82795404e-02
-2.56638098e+00, 1.54746905e-01, 1.64705670e+00, 1.18054189e-07
-2.78396058e+00, 2.16249943e-01, 1.44871652e+00, 3.13262412e-08
-2.78600407e+00, 3.71855736e-01, 1.24294496e+00, 2.80354357e-07
-2.72281694e+00, 2.24294096e-01, 1.31315970e+00, 1.52054298e-07
-2.74327874e+00, 2.03923285e-01, 1.38266182e+00, 8.24245987e-08
-2.67304087e+00, 1.26631156e-01, 1.37054038e+00, 1.82798416e-07
-2.72037339e+00, 1.66738540e-01, 1.34481537e+00, 9.98948195e-08
-2.72470379e+00, 1.37420058e-01, 1.40966094e+00, 4.90489960e-08
-2.72972131e+00, 1.64806873e-01, 1.46998918e+00, 5.25040491e-08
-2.62168860e+00, 2.09693804e-01, 1.48500228e+00, 3.54105068e-05
-2.61462569e+00, 2.31999815e-01, 1.50883901e+00, 4.91042238e-06
-2.64878631e+00, 1.66227221e-01, 1.55136681e+00, 1.50561505e-07
-2.65452385e+00, 1.69551477e-01, 1.52120912e+00, 3.29571122e-07
-2.65311646e+00, 2.05850661e-01, 1.52290201e+00, 6.15474107e-07
-2.65342951e+00, 1.87681735e-01, 1.47855496e+00, 1.43804220e-06
-2.61014724e+00, 2.22854629e-01, 1.47069621e+00, 1.58199997e-04
-2.63592339e+00, 1.60861760e-01, 1.35100996e+00, 1.69908958e-06
-2.64499378e+00, 1.48226619e-01, 1.29666197e+00, 3.70431309e-07
-2.60824585e+00, 1.33915111e-01, 1.36071110e+00, 5.18641673e-06
-2.58031774e+00, 1.70845136e-01, 1.33462083e+00, 3.26382215e-05
-2.59935212e+00, 2.10704863e-01, 1.28761792e+00, 3.77936044e-06
-2.57279682e+00, 1.44552454e-01, 1.34973216e+00, 3.54980984e-05
-2.59515619e+00, 2.35795423e-01, 1.22900176e+00, 1.98576640e-06
-2.51808786e+00, 2.25661114e-01, 1.24647450e+00, 7.62242853e-05
-2.65381980e+00, 2.42908552e-01, 1.23497486e+00, 7.30906322e-07
-2.68953395e+00, 3.41037929e-01, 1.15831482e+00, 1.85305589e-06
-2.54562354e+00, 2.97578454e-01, 1.16311884e+00, 1.41452010e-05
-3.23788285e+00, 1.16991293e+00, 1.05493104e+00, 1.47976124e-07
-2.63978624e+00, 1.63187265e-01, 1.41065657e+00, 3.23102904e-06
-2.64389396e+00, 1.04801379e-01, 1.41267741e+00, -1.10883649e-10
-2.67038631e+00, 1.63010135e-01, 1.43723989e+00, 3.25715320e-07
-2.68736243e+00, 1.28342390e-01, 1.42677426e+00, 9.36282447e-08
-2.66486907e+00, 1.19266562e-01, 1.40374899e+00, 1.11717803e-07
-2.66349673e+00, 1.38001278e-01, 1.46963215e+00, 2.73647686e-07
-2.69633198e+00, 8.04650038e-02, 1.46570301e+00, 1.84587794e-08
-2.68724895e+00, 9.37873498e-02, 1.42672265e+00, 3.71954947e-08
-2.71859956e+00, 1.18725143e-01, 1.46928048e+00, 2.83708079e-08
-2.66654944e+00, 1.10960022e-01, 1.58194792e+00, 1.95277678e-08
-2.68915224e+00, 1.04149051e-01, 1.46350694e+00, 3.94511304e-08
-2.56896400e+00, 1.35173365e-01, 1.32502031e+00, 9.54110783e-06
-2.54499412e+00, 1.53800234e-01, 1.36804271e+00, 2.46941135e-03
-2.56401134e+00, 1.35102451e-01, 1.37736142e+00, 4.66283498e-04
-2.61221743e+00, 9.58863348e-02, 1.39516723e+00, 4.35912426e-07
-2.61388850e+00, 7.96172619e-02, 1.41374803e+00, 1.68197317e-07
-1.73258173e+00, 9.41416562e-01, 2.37590218e+00, 4.32549513e-07
-1.87366033e+00, 9.02184129e-01, 1.89344013e+00, 5.81640961e-05
-2.19068336e+00, 9.38295484e-01, 2.29515409e+00, 2.40575186e-08
-1.80989349e+00, 9.00531173e-01, 1.62031984e+00, 7.64659431e-04
-1.63972759e+00, 1.05975986e+00, 1.35537720e+00, 1.04301823e-02
-1.72602069e+00, 8.61330330e-01, 1.22888231e+00, 2.10171659e-02
-2.23459435e+00, 5.42692780e-01, 1.83052921e+00, 3.06872067e-07
-3.14853263e+00, 1.44007111e+00, 1.54106283e+00, 3.08399573e-09
-3.40784025e+00, 1.33427858e+00, 1.44782710e+00, 1.11318510e-09
-3.74256945e+00, 1.34215415e+00, 1.37418079e+00, 3.56646018e-10
-2.77904940e+00, 6.71913743e-01, 1.11333847e+00, 7.42416660e-07
-2.52378702e+00, 6.53736293e-01, 7.54948080e-01, 1.11145957e-03
-2.72432661e+00, 8.93228471e-01, 7.58849978e-01, 4.85845012e-05
-1.98246765e+00, 6.56990886e-01, 1.03613949e+00, 4.74478193e-02
-2.46864820e+00, 4.69606221e-01, 8.25752079e-01, 2.98836222e-03
-1.81265080e+00, 7.35133410e-01, 1.08882844e+00, 3.30820717e-02
-1.87725711e+00, 7.23556340e-01, 1.30615890e+00, 1.87234487e-02
-2.80148554e+00, 2.36299261e-01, 1.18759418e+00, 5.56425846e-07
-2.80282807e+00, 4.85932440e-01, 1.14439416e+00, 1.07645258e-06
-2.67568660e+00, 4.53454792e-01, 1.09402716e+00, 7.19493755e-06
-2.59026074e+00, 3.49451333e-01, 1.13545287e+00, 6.95891231e-06
-2.49956632e+00, 5.47806382e-01, 1.02612972e+00, 1.18410469e-04
-2.61718702e+00, 5.06459236e-01, 1.02900803e+00, 3.69191839e-05
-2.35473990e+00, 5.13692021e-01, 1.08749473e+00, 9.22691170e-03
-2.31886578e+00, 2.95621634e-01, 1.70015776e+00, 8.19033517e-07
-2.29726410e+00, 3.16924870e-01, 1.57426047e+00, 3.83906772e-05
-2.31590676e+00, 1.95365682e-01, 1.52853215e+00, 7.57090093e-05
-2.52688503e+00, 1.27965093e-01, 1.60424101e+00, 4.64376228e-07
-2.56899405e+00, 1.43907651e-01, 1.59561157e+00, 4.15785991e-07
-2.54143763e+00, 1.76035121e-01, 1.58089530e+00, 6.24264476e-06
-2.56874728e+00, 1.86396807e-01, 1.57998848e+00, 2.18935202e-06
-2.54657865e+00, 1.63968816e-01, 1.32159424e+00, 1.10133136e-04
-2.93420124e+00, 4.01095182e-01, 1.65467286e+00, 2.48598808e-09
-2.66454554e+00, 1.27466843e-01, 1.55485570e+00, 4.22136637e-08
-2.65391040e+00, 1.48076802e-01, 1.51988018e+00, 2.17384553e-07
-2.67598414e+00, 1.50322989e-01, 1.53439307e+00, 7.46490372e-08
-2.68458557e+00, 1.46281213e-01, 1.50392365e+00, 8.82239277e-08
-2.68795800e+00, 1.21200487e-01, 1.52913916e+00, 3.11092343e-08
-2.63256288e+00, 1.55899495e-01, 1.54830027e+00, 2.31877905e-07
-2.59171247e+00, 1.30646229e-01, 1.57354164e+00, 2.79215641e-07
-2.57928848e+00, 2.23505661e-01, 1.44256270e+00, 1.54181253e-02
-2.52603126e+00, 2.37329498e-01, 1.45872045e+00, 1.25270769e-01
-2.58258772e+00, 2.02581957e-01, 1.40078259e+00, 3.53203295e-03
-2.54245424e+00, 1.98607758e-01, 1.39712358e+00, 7.78976008e-02
-2.48630166e+00, 1.67768762e-01, 1.55326748e+00, 1.63299585e-04
-2.46885633e+00, 1.64838672e-01, 1.51462829e+00, 1.06966123e-02
-2.48562932e+00, 2.09281117e-01, 1.52422857e+00, 1.23453811e-02
-2.60234332e+00, 1.51107952e-01, 1.37822592e+00, 4.32265042e-05
-2.54029131e+00, 2.15849459e-01, 1.54668319e+00, 2.23962037e-04
-2.47741151e+00, 2.00784445e-01, 1.47466362e+00, 1.61409751e-01
-2.51537204e+00, 2.05358297e-01, 1.51478767e+00, 3.67914028e-02
-2.49221087e+00, 1.91604897e-01, 1.45572352e+00, 1.91783190e-01
-2.49365115e+00, 1.90044835e-01, 1.41320038e+00, 1.77712411e-01
-2.01837373e+00, 6.00722790e-01, 1.70819640e+00, 4.86131466e-05
-1.89908981e+00, 5.93191266e-01, 1.84686720e+00, 2.72121815e-05
-1.96978271e+00, 5.65212309e-01, 1.46896040e+00, 5.31077385e-03
-1.97806418e+00, 7.59360969e-01, 1.49333119e+00, 4.96170251e-03
-2.01185536e+00, 7.10574567e-01, 1.95205712e+00, 3.58162879e-06
-2.11043382e+00, 5.45817435e-01, 1.65050626e+00, 4.60499396e-05
-1.90922773e+00, 6.41533554e-01, 1.61987233e+00, 4.76303452e-04
-2.50621629e+00, 1.81693077e-01, 1.36234021e+00, 2.84153726e-02
-2.44542146e+00, 1.77159742e-01, 1.39182758e+00, 7.54282475e-02
-2.47674894e+00, 1.81262404e-01, 1.42926264e+00, 1.76851124e-01
-2.50019097e+00, 1.84606090e-01, 1.38866997e+00, 1.12282515e-01
-2.51055217e+00, 2.25777268e-01, 1.43564534e+00, 1.80916905e-01
-2.46644664e+00, 1.89820334e-01, 1.49512470e+00, 8.13337117e-02
-2.45171785e+00, 1.81394696e-01, 1.46542275e+00, 1.13997847e-01
-2.49749136e+00, 2.30393961e-01, 1.48382223e+00, 1.15561239e-01
-2.50586033e+00, 2.13914961e-01, 1.54270685e+00, 1.33707596e-03
-2.56540060e+00, 2.26440907e-01, 1.54759347e+00, 3.76031712e-05
-2.52663970e+00, 2.11969689e-01, 1.57144392e+00, 3.10546529e-05
-2.53658175e+00, 2.35192657e-01, 1.53285754e+00, 8.91345902e-04
-2.59498501e+00, 1.65435418e-01, 1.35904229e+00, 3.62752689e-05
-2.62378621e+00, 1.53650612e-01, 1.37239802e+00, 4.79346818e-06
-2.44445324e+00, 1.69688493e-01, 1.52043474e+00, 2.54458445e-03
-2.49394536e+00, 1.56534433e-01, 1.58070290e+00, 8.13284623e-06
-2.46860433e+00, 1.69808164e-01, 1.56365108e+00, 5.38254535e-05
-2.55270290e+00, 1.95163235e-01, 1.33651650e+00, 5.51899022e-04
-2.54703045e+00, 1.80740461e-01, 1.37920177e+00, 1.60206035e-02
-2.53805828e+00, 2.19016686e-01, 1.41530144e+00, 1.17479928e-01
-2.60799551e+00, 2.03431919e-01, 1.39746201e+00, 1.46422535e-04
-2.59356713e+00, 2.27992222e-01, 1.40621865e+00, 7.17780844e-04
-2.54343510e+00, 2.25644022e-01, 1.47373426e+00, 8.60262439e-02
-2.56602764e+00, 2.48228312e-01, 1.44702113e+00, 1.55081805e-02
-2.58071756e+00, 2.01889008e-01, 1.43506050e+00, 2.89416872e-02
-2.59325790e+00, 2.37307221e-01, 1.45665276e+00, 9.64942796e-04
-2.70742249e+00, 1.34318158e-01, 1.52167559e+00, 2.98951264e-08
-2.70044422e+00, 1.34169906e-01, 1.48721600e+00, 5.08259035e-08
-2.68697953e+00, 1.71951741e-01, 1.49297345e+00, 1.67639968e-07
-2.67187285e+00, 1.53845534e-01, 1.56392658e+00, 5.31933360e-08
-2.66614485e+00, 1.86189860e-01, 1.54237854e+00, 1.57299226e-07
-2.85583878e+00, 3.36075902e-01, 1.62205517e+00, 7.74239517e-09
-2.98674846e+00, 5.12180924e-01, 1.61402035e+00, 1.15615206e-09
-2.86824346e+00, 4.13023472e-01, 1.76685011e+00, 3.04685011e-09
-2.54810047e+00, 1.50212064e-01, 1.34358704e+00, 1.95044981e-04
-2.60753679e+00, 1.78385824e-01, 1.58735859e+00, 2.43116432e-07
-2.55423403e+00, 1.84454635e-01, 1.60568357e+00, 1.17376749e-06
-2.57997179e+00, 2.11444259e-01, 1.57174599e+00, 1.28471788e-06
-2.53783536e+00, 1.54151559e-01, 1.59875667e+00, 1.30523006e-06
-2.57899666e+00, 1.18448369e-01, 1.60681713e+00, 1.06921782e-07
-2.58556294e+00, 1.56531692e-01, 1.60996616e+00, 2.10983387e-07
-2.55858946e+00, 1.37091041e-01, 1.62000179e+00, 2.15740513e-07
-2.37641454e+00, 2.02738985e-01, 1.51251245e+00, 1.03884481e-03
-2.34618425e+00, 1.78602025e-01, 1.55497468e+00, 1.01386995e-05
-2.35917592e+00, 3.09509456e-01, 1.59434724e+00, 3.32853378e-05
-2.29741883e+00, 2.68280804e-01, 1.52755392e+00, 3.62129649e-04
-2.28912401e+00, 3.98400158e-01, 1.55711162e+00, 4.15838091e-04
-2.37627578e+00, 2.81355560e-01, 1.66352153e+00, 1.70935800e-06
-2.36202073e+00, 3.51695508e-01, 1.66124022e+00, 3.08884069e-06
-2.42417645e+00, 4.48524982e-01, 1.06949472e+00, 1.10268570e-03
-2.35881519e+00, 6.11645281e-01, 9.94830430e-01, 3.55929509e-03
-2.38263679e+00, 4.48954225e-01, 1.18607795e+00, 2.44161841e-02
-2.25798035e+00, 5.17998040e-01, 1.17879283e+00, 6.04293756e-02
-2.58527565e+00, 5.31157851e-01, 1.13769221e+00, 6.63997571e-06
-2.67093110e+00, 6.17093861e-01, 9.65573907e-01, 4.25676117e-05
-2.51838589e+00, 3.60491484e-01, 1.19240928e+00, 2.03253803e-04
-2.73269534e+00, 4.21036065e-01, 1.18339396e+00, 8.02178079e-07
-2.71145582e+00, 5.56438267e-01, 1.09250474e+00, 3.44376417e-06
-2.82426190e+00, 4.89513546e-01, 1.25369942e+00, 1.44168723e-07
-1.96125317e+00, 8.05300415e-01, 1.18280041e+00, 4.44054194e-02
-2.06087232e+00, 6.68487966e-01, 1.27776062e+00, 4.64635901e-02
-2.18862271e+00, 6.27172768e-01, 1.05007672e+00, 3.70030478e-02
-2.69664288e+00, 1.10704958e+00, 6.33595169e-01, 7.08382067e-05
-2.48526478e+00, 8.52103591e-01, 8.99871230e-01, 5.54773578e-05
-2.71932483e+00, 9.10443604e-01, 5.17543375e-01, 3.40438535e-04
-2.91705751e+00, 8.05381060e-01, 8.76841784e-01, 6.87682859e-06
-2.91472054e+00, 6.94047570e-01, 1.21460342e+00, 9.91202924e-08
-3.57534862e+00, 1.17655551e+00, 1.62172782e+00, 6.87218546e-11
-3.43960810e+00, 1.29607677e+00, 1.19375443e+00, 8.97070507e-09
-3.30329752e+00, 1.19382524e+00, 1.70427167e+00, 1.51048854e-10
-2.85242891e+00, 1.29878867e+00, 1.69863796e+00, 1.62814384e-08
-2.99268079e+00, 1.25139976e+00, 1.27403653e+00, 5.12483602e-08
-2.28907871e+00, 6.30443156e-01, 1.95091605e+00, 8.17709704e-08
-2.27047086e+00, 4.63008761e-01, 1.75552046e+00, -1.97337954e-07
-1.85920131e+00, 1.00101411e+00, 1.15727210e+00, 2.94695981e-02
-1.76977885e+00, 1.31794238e+00, 1.54843867e+00, 1.30252971e-03
-1.31544340e+00, 1.16416657e+00, 1.33583391e+00, 4.13172599e-03
-1.70350802e+00, 1.01332152e+00, 1.62512946e+00, 1.52956927e-03
-2.23768473e+00, 7.67933071e-01, 2.20395756e+00, 1.86628384e-08
-1.91862488e+00, 1.11476719e+00, 2.27901840e+00, 6.14569217e-07
-2.58477116e+00, 1.35605738e-01, 1.36769235e+00, 4.09604072e-05
-2.56097150e+00, 1.66089505e-01, 1.37397313e+00, 1.92518893e-03
-2.65763068e+00, 1.37073353e-01, 1.58095586e+00, 3.73077391e-08
-2.69773626e+00, 1.33862987e-01, 1.45382464e+00, 7.19737230e-08
-2.71506286e+00, 1.16970740e-01, 1.42360282e+00, 3.89921482e-08
-2.67993450e+00, 1.54638737e-01, 1.46609676e+00, 2.04934750e-07
-2.65201592e+00, 1.12238236e-01, 1.38624823e+00, 1.15719978e-07
-2.64637446e+00, 1.35443568e-01, 1.39488864e+00, 1.39076434e-07
-2.69134450e+00, 1.34990007e-01, 1.39728653e+00, 1.24221600e-07
-2.66239548e+00, 1.77319065e-01, 1.41683650e+00, 1.59586682e-06
-2.68226504e+00, 1.89388290e-01, 1.44677901e+00, 5.05401090e-07
-2.99004531e+00, 9.94879484e-01, 1.08945298e+00, 2.42583184e-07
-2.95768714e+00, 1.09631062e+00, 8.32543910e-01, 4.01931766e-06
-2.58480668e+00, 2.45997295e-01, 1.16466808e+00, 3.23822951e-06
-2.69030833e+00, 3.07403624e-01, 1.22648072e+00, 6.47515947e-07
-2.66986871e+00, 2.33579025e-01, 1.28842926e+00, 4.69414516e-07
-2.55993676e+00, 2.34400019e-01, 1.27428317e+00, 4.00228855e-05
-2.46737361e+00, 2.24491149e-01, 1.26039600e+00, 1.70179224e-03
-2.62185979e+00, 1.94397420e-01, 1.24126172e+00, 7.97820235e-07
-2.59613657e+00, 2.03421175e-01, 1.32467103e+00, 2.11724437e-05
-2.63503671e+00, 1.65826082e-01, 1.32704794e+00, 1.13542023e-06
-2.67983866e+00, 1.49895877e-01, 1.26536870e+00, 2.82297009e-07
-2.68574500e+00, 1.73016220e-01, 1.36878109e+00, 3.05210335e-07
-2.65226102e+00, 1.49883166e-01, 1.36882603e+00, 7.46077092e-07
-2.60871911e+00, 2.22268566e-01, 1.44765043e+00, 3.29828530e-04
-2.61871409e+00, 2.31292039e-01, 1.48497045e+00, 3.37515339e-05
-2.64990807e+00, 2.13499650e-01, 1.47774720e+00, 2.78002835e-06
-2.63823414e+00, 2.26205871e-01, 1.51736581e+00, 1.28468548e-06
-2.63932323e+00, 1.90025747e-01, 1.56137919e+00, 1.77179601e-07
-2.60141850e+00, 2.30942056e-01, 1.53570342e+00, 3.47946866e-06
-2.59110427e+00, 2.41375834e-01, 1.51052618e+00, -2.15687778e-05
-2.72749352e+00, 2.05054671e-01, 1.44184875e+00, 1.07663865e-07
-2.71141052e+00, 1.63196295e-01, 1.43536961e+00, 1.10013936e-07
-2.75107503e+00, 1.77652001e-01, 1.50465417e+00, 2.76128223e-08
-2.74417019e+00, 1.52521417e-01, 1.38309336e+00, 4.89502696e-08
-2.68650317e+00, 1.01983957e-01, 1.37777615e+00, 6.52830821e-08
-2.77400661e+00, 2.56675363e-01, 1.38729644e+00, 6.23141716e-08
-2.72491384e+00, 2.81677485e-01, 1.28070855e+00, 2.59561375e-07
-2.74820805e+00, 2.81031966e-01, 1.33084702e+00, 1.36351971e-07
-2.80314541e+00, 2.64761835e-01, 1.49075651e+00, 2.40518556e-08
-2.57031870e+00, 1.74297139e-01, 1.68311000e+00, 6.06683344e-08
-2.30556583e+00, 3.23567748e-01, 1.36318958e+00, 9.44727957e-02
-2.35391784e+00, 2.32689217e-01, 1.32490301e+00, 3.13703381e-02
-2.37004280e+00, 3.26907188e-01, 1.25173855e+00, 4.98171598e-02
-2.41808414e+00, 2.30284363e-01, 1.31751001e+00, 4.05292250e-02
-2.48514843e+00, 1.60672903e-01, 1.65366518e+00, 2.58801151e-07
-2.42865157e+00, 2.03660175e-01, 1.65474582e+00, 8.07094352e-07
-2.46109414e+00, 1.33511543e-01, 1.61772060e+00, 7.57736075e-07
-3.08713675e+00, 6.97540939e-01, 1.11204875e+00, 1.38764250e-07
-3.14296937e+00, 9.68887508e-01, 1.27295089e+00, 2.01079242e-08
-3.43467212e+00, 1.03604603e+00, 1.45163989e+00, 5.80481996e-10
-3.11130929e+00, 8.81065965e-01, 1.65871966e+00, 5.83548598e-10
-3.08408427e+00, 8.06760907e-01, 1.43578339e+00, 4.55890437e-09
-3.01546526e+00, 5.45896947e-01, 1.39061964e+00, 7.75683695e-09
-3.05941224e+00, 5.26956737e-01, 1.52742696e+00, 1.02227160e-09
-2.96229100e+00, 5.22223711e-01, 1.75454724e+00, 8.99594510e-10
-2.90864992e+00, 3.97926956e-01, 1.36900258e+00, 2.66403752e-08
-2.96232772e+00, 2.57593215e-01, 1.30794919e+00, 4.00871407e-08
-2.80485702e+00, 2.63126999e-01, 1.57380104e+00, 1.43711025e-08
-2.42762518e+00, 4.18480814e-01, 1.84514701e+00, -1.84076843e-08
-2.46043253e+00, 3.28690112e-01, 1.73118341e+00, 2.07645911e-07
-2.51821256e+00, 3.91773283e-01, 1.77076590e+00, 4.53707614e-08
-2.63607717e+00, 3.09972048e-01, 1.72432065e+00, 4.30333387e-08
-2.55683780e+00, 5.47175348e-01, 1.92009556e+00, 5.85321613e-09
-2.59658527e+00, 4.26598489e-01, 1.91983497e+00, 5.24711430e-09
-2.87032771e+00, 4.10111427e-01, 1.89574254e+00, 9.67118163e-10
-2.54811430e+00, 2.43809059e-01, 1.71612942e+00, 8.87385383e-08
-2.58898711e+00, 2.06135705e-01, 1.71001053e+00, 4.53959679e-08
-2.66428161e+00, 2.52203614e-01, 1.69717658e+00, 3.29817027e-08
-3.08034587e+00, 8.37589622e-01, 1.95557284e+00, 1.52721460e-10
-2.34794974e+00, 2.29060158e-01, 1.40871656e+00, 4.39971127e-02
-2.30013323e+00, 3.37378353e-01, 1.49785531e+00, 8.50021094e-03
-2.26915026e+00, 4.45966512e-01, 1.38834941e+00, 8.00056905e-02
-2.30625510e+00, 1.31925315e-01, 1.36184812e+00, 2.19891997e-04
-2.39913344e+00, 1.75271809e-01, 1.44977570e+00, 2.51648985e-02
-2.47009277e+00, 1.94449961e-01, 1.30949438e+00, 8.01192783e-03
-2.16911054e+00, 4.83500361e-01, 1.34396791e+00, 6.25337809e-02
-2.23969293e+00, 4.50532347e-01, 1.57077956e+00, 2.96588260e-04
-2.28980374e+00, 1.19141424e+00, 1.81097150e+00, 1.18196112e-06
-2.64731526e+00, 1.84694901e-01, 1.64376271e+00, 4.36535323e-08
-2.62023807e+00, 1.10974956e+00, 2.03956151e+00, 5.66735547e-09
-2.91255498e+00, 1.48268163e+00, 2.17847967e+00, 9.16213438e-10
-2.44300437e+00, 1.76054925e-01, 1.57803190e+00, 1.60193631e-05
-2.46806598e+00, 1.47368595e-01, 1.58747101e+00, 3.62062906e-06
-2.41746187e+00, 2.78202981e-01, 1.73305750e+00, 2.18188788e-07
-2.63845158e+00, 1.95575908e-01, 1.41372228e+00, 1.11441259e-05
-2.75458980e+00, 2.18080789e-01, 1.59405184e+00, 1.90326652e-08
-2.69660378e+00, 1.53387859e-01, 1.58549225e+00, 2.48883794e-08
-2.49063230e+00, 1.40519485e-01, 1.56558800e+00, 1.54984446e-05
-2.48578572e+00, 9.09006819e-02, 1.58876860e+00, 3.08147918e-07
-2.62722325e+00, 1.48237854e-01, 1.59179354e+00, 7.45058344e-08
-2.61473203e+00, 1.42823935e-01, 1.61782360e+00, 6.09258635e-08
-2.46631813e+00, 7.50104785e-01, 2.16552401e+00, 3.62087160e-09
-3.12112737e+00, 7.94753850e-01, 2.17904139e+00, 2.14764023e-11
-2.77045441e+00, 5.87777913e-01, 1.93988800e+00, 2.40785303e-09
-3.26599979e+00, 1.03476405e+00, 1.99342930e+00, 3.72154356e-11
-2.70468092e+00, 1.54992175e+00, 1.67093074e+00, 7.67005588e-08
-2.38480377e+00, 1.61579597e+00, 1.26445162e+00, 1.62597044e-05
-2.72105145e+00, 1.31798732e+00, 9.95251179e-01, 4.77040476e-06
-2.11899114e+00, 1.49494791e+00, 1.28695369e+00, 2.41692716e-04
-2.44488096e+00, 1.31784558e+00, 7.29318440e-01, 1.17488911e-04
-2.17650628e+00, 1.12751973e+00, 9.68647957e-01, 4.94946213e-03
-9.47487056e-01, 1.18952978e+00, 1.40853357e+00, 5.84080262e-05
-1.69271970e+00, 1.59713614e+00, -1.56037867e-01, 3.86054651e-03
-2.41048217e+00, 1.57461986e-01, 1.48547769e+00, 3.65924812e-03
-2.40911698e+00, 1.84527591e-01, 1.54180419e+00, 1.57008108e-04
-2.41594291e+00, 1.37047753e-01, 1.43023837e+00, 7.36290123e-03
-2.46527719e+00, 1.43840164e-01, 1.42150807e+00, 6.38088509e-02
-2.29957175e+00, 2.34845087e-01, 1.43109167e+00, 1.10342083e-02
-2.39948583e+00, 2.04027444e-01, 1.35068798e+00, 3.95936891e-02
-2.42316079e+00, 1.49530575e-01, 1.40715158e+00, 1.94895305e-02
-2.43906450e+00, 1.88825995e-01, 1.42770123e+00, 1.24354064e-01
-2.43122745e+00, 1.64618328e-01, 1.43660426e+00, 5.35653271e-02
-2.38494992e+00, 2.64169484e-01, 1.36505997e+00, 1.18589945e-01
-2.44338083e+00, 2.04582766e-01, 1.35916460e+00, 7.15997517e-02
-2.45329714e+00, 1.59013331e-01, 1.41469419e+00, 7.83882365e-02
-2.44887066e+00, 1.96217611e-01, 1.54694903e+00, 4.79763316e-04
-2.37639356e+00, 2.20927045e-01, 1.55744326e+00, 9.87260137e-05
-2.44301653e+00, 1.65828839e-01, 1.54631460e+00, 1.40123972e-04
-2.43499136e+00, 1.88486785e-01, 1.49049139e+00, 3.67465615e-02
-2.07896972e+00, 9.93874073e-01, 1.22205102e+00, 1.44027639e-02
-2.39782667e+00, 1.35017312e+00, 1.01874173e+00, 5.78416111e-05
-2.28544545e+00, 9.46363628e-01, 9.94487822e-01, 4.00808034e-03
-2.57231164e+00, 1.29423833e+00, 4.35371906e-01, 6.48744346e-04
-2.54227281e+00, 1.11679101e+00, 8.80743027e-01, 2.67856904e-05
-2.84430695e+00, 1.15320408e+00, 1.11395979e+00, 6.88225498e-07
-3.14659882e+00, 1.02060664e+00, 1.80202150e+00, 2.45581749e-10
-2.98932886e+00, 1.01057696e+00, 1.94658947e+00, 5.42311418e-10
-2.89796591e+00, 7.01171875e-01, 1.94094539e+00, 9.49400114e-10
-2.66493607e+00, 5.15543163e-01, 1.91564953e+00, 4.90000973e-09
-2.62653565e+00, 6.57818794e-01, 1.99111485e+00, 4.83799534e-09
-2.88445640e+00, 5.56270361e-01, 1.87055588e+00, 1.30237610e-09
-2.36758256e+00, 9.26621020e-01, 2.10138488e+00, 1.17045911e-08
-2.61650777e+00, 9.34211791e-01, 2.25480676e+00, 1.21023880e-09
-2.61248493e+00, 1.66251227e-01, 1.60561478e+00, 1.23644597e-07
-2.66300964e+00, 1.50051266e-01, 1.59995496e+00, 3.31973240e-08
-2.70543480e+00, 1.53212830e-01, 1.54944527e+00, 3.09720463e-08
-2.70243645e+00, 2.04071060e-01, 1.58923769e+00, 3.96130062e-08
-2.62295127e+00, 2.26740241e-01, 1.39850748e+00, 2.67440992e-05
-2.63873386e+00, 1.75095469e-01, 1.38663602e+00, 4.71697695e-06
-2.64309931e+00, 2.20676333e-01, 1.42637038e+00, 8.11559767e-06
-2.42600250e+00, 3.14784288e-01, 1.67393196e+00, 1.43560044e-06
-2.47242999e+00, 1.81278124e-01, 1.59452832e+00, 4.61779018e-06
-2.49853158e+00, 1.42051399e-01, 1.60633433e+00, 1.09646749e-06
-2.58683372e+00, 1.12893569e+00, 1.73351121e+00, 9.88153346e-08
-2.71193671e+00, 1.17096984e+00, 1.87241948e+00, 1.30829019e-08
-2.59799933e+00, 2.09853455e-01, 1.65980291e+00, 1.02689583e-07
-2.64898443e+00, 2.16325730e-01, 1.67007935e+00, 4.36336691e-08
-2.69446087e+00, 2.22054079e-01, 1.63164973e+00, 3.52644065e-08
-2.62239099e+00, 2.09378824e-01, 1.58181632e+00, 2.88048994e-07
-2.24629927e+00, 9.99575436e-01, 1.96225643e+00, 9.32849318e-08
-2.40832448e+00, 1.27998030e+00, 1.55424464e+00, 2.46849913e-06
-2.01157117e+00, 1.28629065e+00, 1.70375741e+00, 3.55372213e-05
-2.15584612e+00, 4.98202503e-01, 1.57149482e+00, 4.01630357e-04
-2.26703382e+00, 5.03383458e-01, 1.64759636e+00, -6.26300698e-06
-2.24981236e+00, 4.07664955e-01, 1.48087263e+00, 1.40201896e-02
-2.29043818e+00, 4.65115994e-01, 1.26208365e+00, 8.35603327e-02
-2.21718693e+00, 5.44501662e-01, 1.42994070e+00, 3.20844539e-02
-2.17489290e+00, 5.69210708e-01, 1.25280571e+00, 7.20462427e-02
-2.49184608e+00, 1.76099211e-01, 1.33451068e+00, 5.98677620e-03
-2.47833085e+00, 2.47726068e-01, 1.30459833e+00, 1.42403832e-02
-2.37295651e+00, 2.08479121e-01, 1.46212733e+00, 2.21523885e-02
-2.33423209e+00, 3.74031991e-01, 1.42589533e+00, 8.29518959e-02
-2.36572027e+00, 3.04721236e-01, 1.50621998e+00, 1.12605989e-02
-2.35878062e+00, 3.58001560e-01, 1.55511904e+00, 6.58951816e-04
-2.86245489e+00, 8.74858320e-01, 2.06322217e+00, 8.26988200e-10
-2.60532999e+00, 2.61127502e-01, 1.68331981e+00, 9.08498166e-08
-2.56266713e+00, 2.27652878e-01, 1.76392603e+00, 3.35089432e-08
-2.55451608e+00, 2.07544968e-01, 1.68452525e+00, 1.11759782e-07
-2.50784922e+00, 2.88070679e-01, 1.72910655e+00, 1.38198160e-07
-2.45410013e+00, 6.33388102e-01, 1.96464825e+00, 1.75357044e-08
-2.50657201e+00, 5.45355976e-01, 1.80467856e+00, -3.60247476e-08
-2.71269870e+00, 3.42930257e-01, 1.72734785e+00, 2.25161774e-08
-2.63561177e+00, 3.89450103e-01, 1.77858984e+00, 2.68836171e-08
-2.57035136e+00, 2.98070312e-01, 1.72311580e+00, 7.86468703e-08
-2.79597950e+00, 3.27104658e-01, 1.54862750e+00, 2.93445588e-08
-2.92047143e+00, 4.41998094e-01, 1.44413388e+00, 1.02633351e-08
-2.85943198e+00, 3.89841348e-01, 1.29473722e+00, 9.53801376e-08
-2.86006522e+00, 4.99881625e-01, 1.66356480e+00, 7.61625252e-09
-3.06410122e+00, 6.08257771e-01, 1.66243243e+00, 1.52776986e-10
-2.96954250e+00, 6.44173622e-01, 1.50159550e+00, 2.04910555e-09
-3.06823134e+00, 1.02135694e+00, 1.49525738e+00, 5.15041343e-09
-3.02048278e+00, 8.21127832e-01, 1.23603654e+00, 4.49729640e-08
-3.25331736e+00, 1.17327857e+00, 1.34866786e+00, 6.38157038e-09
-2.47761154e+00, 1.31007805e-01, 1.63987625e+00, 3.02022869e-07
-2.42247438e+00, 2.48091534e-01, 1.62052476e+00, 3.63186427e-06
-2.51094627e+00, 1.87741742e-01, 1.63511229e+00, 5.51814878e-07
-2.43975282e+00, 2.80442446e-01, 1.28289604e+00, 2.64160447e-02
-2.29436421e+00, 3.86538833e-01, 1.20940387e+00, 5.39004467e-02
-2.41257882e+00, 3.59712780e-01, 1.19420552e+00, 1.40530914e-02
-2.34994841e+00, 3.62997413e-01, 1.33903527e+00, 1.26803607e-01
-2.59731340e+00, 1.74131513e-01, 1.66553378e+00, 6.23382377e-08
-2.82688022e+00, 2.90163517e-01, 1.42705679e+00, 2.67002260e-08
-2.78445959e+00, 2.10785970e-01, 1.50302792e+00, 2.16453575e-08
-2.74692869e+00, 2.53643245e-01, 1.46126008e+00, 8.45754613e-08
-2.72793984e+00, 2.54725367e-01, 1.36852908e+00, 1.74128672e-07
-2.69412541e+00, 2.73199439e-01, 1.33075619e+00, 4.53424093e-07
-2.75792956e+00, 3.43144298e-01, 1.34181833e+00, 1.34152586e-07
-2.75767398e+00, 3.16913217e-01, 1.27842724e+00, 1.92720591e-07
-2.65318561e+00, 2.91734755e-01, 1.28030419e+00, 1.25507052e-06
-2.71115112e+00, 1.75287127e-01, 1.39543676e+00, 1.41067957e-07
-2.72354579e+00, 1.65091589e-01, 1.53048790e+00, 3.36501564e-08
-2.68467069e+00, 1.62391260e-01, 1.41303015e+00, 3.25307866e-07
-2.69933653e+00, 1.70063019e-01, 1.47294354e+00, 1.32663445e-07
-2.68020058e+00, 2.04943582e-01, 1.41910696e+00, 7.00617989e-07
-2.59571981e+00, 2.46328399e-01, 1.48355091e+00, 2.39323082e-04
-2.58196330e+00, 2.27315113e-01, 1.53103459e+00, 2.34473300e-05
-2.58685684e+00, 2.34556019e-01, 1.56037164e+00, 3.52036045e-06
-2.66683483e+00, 1.82979047e-01, 1.57445788e+00, 7.15096746e-08
-2.64041138e+00, 2.29447380e-01, 1.49344599e+00, 3.70495604e-06
-2.64034271e+00, 2.02693075e-01, 1.49743843e+00, 3.80699930e-06
-2.67157960e+00, 2.04619512e-01, 1.46740341e+00, 9.18990850e-07
-2.60767436e+00, 2.42723510e-01, 1.42689836e+00, 1.05842519e-04
-2.66357613e+00, 1.78130075e-01, 1.33087003e+00, 4.94330664e-07
-2.69110823e+00, 2.03969479e-01, 1.36206102e+00, 3.36939280e-07
-2.61183405e+00, 1.72644004e-01, 1.34137881e+00, 6.57928058e-06
-2.59151578e+00, 2.18280584e-01, 1.38079834e+00, 3.03884764e-04
-2.55959034e+00, 2.23737538e-01, 1.31833971e+00, 3.22337408e-04
-2.64098907e+00, 1.95459992e-01, 1.29029000e+00, 6.97837095e-07
-2.48077655e+00, 2.65610427e-01, 1.21188283e+00, 2.43721748e-04
-2.61962962e+00, 3.60433847e-01, 1.19979656e+00, 2.41132625e-06
-2.68760800e+00, 3.86387795e-01, 1.23378825e+00, 6.43591818e-07
-2.59141707e+00, 2.96294630e-01, 1.20329189e+00, 4.38644201e-06
-2.79071021e+00, 1.01647985e+00, 9.50479507e-01, 2.97277688e-06
-2.84137225e+00, 8.24009299e-01, 1.10719514e+00, 3.40369610e-07
-2.67755222e+00, 1.82106823e-01, 1.47397172e+00, 4.16600102e-07
-2.63146639e+00, 1.54490709e-01, 1.39390504e+00, 3.39635790e-06
-2.57335973e+00, 1.88346952e-01, 1.36861598e+00, 7.87182944e-04
-2.53939438e+00, 1.79315642e-01, 1.35478079e+00, 4.00126027e-03
-2.56315088e+00, 1.69704363e-01, 1.35278511e+00, 3.09243565e-04
-1.78643048e+00, 1.16110110e+00, 1.77782547e+00, 1.76650792e-04
-1.88401771e+00, 1.03217506e+00, 1.47502553e+00, 4.13302286e-03
-2.37823725e+00, 4.58290637e-01, 1.72753108e+00, -7.10481231e-07
-2.22777843e+00, 5.86375058e-01, 1.69405901e+00, 7.54723396e-06
-2.14936566e+00, 6.78750157e-01, 1.82659125e+00, 2.64118739e-06
-2.20751691e+00, 7.97579885e-01, 2.01207638e+00, 2.57574897e-07
-3.06747651e+00, 1.21754968e+00, 1.85062551e+00, 1.04167919e-09
-2.81533742e+00, 5.92703700e-01, 1.18680787e+00, 2.64536453e-07
-2.89616179e+00, 5.87925673e-01, 1.30035210e+00, 4.02015452e-08
-2.71687007e+00, 7.71766305e-01, 8.73812139e-01, 4.75306115e-05
-3.00358176e+00, 8.01541150e-01, 1.04851997e+00, 3.97085927e-07
-2.43024039e+00, 7.11777091e-01, 9.54828739e-01, 3.93895461e-04
-2.15121865e+00, 8.11155856e-01, 1.11605811e+00, 3.25004198e-02
-2.33227038e+00, 6.34723961e-01, 1.15381241e+00, 1.89218037e-02
-2.11126781e+00, 6.45155013e-01, 1.45340621e+00, 1.25576742e-02
-2.01953125e+00, 8.47398877e-01, 1.32472014e+00, 2.41643060e-02
-2.69682550e+00, 5.10314345e-01, 1.19761848e+00, 4.19309771e-07
-2.59160185e+00, 6.40787899e-01, 1.07647336e+00, 7.93245272e-06
-2.48903632e+00, 4.29272741e-01, 1.15823150e+00, 4.29857726e-04
-2.51312876e+00, 3.62871319e-01, 1.11303425e+00, 6.85652994e-05
-2.48904920e+00, 5.79466045e-01, 9.12680149e-01, 3.89356283e-04
-2.41095829e+00, 3.81751984e-01, 1.69624805e+00, 6.48007131e-07
-2.37168050e+00, 2.52376676e-01, 1.60634911e+00, 1.01715368e-05
-2.55832624e+00, 1.63656309e-01, 1.61866486e+00, 4.02752505e-07
-2.58417010e+00, 1.93877056e-01, 1.60812068e+00, 4.27876074e-07
-2.55402327e+00, 2.31974840e-01, 1.57292867e+00, 8.00004909e-06
-2.55096817e+00, 2.05110997e-01, 1.59161484e+00, 2.86112186e-06
-2.59187698e+00, 1.89255580e-01, 1.57054424e+00, 4.87231887e-07
-2.82794499e+00, 3.67613673e-01, 1.69349563e+00, 7.98023692e-09
-2.86451697e+00, 3.84902924e-01, 1.53181982e+00, 1.23894317e-08
-2.68630767e+00, 1.71002507e-01, 1.52019203e+00, 1.05896078e-07
-2.71264434e+00, 1.58793584e-01, 1.50271440e+00, 5.22596473e-08
-2.55786109e+00, 2.28274792e-01, 1.43138587e+00, 5.68826571e-02
-2.53199911e+00, 2.48855427e-01, 1.48402941e+00, 3.56355049e-02
-2.60634255e+00, 1.85363024e-01, 1.37821150e+00, 6.59162979e-05
-2.51411819e+00, 2.06517771e-01, 1.40518320e+00, 1.55260593e-01
-2.53728485e+00, 2.38058895e-01, 1.43544376e+00, 1.05192676e-01
-2.55240464e+00, 2.19385326e-01, 1.39565706e+00, 3.33801955e-02
-2.52386260e+00, 1.92057580e-01, 1.38020754e+00, 6.42239302e-02
-2.48061037e+00, 1.96287036e-01, 1.55589962e+00, 2.34801060e-04
-2.51561332e+00, 1.69775367e-01, 1.59041548e+00, 5.28096098e-06
-2.50563955e+00, 2.45543703e-01, 1.53062594e+00, 2.01411266e-03
-2.56341672e+00, 2.06440508e-01, 1.54184735e+00, 7.65581062e-05
-2.48448753e+00, 2.21726015e-01, 1.45629430e+00, 1.82460830e-01
-2.47121692e+00, 2.14974120e-01, 1.50021672e+00, 6.85527474e-02
-2.47104716e+00, 1.80169165e-01, 1.39613605e+00, 1.18141927e-01
-2.02527261e+00, 8.07592452e-01, 1.67209280e+00, 1.30131855e-04
-2.14145660e+00, 9.64914083e-01, 1.45988023e+00, 1.31305750e-03
-2.16389894e+00, 6.80365741e-01, 1.64740944e+00, 6.74780385e-05
-1.99092782e+00, 1.04385197e+00, 1.72009683e+00, 9.27322835e-05
-2.10705662e+00, 8.70369911e-01, 1.86831069e+00, 6.38888969e-06
-2.47494102e+00, 1.95830896e-01, 1.36125004e+00, 6.55131787e-02
-2.45808649e+00, 2.10578486e-01, 1.40055096e+00, 1.60035923e-01
-2.45636153e+00, 2.19625771e-01, 1.47325814e+00, 1.31527051e-01
-2.45007348e+00, 1.96884841e-01, 1.51902187e+00, 9.83169675e-03
-2.47671461e+00, 2.41632283e-01, 1.51180756e+00, 2.30589379e-02
-2.48936725e+00, 2.12435707e-01, 1.42464566e+00, 1.90048009e-01
-2.46107554e+00, 2.08670333e-01, 1.44252253e+00, 1.80093870e-01
-2.48957753e+00, 2.51445889e-01, 1.45474339e+00, 1.52072921e-01
-2.52165842e+00, 2.48619974e-01, 1.50621736e+00, 1.55254118e-02
-2.51510334e+00, 2.35834956e-01, 1.55741906e+00, 1.24918981e-04
-2.52919793e+00, 1.93918616e-01, 1.60037780e+00, 2.81513599e-06
-2.51621032e+00, 1.71603873e-01, 1.61632526e+00, 1.05300887e-06
-2.49569321e+00, 1.82444915e-01, 1.57888210e+00, 2.29910311e-05
-2.50372410e+00, 1.96936205e-01, 1.56334841e+00, 1.17899806e-04
-2.47465324e+00, 2.22553283e-01, 1.55011654e+00, 5.90329233e-04
-2.52600813e+00, 2.22289577e-01, 1.38421726e+00, 7.06647336e-02
-2.54445529e+00, 2.06009910e-01, 1.36820793e+00, 1.27733536e-02
-2.51657391e+00, 1.99114174e-01, 1.34689963e+00, 1.24610886e-02
-2.56497979e+00, 2.08826363e-01, 1.37984812e+00, 6.45122118e-03
-2.54883838e+00, 2.49537468e-01, 1.40837753e+00, 3.74480672e-02
-2.54128981e+00, 2.66426533e-01, 1.44806373e+00, 3.72482315e-02
-2.51822186e+00, 1.98647588e-01, 1.43086612e+00, 1.88463345e-01
-2.60250163e+00, 2.05418631e-01, 1.35361671e+00, 3.53565847e-05
-2.56903481e+00, 2.60462761e-01, 1.47679377e+00, 2.33398704e-03
-2.58074403e+00, 2.47390106e-01, 1.42817676e+00, 2.97702802e-03
-2.70613790e+00, 1.91481918e-01, 1.50545776e+00, 9.84906023e-08
-2.66695142e+00, 1.88569158e-01, 1.50058722e+00, 4.48728144e-07
-2.83734798e+00, 3.28361332e-01, 1.47914875e+00, 2.07000781e-08
-2.88414884e+00, 4.53791142e-01, 1.56426251e+00, 7.49766915e-09
-2.79457688e+00, 3.35736662e-01, 1.75212300e+00, 6.52498100e-09
-2.77557302e+00, 3.65001827e-01, 1.62531054e+00, 2.86367481e-08
-2.77637315e+00, 4.54169750e-01, 1.74680984e+00, 1.20994335e-08
-2.61594653e+00, 1.88747466e-01, 1.56307089e+00, 3.36241897e-07
-2.56893086e+00, 2.28882253e-01, 1.59881258e+00, 1.36456129e-06
-2.54043865e+00, 2.40525261e-01, 1.55792272e+00, 5.87294380e-05
-2.55222440e+00, 1.87178209e-01, 1.64074481e+00, 2.46802273e-07
-2.59831500e+00, 1.70332998e-01, 1.63319516e+00, 1.09764983e-07
-2.61887693e+00, 1.94294631e-01, 1.61786985e+00, 1.36584191e-07
-2.40345502e+00, 3.03477079e-01, 1.61274981e+00, 1.74573415e-05
-2.41703653e+00, 2.43760332e-01, 1.57280886e+00, 6.54326868e-05
-2.34919286e+00, 2.66793102e-01, 1.55101800e+00, 2.28740391e-04
-2.46566486e+00, 4.43298072e-01, 1.72234690e+00, -1.57496828e-07
-2.41243529e+00, 4.33534175e-01, 1.63551021e+00, 8.37280186e-06
-2.47243547e+00, 4.13367152e-01, 1.24673033e+00, 8.43259599e-03
-2.46348238e+00, 5.13373792e-01, 1.16282928e+00, 1.38242892e-03
-2.59150672e+00, 4.41257745e-01, 1.16645169e+00, 7.00669852e-06
-2.67416787e+00, 7.68625259e-01, 1.07206941e+00, 1.60213028e-06
-2.44251347e+00, 6.41727448e-01, 1.11872911e+00, 8.81810207e-04
-2.68353748e+00, 6.36261046e-01, 1.18725944e+00, -2.03815671e-06
-2.71411562e+00, 4.60147709e-01, 1.28494334e+00, 2.50166835e-07
-2.20400333e+00, 7.62191057e-01, 1.32415247e+00, 2.26828121e-02
-2.36630464e+00, 5.60157418e-01, 1.20127916e+00, 2.84985155e-02
-2.16383624e+00, 6.99403942e-01, 1.20013750e+00, 5.46270832e-02
-2.33743739e+00, 7.78640330e-01, 1.12226462e+00, 7.13105360e-03
-3.02509308e+00, 5.20749509e-01, 1.29130709e+00, 3.43287780e-08
-2.83052897e+00, 5.07123053e-01, 1.37595367e+00, 2.43585472e-08
-2.91301155e+00, 1.03864050e+00, 1.72506166e+00, 4.69546224e-09
-2.38280296e+00, 8.03382456e-01, 1.90577364e+00, 8.59935128e-08
-2.14859986e+00, 5.45504272e-01, 1.75134611e+00, 4.35311358e-06
-2.31256270e+00, 6.49350107e-01, 1.79617465e+00, -1.88619865e-07
-2.32650709e+00, 5.61214626e-01, 1.71717477e+00, -5.20001367e-06
-2.27324700e+00, 5.90989947e-01, 1.56976724e+00, 5.26276883e-04
-2.37994695e+00, 5.05687773e-01, 1.80199373e+00, -4.92416746e-07
-2.06934118e+00, 1.26096845e+00, 1.45104933e+00, 3.13955330e-04
-1.57577562e+00, 1.31921697e+00, 1.90080237e+00, 3.75115866e-04
-2.66114974e+00, 1.54153436e-01, 1.39664197e+00, 5.87648799e-07
-2.85953355e+00, 8.13529015e-01, 1.31919277e+00, 1.77530861e-08
-2.65953708e+00, 9.11733985e-01, 9.90098178e-01, 4.91934316e-06
-2.62430358e+00, 3.46165806e-01, 1.25896490e+00, 4.66584152e-06
-2.57842326e+00, 2.83304363e-01, 1.27305949e+00, 2.68289077e-05
-2.69651294e+00, 3.30941111e-01, 1.30068576e+00, 4.44497260e-07
-2.50499868e+00, 2.71015674e-01, 1.27162170e+00, 1.25465589e-03
-2.63068795e+00, 1.97828323e-01, 1.32681668e+00, 2.55833902e-06
-2.53454542e+00, 2.55231738e-01, 1.30756760e+00, 1.30533020e-03
-2.60194635e+00, 2.49746844e-01, 1.38818014e+00, 1.25230275e-04
-2.65367413e+00, 1.92099318e-01, 1.36894464e+00, 1.75852608e-06
-2.70741534e+00, 2.34937996e-01, 1.40705585e+00, 3.09849042e-07
-2.67506957e+00, 2.41825312e-01, 1.34938955e+00, 7.96871234e-07
-2.64014149e+00, 2.43128285e-01, 1.46947646e+00, 6.27766349e-06
-2.66035867e+00, 2.25239694e-01, 1.44747448e+00, 2.41843759e-06
-2.66483831e+00, 2.20950186e-01, 1.49931407e+00, 8.68398217e-07
-2.69514322e+00, 2.21702993e-01, 1.44729424e+00, 4.16989764e-07
-2.64545536e+00, 1.83041245e-01, 1.60098314e+00, 8.06725495e-08
-2.65105891e+00, 2.15514719e-01, 1.55497551e+00, 1.75616790e-07
-2.60238981e+00, 3.29934299e-01, 1.67232716e+00, 1.39736599e-07
-2.58225083e+00, 2.54692048e-01, 1.53168309e+00, 1.63092664e-05
-2.61998367e+00, 2.36719325e-01, 1.55871570e+00, 7.33750824e-07
-2.66772366e+00, 1.85248747e-01, 1.39057541e+00, 9.54145548e-07
-2.73835468e+00, 1.32526875e-01, 1.54567063e+00, 1.40381342e-08
-2.61869717e+00, 2.51381695e-01, 1.27384436e+00, 2.40796635e-06
-2.76575589e+00, 3.13276887e-01, 1.37773454e+00, 9.18854113e-08
-2.75469255e+00, 2.57982403e-01, 1.52121222e+00, 4.72233133e-08
-2.77244639e+00, 2.27843598e-01, 1.54707325e+00, 2.25657182e-08
-2.77981091e+00, 1.88615575e-01, 1.54193819e+00, 1.42817829e-08
-2.37233686e+00, 3.17618161e-01, 1.33718169e+00, 1.22662432e-01
-2.35988164e+00, 4.14237142e-01, 1.28086674e+00, 8.36728215e-02
-2.45547819e+00, 3.22600961e-01, 1.24026263e+00, 6.36742963e-03
-2.38695502e+00, 2.81530023e-01, 1.29650760e+00, 5.91359101e-02
-2.45575118e+00, 2.69324034e-01, 1.34126031e+00, 8.42245594e-02
-2.47292256e+00, 1.97168916e-01, 1.61994648e+00, 6.03160345e-07
-2.52106142e+00, 2.21004277e-01, 1.67362666e+00, 2.48290689e-07
-2.42199302e+00, 2.58538485e-01, 1.66834402e+00, 7.41778081e-07
-3.00200939e+00, 1.17641258e+00, 1.55526626e+00, 9.98256677e-09
-3.21549487e+00, 1.05853891e+00, 1.56554759e+00, 1.40443623e-09
-3.02468085e+00, 7.32485473e-01, 1.59598446e+00, 8.45194581e-10
-2.89179969e+00, 6.23455107e-01, 1.63719666e+00, 3.70338316e-09
-3.11731291e+00, 7.36502767e-01, 1.75107467e+00, 8.54261731e-11
-2.93044162e+00, 5.25198519e-01, 1.52519655e+00, 3.95576683e-09
-2.53240180e+00, 3.34564358e-01, 1.72833884e+00, 1.20975997e-07
-2.72080326e+00, 3.82601678e-01, 1.81040490e+00, 1.06642366e-08
-2.59114504e+00, 4.58269656e-01, 1.81470990e+00, 1.57021223e-08
-2.68277621e+00, 6.41158938e-01, 1.82880723e+00, 1.60632094e-08
-2.49653006e+00, 3.15919667e-01, 1.67810428e+00, 6.46636124e-07
-2.64358068e+00, 2.55787283e-01, 1.63913167e+00, 1.11174131e-07
-2.59089327e+00, 8.43468547e-01, 2.01797795e+00, 8.95998209e-09
-2.74442935e+00, 9.49855924e-01, 1.87755215e+00, 8.95429242e-09
-2.34592557e+00, 3.77513319e-01, 1.60830283e+00, 3.24928515e-05
-2.34944630e+00, 4.00598168e-01, 1.50168121e+00, 1.00862430e-02
-2.36800838e+00, 2.54299074e-01, 1.46007848e+00, 4.41438928e-02
-2.36613226e+00, 3.41652960e-01, 1.46879041e+00, 4.81330939e-02
-2.40297294e+00, 2.07607031e-01, 1.48543048e+00, 1.98835600e-02
-2.34289432e+00, 1.78223774e-01, 1.49218833e+00, 5.53600956e-04
-2.42122817e+00, 2.14810714e-01, 1.44899917e+00, 1.08557120e-01
-2.46987891e+00, 2.33116135e-01, 1.34015298e+00, 5.67764640e-02
-2.19576311e+00, 4.42730904e-01, 1.26326168e+00, 7.83759505e-02
-2.27627325e+00, 5.38109243e-01, 1.31648076e+00, 6.86239451e-02
-2.31179738e+00, 4.78842527e-01, 1.50965023e+00, 6.09498238e-03
-2.35902786e+00, 1.32355750e+00, 1.28132439e+00, 2.64768678e-05
-2.47639155e+00, 9.54376876e-01, 1.81594920e+00, 1.44874406e-07
-2.69894409e+00, 1.81152672e-01, 1.63839316e+00, 2.03217869e-08
-2.72482848e+00, 2.58844614e-01, 1.61766672e+00, 3.64827493e-08
-2.69865942e+00, 2.49580771e-01, 1.66241407e+00, 2.97214680e-08
-2.63244438e+00, 2.01251835e-01, 1.38689375e+00, 1.00976931e-05
-2.69361639e+00, 1.84455678e-01, 1.55209887e+00, 6.17451477e-08
-2.80141163e+00, 4.72609729e-01, 1.84260547e+00, 3.82579213e-09
-2.75762796e+00, 7.64138937e-01, 1.92408180e+00, 5.16903409e-09
-2.71812916e+00, 4.49682176e-01, 1.87190616e+00, 5.92912652e-09
-2.93571663e+00, 8.25171649e-01, 1.82865906e+00, 1.38421885e-09
-2.84865308e+00, 1.02568758e+00, 1.31454420e+00, 1.22857685e-07
-2.41097808e+00, 1.11123729e+00, 1.14068437e+00, 7.25256032e-05
-2.20396423e+00, 1.58940268e+00, 1.04751217e+00, 2.53238832e-04
-2.43129706e+00, 2.11201027e-01, 1.56616700e+00, 1.01336984e-04
-2.45796680e+00, 2.43040204e-01, 1.58357024e+00, 2.05783326e-05
-2.46082640e+00, 2.08387733e-01, 1.57699692e+00, 4.01212965e-05
-2.43720603e+00, 2.26146683e-01, 1.53355885e+00, 2.16790568e-03
-1.87166488e+00, 1.55511308e+00, 1.38343668e+00, 1.41996809e-03
-2.10592747e+00, 1.35956633e+00, 1.05900204e+00, 1.30647351e-03
-2.56359959e+00, 1.13340902e+00, 1.37631738e+00, 2.22892595e-06
-2.29131269e+00, 9.56925154e-01, 1.28615308e+00, 2.29514693e-03
-2.63388371e+00, 1.12980938e+00, 1.15447688e+00, 2.96035523e-06
-2.20385671e+00, 1.15922713e+00, 1.21190083e+00, 7.87958328e-04
-2.52831650e+00, 9.25000131e-01, 1.08781886e+00, 2.87300081e-05
-2.85469389e+00, 1.01404893e+00, 1.54535985e+00, 3.16925899e-08
-2.78998899e+00, 1.25349844e+00, 1.45136070e+00, 1.78626564e-07
-2.94008946e+00, 6.83643281e-01, 1.75625694e+00, 9.83429338e-10
-2.82067800e+00, 6.67718828e-01, 1.80545902e+00, 6.20255536e-09
-2.68318200e+00, 5.02335906e-01, 1.75804615e+00, 2.94031235e-08
-2.60965896e+00, 8.02747130e-01, 1.82168007e+00, 5.61296822e-08
-2.75429249e+00, 5.49590409e-01, 1.81335354e+00, 9.79468329e-09
-2.84581304e+00, 5.42622328e-01, 1.75830770e+00, 5.18152676e-09
-2.67815471e+00, 2.14251801e-01, 1.52961183e+00, 2.11520742e-07
-2.68031502e+00, 2.15582848e-01, 1.56761158e+00, 9.02415209e-08
-2.65984583e+00, 2.25881353e-01, 1.38775516e+00, 1.97718578e-06
-2.63750696e+00, 2.25321606e-01, 1.35936606e+00, 4.47677576e-06
-2.68539119e+00, 2.68892020e-01, 1.62616158e+00, 7.04161067e-08
-2.71961308e+00, 2.37089887e-01, 1.56590736e+00, 5.27596846e-08
-2.36988449e+00, 1.03138828e+00, 1.59849262e+00, 3.75321770e-06
-2.28868151e+00, 9.44182754e-01, 1.76210308e+00, 3.16191336e-06
-2.36764216e+00, 5.40256441e-01, 1.60824633e+00, 4.49223226e-05
-2.35819006e+00, 4.53006625e-01, 1.58368158e+00, 1.91300336e-04
-2.40067172e+00, 4.56510156e-01, 1.46576452e+00, 1.10052330e-02
-2.32934427e+00, 5.48586726e-01, 1.41510797e+00, 1.98597219e-02
-2.31465697e+00, 6.46461725e-01, 1.27487803e+00, 2.91395094e-02
-2.51952219e+00, 2.33379856e-01, 1.33779395e+00, 1.68923847e-02
-2.47827482e+00, 2.46448159e-01, 1.37553859e+00, 1.27291292e-01
-2.41936135e+00, 1.80863753e-01, 1.47055399e+00, 3.74620594e-02
-2.42416525e+00, 2.44967028e-01, 1.41009951e+00, 1.67831585e-01
-2.41752028e+00, 2.44329825e-01, 1.47892749e+00, 6.36563823e-02
-2.38092852e+00, 3.22784364e-01, 1.39937150e+00, 1.40386388e-01
-2.41960144e+00, 3.70510101e-01, 1.51629567e+00, 3.34283360e-03
-2.36465502e+00, 2.61487573e-01, 1.50471783e+00, 5.72535582e-03
-2.37862110e+00, 2.78825611e-01, 1.41574621e+00, 1.25710279e-01
-2.41236353e+00, 3.59817326e-01, 1.61496747e+00, 1.65065358e-05
-2.64848495e+00, 2.17118815e-01, 1.61607027e+00, 9.27114741e-08
-2.58061957e+00, 2.55758524e-01, 1.63092589e+00, 4.14960169e-07
-2.65053940e+00, 2.91219950e-01, 1.65488541e+00, 8.26064124e-08
-2.47359133e+00, 3.70951593e-01, 1.65364206e+00, 1.73020885e-06
-2.46296954e+00, 2.94856608e-01, 1.62582970e+00, 5.27960219e-06
-2.54448390e+00, 2.87661523e-01, 1.67313981e+00, 2.69451590e-07
-2.61420941e+00, 5.47871888e-01, 1.81572914e+00, 1.77211792e-08
-2.54331493e+00, 6.79569423e-01, 1.83927894e+00, 4.57597658e-08
-2.50458694e+00, 4.66117144e-01, 1.77813804e+00, -3.22025002e-08
-2.56271410e+00, 4.21008170e-01, 1.70440614e+00, 1.13249371e-07
-2.80755901e+00, 5.36615312e-01, 1.55773973e+00, 2.89332966e-08
-2.88426566e+00, 5.60378373e-01, 1.41816640e+00, 1.08520757e-08
-2.91965818e+00, 8.24159443e-01, 1.49262023e+00, 7.32861105e-09
-2.46532106e+00, 2.35915661e-01, 1.64493656e+00, 1.01875867e-06
-2.53156972e+00, 2.21718982e-01, 1.62755215e+00, 9.75055968e-07
-2.48456550e+00, 1.70993447e-01, 1.61647761e+00, 8.73495878e-07
-2.50365138e+00, 2.04078212e-01, 1.60554123e+00, 1.87121157e-06
-2.47999167e+00, 3.23094130e-01, 1.30251098e+00, 2.44463850e-02
-2.42264485e+00, 2.99576074e-01, 1.34266460e+00, 1.19342647e-01
-2.42220545e+00, 3.64534080e-01, 1.30300426e+00, 6.53603896e-02
-2.43030047e+00, 4.84869152e-01, 1.28279626e+00, 2.49149073e-02
-2.73700404e+00, 2.14056119e-01, 1.52275872e+00, 4.89208425e-08
-2.76091647e+00, 3.03463399e-01, 1.48618782e+00, 6.65591742e-08
-2.70765209e+00, 3.12337041e-01, 1.36205637e+00, 3.94996590e-07
-2.78162360e+00, 3.74824941e-01, 1.40221882e+00, 7.44189208e-08
-2.72697759e+00, 2.89170355e-01, 1.40555775e+00, 1.94182746e-07
-2.62853813e+00, 2.31742620e-01, 1.31982112e+00, 2.99534395e-06
-2.62022161e+00, 2.52438992e-01, 1.52616978e+00, 5.98821202e-07
-2.60043001e+00, 2.60120958e-01, 1.55778182e+00, 2.35619677e-06
-2.52354312e+00, 2.66859978e-01, 1.55092859e+00, 8.66565460e-05
-2.54506850e+00, 2.61296093e-01, 1.52891219e+00, 3.87852924e-04
-2.59014082e+00, 2.70085841e-01, 1.50186265e+00, 5.90774143e-05
-2.67610884e+00, 1.76557854e-01, 1.61345172e+00, 3.49249945e-08
-2.70167398e+00, 1.99598983e-01, 1.46588337e+00, 2.11830226e-07
-2.67570710e+00, 2.43998170e-01, 1.42605770e+00, 1.12192868e-06
-2.67840505e+00, 2.35905781e-01, 1.47252822e+00, 6.93026038e-07
-2.63282609e+00, 2.33063817e-01, 1.44450891e+00, 1.76247595e-05
-2.61489105e+00, 2.43229941e-01, 1.46214426e+00, 5.57108215e-05
-2.66893816e+00, 2.11019084e-01, 1.31970906e+00, 5.27669897e-07
-2.75333810e+00, 2.33186692e-01, 1.41773844e+00, 7.36666905e-08
-2.60875583e+00, 3.23653281e-01, 1.31531727e+00, 1.85701592e-05
-2.57246900e+00, 2.38038391e-01, 1.38214886e+00, 2.35629501e-03
-2.58084035e+00, 2.59092689e-01, 1.31329644e+00, 6.40697544e-05
-2.53986597e+00, 3.21149856e-01, 1.24604964e+00, 1.82796648e-04
-2.73276138e+00, 3.84593308e-01, 1.30357456e+00, 2.67691121e-07
-2.65342402e+00, 3.98349047e-01, 1.30169618e+00, 2.45792285e-06
-2.57284093e+00, 4.06262398e-01, 1.25313044e+00, 5.37175838e-05
-2.78101993e+00, 6.84177577e-01, 1.27881145e+00, -1.40940884e-07
-2.96403313e+00, 7.13014305e-01, 1.36703086e+00, 1.21891945e-08
-2.20806694e+00, 1.14142287e+00, 1.61280346e+00, 2.60602974e-05
-2.42440915e+00, 5.41282117e-01, 1.71270466e+00, -1.70917338e-06
-2.41924953e+00, 6.07570827e-01, 1.82845807e+00, 4.07864569e-08
-2.33416438e+00, 6.56279206e-01, 1.65700722e+00, 1.12627549e-05
-2.25845218e+00, 6.56655192e-01, 1.42490876e+00, 1.73162241e-02
-2.74902272e+00, 5.81826150e-01, 1.30144215e+00, -3.63561384e-07
-2.83544278e+00, 4.29368764e-01, 1.43000579e+00, 3.09080797e-08
-2.46872091e+00, 6.12739921e-01, 1.24183357e+00, 1.98833831e-03
-2.14203119e+00, 7.67716587e-01, 1.48237550e+00, 4.54351492e-03
-2.50787640e+00, 5.86548388e-01, 1.15642321e+00, 7.12969850e-05
-2.50916839e+00, 7.75744438e-01, 1.10762751e+00, 6.55774129e-05
-2.39021635e+00, 2.85708606e-01, 1.55772269e+00, 4.12918336e-04
-2.60849786e+00, 2.27332532e-01, 1.61584747e+00, 2.78268686e-07
-2.56512880e+00, 2.16417849e-01, 1.63423181e+00, 3.76043005e-07
-2.76517248e+00, 4.49326009e-01, 1.64022422e+00, 3.83188166e-08
-2.78862643e+00, 4.12120730e-01, 1.57005823e+00, 3.68946544e-08
-2.77352738e+00, 3.17175895e-01, 1.67809248e+00, 1.46651917e-08
-2.83368945e+00, 4.25189376e-01, 1.64326560e+00, 1.29986049e-08
-2.68819571e+00, 2.02735960e-01, 1.48881412e+00, 2.97973969e-07
-2.59017968e+00, 2.62323141e-01, 1.45240080e+00, 4.38632065e-04
-2.56573629e+00, 2.78223187e-01, 1.43367422e+00, 3.25843622e-03
-2.56856775e+00, 2.53852278e-01, 1.50618291e+00, 4.54238121e-04
-2.57053351e+00, 2.17490852e-01, 1.35382628e+00, 5.75658982e-04
-2.51125717e+00, 2.58040607e-01, 1.42039156e+00, 1.26611128e-01
-2.50188470e+00, 2.14564472e-01, 1.36784804e+00, 7.36012161e-02
-2.52564526e+00, 1.88160107e-01, 1.57633424e+00, 2.29262678e-05
-2.49355531e+00, 2.64311641e-01, 1.49271393e+00, 3.68491225e-02
-2.47958159e+00, 2.73501277e-01, 1.52536714e+00, 4.21988079e-03
-2.52339768e+00, 2.80463815e-01, 1.49555409e+00, 6.63597742e-03
-2.50235295e+00, 2.86257267e-01, 1.43886328e+00, 8.54930133e-02
-2.46520209e+00, 2.47332349e-01, 1.48562407e+00, 8.70508626e-02
-2.55690169e+00, 1.89348742e-01, 1.54905510e+00, 8.58831627e-05
-2.51301694e+00, 2.31956705e-01, 1.40985930e+00, 1.49534106e-01
-2.51597357e+00, 2.59284437e-01, 1.37808502e+00, 6.43516108e-02
-2.47188807e+00, 2.51534998e-01, 1.42047524e+00, 1.79324776e-01
-2.53694153e+00, 2.81874210e-01, 1.41417384e+00, 2.93073766e-02
-2.60263348e+00, 2.43660092e-01, 1.34956086e+00, 4.57699025e-05
-2.55526686e+00, 2.57415295e-01, 1.34449279e+00, 1.60302338e-03
-2.56928539e+00, 2.80766696e-01, 1.52316940e+00, 7.48433085e-05
-2.59953427e+00, 2.80767769e-01, 1.42296052e+00, 1.12096655e-04
-2.60968232e+00, 2.75449336e-01, 1.46967328e+00, 2.20813763e-05
-2.70018673e+00, 2.34784648e-01, 1.50354016e+00, 2.13824009e-07
-2.70707583e+00, 3.17745894e-01, 1.64587581e+00, 4.86799223e-08
-2.83456731e+00, 2.72847086e-01, 1.67937374e+00, 5.54450885e-09
-2.78009462e+00, 3.76196116e-01, 1.49038947e+00, 5.76084531e-08
-2.75158167e+00, 4.04783189e-01, 1.69396865e+00, 2.42096423e-08
-2.75736022e+00, 5.53521633e-01, 1.66151559e+00, 3.81571787e-08
-2.56315184e+00, 2.40394488e-01, 1.66802549e+00, 1.76623558e-07
-2.61523676e+00, 2.69795567e-01, 1.60033011e+00, 4.76681919e-07
-2.41688848e+00, 2.83268929e-01, 1.50548124e+00, 2.33743098e-02
-2.40221190e+00, 2.55136371e-01, 1.52957511e+00, 2.37050536e-03
-2.42391205e+00, 3.37429404e-01, 1.55392659e+00, 5.89469448e-04
-2.44076395e+00, 2.96316564e-01, 1.56544721e+00, 1.93362357e-04
-2.56658292e+00, 6.78004622e-01, 1.19636810e+00, 2.33962710e-05
-2.46188903e+00, 8.79222691e-01, 1.22773397e+00, 1.00717778e-04
-2.59657574e+00, 5.58676481e-01, 1.24764252e+00, 1.43008338e-05
-2.20656443e+00, 8.79611135e-01, 1.62630475e+00, 5.82182693e-05
-2.29741240e+00, 8.35563719e-01, 1.43895304e+00, 8.63499765e-04
-2.39695930e+00, 6.63019359e-01, 1.39562905e+00, 1.25372992e-03
-2.84732890e+00, 4.92262363e-01, 1.48967648e+00, 1.55567541e-08
-2.78218150e+00, 4.41059977e-01, 1.34119391e+00, 8.08418932e-08
-2.83051682e+00, 6.66342735e-01, 1.38242722e+00, -1.81097963e-08
-2.26962900e+00, 7.32439578e-01, 1.56852520e+00, 1.64818819e-04
-2.46531725e+00, 6.55250132e-01, 1.70445180e+00, 3.52538819e-07
-2.54058623e+00, 5.42049766e-01, 1.70924044e+00, -5.68463250e-08
-2.31435633e+00, 1.09695625e+00, 1.41484964e+00, 6.59573416e-05
-2.68862414e+00, 8.25241685e-01, 1.24255013e+00, -2.55384725e-06
-2.48404694e+00, 3.99214923e-01, 1.34001887e+00, 2.15230584e-02
-2.53416777e+00, 4.76389170e-01, 1.22589469e+00, 1.15621908e-04
-2.57218695e+00, 3.50161850e-01, 1.29873478e+00, 1.06029067e-04
-2.64895391e+00, 4.54497039e-01, 1.24594486e+00, 1.33771891e-06
-2.70537567e+00, 3.76918077e-01, 1.36014044e+00, 4.80752078e-07
-2.50803399e+00, 3.62336308e-01, 1.26531577e+00, 3.61146941e-03
-2.62709165e+00, 2.73885131e-01, 1.32325959e+00, 3.84931354e-06
-2.64459682e+00, 2.47693643e-01, 1.41709065e+00, 5.30483931e-06
-2.65783930e+00, 2.59460241e-01, 1.45055401e+00, 2.11128940e-06
-2.66639900e+00, 2.59981513e-01, 1.49481189e+00, 7.98288397e-07
-2.70701241e+00, 2.54382610e-01, 1.45049953e+00, 2.72891185e-07
-2.67985606e+00, 2.69232839e-01, 1.38810718e+00, 9.18680087e-07
-2.72021842e+00, 2.21398562e-01, 1.48065531e+00, 1.13550890e-07
-2.60354948e+00, 2.83533961e-01, 1.53426135e+00, 5.62655941e-06
-2.54561090e+00, 2.59501576e-01, 1.60233688e+00, 1.97766190e-06
-2.67380285e+00, 2.46150151e-01, 1.55807269e+00, 1.74596025e-07
-2.62620020e+00, 2.53726095e-01, 1.49638021e+00, 4.03304648e-06
-2.72692156e+00, 3.47001612e-01, 1.40930700e+00, 2.59161368e-07
-2.77532554e+00, 3.33400846e-01, 1.44715238e+00, 6.72819027e-08
-2.72981906e+00, 3.11080575e-01, 1.53937840e+00, 9.69372493e-08
-2.38862729e+00, 4.27411914e-01, 1.36909068e+00, 8.07241648e-02
-2.39966965e+00, 5.93365908e-01, 1.32073951e+00, 1.38789890e-02
-2.41355705e+00, 3.60622525e-01, 1.37000573e+00, 1.17745459e-01
-2.43223691e+00, 2.79277474e-01, 1.39132404e+00, 1.69697762e-01
-2.50149941e+00, 2.78887749e-01, 1.34273064e+00, 3.56502794e-02
-2.49182487e+00, 2.21904814e-01, 1.58189750e+00, 2.16409135e-05
-2.52519059e+00, 2.31288269e-01, 1.59271455e+00, 4.47292769e-06
-2.51303315e+00, 2.66958356e-01, 1.64070976e+00, 1.01893738e-06
-2.92028475e+00, 8.42160583e-01, 1.65277362e+00, 4.06457845e-09
-2.97491288e+00, 9.39627767e-01, 1.36735737e+00, 3.31178143e-08
-2.65423822e+00, 3.84358585e-01, 1.68764949e+00, 7.80446214e-08
-2.54750180e+00, 3.45940888e-01, 1.66351700e+00, 3.13433333e-07
-2.59446287e+00, 2.98458606e-01, 1.64255250e+00, 2.70735029e-07
-2.47013354e+00, 4.07886744e-01, 1.58678055e+00, 1.72273612e-05
-2.68160772e+00, 2.44391546e-01, 1.59686601e+00, 8.56294022e-08
-2.40922594e+00, 4.07726228e-01, 1.55591798e+00, 2.28378674e-04
-2.41376877e+00, 2.88498402e-01, 1.44657171e+00, 1.19574070e-01
-2.39440632e+00, 3.84303004e-01, 1.44860137e+00, 5.50597571e-02
-2.44785976e+00, 2.46683300e-01, 1.44914711e+00, 1.63220420e-01
-2.43994761e+00, 2.19555169e-01, 1.49699414e+00, 4.08753492e-02
-2.39348960e+00, 2.42048308e-01, 1.42919087e+00, 1.09950416e-01
-2.37578654e+00, 5.76249719e-01, 1.50111461e+00, 5.61993336e-04
-2.25160146e+00, 7.60660410e-01, 1.71727645e+00, 5.66314247e-06
-2.58420420e+00, 9.78514194e-01, 1.55046272e+00, 6.12428948e-07
-2.70558810e+00, 2.12729320e-01, 1.54315436e+00, 7.56488063e-08
-2.74924207e+00, 2.69151062e-01, 1.57286286e+00, 3.74188254e-08
-2.63817573e+00, 2.56811917e-01, 1.37769902e+00, 5.85147609e-06
-2.78185654e+00, 8.02352786e-01, 1.76685262e+00, 1.30746143e-08
-2.70235562e+00, 9.05747950e-01, 1.67372382e+00, 6.59516246e-08
-2.74930763e+00, 9.70481455e-01, 1.13711965e+00, -1.60845062e-07
-2.44648004e+00, 2.12657586e-01, 1.60645330e+00, 5.54595454e-06
-2.62308764e+00, 9.75470424e-01, 1.30886245e+00, 1.24327892e-06
-2.51900268e+00, 8.17898095e-01, 1.67213988e+00, 7.13270936e-07
-2.77351189e+00, 7.39145398e-01, 1.64255035e+00, 2.46823610e-08
-2.75634789e+00, 8.50806415e-01, 1.53546286e+00, 2.27894379e-08
-2.65295172e+00, 2.95970201e-01, 1.35575593e+00, 2.54158863e-06
-2.64614487e+00, 2.86794722e-01, 1.41194868e+00, 4.17142883e-06
-2.60489464e+00, 2.83892453e-01, 1.36875951e+00, 4.51792657e-05
-2.73804116e+00, 3.16182554e-01, 1.60474658e+00, 4.84662444e-08
-2.70518947e+00, 2.55456209e-01, 1.53402364e+00, 1.21884625e-07
-2.45502877e+00, 9.64324176e-01, 1.41224205e+00, 2.62625526e-05
-2.39612889e+00, 7.70986199e-01, 1.75622022e+00, 6.24371012e-07
-2.44717264e+00, 6.16377473e-01, 1.60576665e+00, 6.02861746e-06
-2.37013173e+00, 6.79943323e-01, 1.52879977e+00, 1.63499353e-04
-2.44115496e+00, 5.02601862e-01, 1.55083370e+00, 1.22483238e-04
-2.43512464e+00, 5.45814693e-01, 1.42634368e+00, 1.89568300e-03
-2.44133496e+00, 2.53856063e-01, 1.50947475e+00, 2.00788714e-02
-2.46165466e+00, 2.78104961e-01, 1.46916938e+00, 9.12090242e-02
-2.46102715e+00, 2.90458590e-01, 1.43066537e+00, 1.42285302e-01
-2.44778562e+00, 4.08790529e-01, 1.40563393e+00, 3.49241979e-02
-2.42945886e+00, 3.43187422e-01, 1.43867958e+00, 8.38214681e-02
-2.41830182e+00, 3.30749303e-01, 1.48890638e+00, 2.53463611e-02
-2.45977664e+00, 4.29751396e-01, 1.51172066e+00, 4.06005740e-04
-2.65812349e+00, 2.86340982e-01, 1.59806573e+00, 1.96374870e-07
-2.53756595e+00, 3.01122695e-01, 1.53058696e+00, 1.12826383e-04
-2.46814942e+00, 3.43766302e-01, 1.58926785e+00, 3.25650290e-05
-2.50669146e+00, 4.62919682e-01, 1.63517547e+00, 1.47064361e-06
-2.54185581e+00, 3.05801868e-01, 1.61190331e+00, 6.75482852e-07
-2.60166216e+00, 3.90769005e-01, 1.63424885e+00, 3.46325749e-07
-2.59375048e+00, 3.67184639e-01, 1.71903837e+00, 7.78451579e-08
-2.70020056e+00, 3.99906725e-01, 1.61458528e+00, 1.13069547e-07
-2.49670196e+00, 2.33313039e-01, 1.61682510e+00, 2.67815722e-06
-2.52193522e+00, 2.58616000e-01, 1.57752824e+00, 1.50196784e-05
-2.51120710e+00, 3.35136920e-01, 1.36553919e+00, 2.41640918e-02
-2.47019410e+00, 2.97200352e-01, 1.37762988e+00, 1.12912938e-01
-2.54417753e+00, 3.01279843e-01, 1.31797004e+00, 1.15277828e-03
-2.43318677e+00, 2.42753372e-01, 1.37215006e+00, 1.34849027e-01
-2.73663139e+00, 3.59969527e-01, 1.55577421e+00, 8.66811618e-08
-2.67668056e+00, 2.89770037e-01, 1.46132052e+00, 8.04664580e-07
-2.72768331e+00, 4.00440216e-01, 1.42632616e+00, 2.25815256e-07
-2.61912131e+00, 2.90536344e-01, 1.49778974e+00, 5.30938496e-06
-2.64212608e+00, 2.75351524e-01, 1.47701859e+00, 2.67779592e-06
-2.64350271e+00, 2.39106700e-01, 1.58338356e+00, 2.27546749e-07
-2.63717794e+00, 2.68337727e-01, 1.55253947e+00, 6.96121731e-07
-2.56630445e+00, 2.75733203e-01, 1.55275738e+00, 1.81954238e-05
-2.57501149e+00, 2.58569062e-01, 1.58145142e+00, 2.26950056e-06
-2.75703859e+00, 2.16691732e-01, 1.48220634e+00, 4.63457539e-08
-2.72506142e+00, 2.99837410e-01, 1.45248795e+00, 1.91754765e-07
-2.65892506e+00, 2.44718611e-01, 1.52199078e+00, 4.97505141e-07
-2.62637854e+00, 2.63921648e-01, 1.44208515e+00, 1.36358221e-05
-2.60370779e+00, 3.73757064e-01, 1.36107075e+00, 3.65161504e-05
-2.65644789e+00, 3.51110280e-01, 1.35400558e+00, 3.10619907e-06
-2.57905531e+00, 4.73081112e-01, 1.31410825e+00, 3.18784150e-05
-2.51345706e+00, 4.59239841e-01, 1.30797327e+00, 8.22794274e-04
-2.73838258e+00, 7.81674564e-01, 1.40016115e+00, -2.62169920e-07
-2.60120726e+00, 6.01123035e-01, 1.73556006e+00, 5.40967555e-08
-2.61864018e+00, 4.64588523e-01, 1.71707630e+00, 6.01092935e-08
-2.72913742e+00, 5.86328626e-01, 1.41877902e+00, -1.00166773e-07
-2.83238888e+00, 6.83776200e-01, 1.55917716e+00, 3.38088402e-09
-2.79704428e+00, 4.51312155e-01, 1.51317644e+00, 4.20585486e-08
-2.62954164e+00, 6.56523824e-01, 1.29918659e+00, -1.18052312e-05
-2.44635653e+00, 7.18456030e-01, 1.23995376e+00, 1.10105972e-03
-2.44361806e+00, 2.60938764e-01, 1.54587972e+00, 9.36275173e-04
-2.69426537e+00, 4.65050071e-01, 1.67515659e+00, 7.04290528e-08
-2.74151206e+00, 6.33243978e-01, 1.70514560e+00, 3.30822978e-08
-2.69269419e+00, 4.21624631e-01, 1.73433363e+00, 3.25864207e-08
-2.93140578e+00, 2.66954124e-01, 1.67023730e+00, 1.67139791e-09
-2.58214736e+00, 3.06984425e-01, 1.44581890e+00, 1.61403761e-04
-2.55061245e+00, 2.78490037e-01, 1.49166143e+00, 2.31545256e-03
-2.54532290e+00, 2.40986899e-01, 1.37335956e+00, 1.11209927e-02
-2.50219703e+00, 2.87459195e-01, 1.39940512e+00, 8.73640180e-02
-2.51617455e+00, 2.69731373e-01, 1.46293056e+00, 6.25290796e-02
-2.48658895e+00, 2.56146550e-01, 1.55678678e+00, 1.60570926e-04
-2.50427508e+00, 2.91587055e-01, 1.56669652e+00, 6.05200730e-05
-2.48839331e+00, 2.63606608e-01, 1.59420896e+00, 1.06064326e-05
-2.53467989e+00, 2.99015373e-01, 1.45593858e+00, 1.10473717e-02
-2.49192381e+00, 3.27785790e-01, 1.43681479e+00, 4.49281186e-02
-2.54301643e+00, 2.86700755e-01, 1.37527132e+00, 1.00707738e-02
-2.57777858e+00, 3.09180826e-01, 1.50713289e+00, 4.77178000e-05
-2.57768059e+00, 2.89286584e-01, 1.47199512e+00, 2.01417672e-04
-2.63252211e+00, 3.01102877e-01, 1.45463836e+00, 4.64992627e-06
-2.65275073e+00, 5.57704210e-01, 1.65240765e+00, 1.94765690e-07
-2.69426250e+00, 6.45018935e-01, 1.59126198e+00, 8.19689774e-08
-2.64097214e+00, 4.55587119e-01, 1.63857841e+00, 2.29598314e-07
-2.45303655e+00, 2.93338746e-01, 1.51428890e+00, 1.29354820e-02
-2.50975513e+00, 6.84149384e-01, 1.34919512e+00, 6.61919330e-05
-2.38128161e+00, 7.80441642e-01, 1.32222819e+00, 1.95512967e-03
-2.66318178e+00, 5.44212699e-01, 1.34035337e+00, -6.94984294e-07
-2.71039057e+00, 4.86567616e-01, 1.55692458e+00, 1.79825022e-07
-2.75712585e+00, 4.65960652e-01, 1.43506253e+00, 1.08511358e-07
-2.72311044e+00, 4.23353791e-01, 1.51018703e+00, 1.87127696e-07
-2.84398556e+00, 5.91919959e-01, 1.49772000e+00, 5.91533356e-09
-2.62566590e+00, 7.33146966e-01, 1.65748000e+00, 1.84395191e-07
-2.76265168e+00, 9.17257786e-01, 1.41682088e+00, 1.29586354e-07
-2.49428844e+00, 5.77084661e-01, 1.35493743e+00, 6.86503015e-04
-2.55182934e+00, 3.96117777e-01, 1.32318926e+00, 4.45680111e-04
-2.64495444e+00, 4.37432945e-01, 1.35942543e+00, 3.25368433e-07
-2.66512394e+00, 3.76725793e-01, 1.40800834e+00, 1.27680789e-06
-2.62281632e+00, 3.26352149e-01, 1.38347399e+00, 1.45374170e-05
-2.56715059e+00, 3.32009912e-01, 1.35708892e+00, 5.29719167e-04
-2.64566851e+00, 2.34412745e-01, 1.54223144e+00, 3.73731410e-07
-2.67535138e+00, 2.78646797e-01, 1.53795874e+00, 3.22296700e-07
-2.71153092e+00, 2.79197127e-01, 1.49377060e+00, 2.01296317e-07
-2.71633625e+00, 3.45022291e-01, 1.48428905e+00, 1.90873436e-07
-2.77237129e+00, 2.75254846e-01, 1.43486214e+00, 5.91339457e-08
-2.68786001e+00, 2.89597481e-01, 1.42701674e+00, 7.02779403e-07
-2.56564355e+00, 2.48901859e-01, 1.55135930e+00, 1.55684720e-05
-2.57801080e+00, 2.92194188e-01, 1.60310984e+00, 1.02890954e-06
-2.60093355e+00, 2.34491751e-01, 1.58560419e+00, 8.13467750e-07
-2.59114718e+00, 2.87332237e-01, 1.57435787e+00, 2.32082630e-06
-2.66224122e+00, 2.08252758e-01, 1.58860099e+00, 8.91502694e-08
-2.67231321e+00, 3.34103614e-01, 1.57433808e+00, 2.36005334e-07
-2.46621728e+00, 3.50649297e-01, 1.35603321e+00, 6.30297139e-02
-2.44853687e+00, 3.29425454e-01, 1.39638686e+00, 1.18260786e-01
-2.48465443e+00, 2.00946808e-01, 1.64787030e+00, 4.80080814e-07
-2.63946199e+00, 3.40454221e-01, 1.63070583e+00, 1.71332232e-07
-2.52991891e+00, 3.98396134e-01, 1.64896572e+00, 4.26249414e-07
-2.50494552e+00, 3.18450212e-01, 1.62722158e+00, 2.12550844e-06
-2.45225024e+00, 5.06683648e-01, 1.65530622e+00, 2.73477826e-06
-2.51706362e+00, 4.65995789e-01, 1.54671180e+00, 1.25150773e-05
-2.47606635e+00, 3.31737578e-01, 1.53161156e+00, 7.74113578e-04
-2.69969511e+00, 2.85544336e-01, 1.58439314e+00, 9.93191804e-08
-2.45861578e+00, 3.80398989e-01, 1.46458793e+00, 1.16043948e-02
-2.47168398e+00, 4.80463237e-01, 1.45822227e+00, 6.56264310e-04
-2.48991108e+00, 3.03061455e-01, 1.47953463e+00, 2.80542113e-02
-2.48369408e+00, 6.25799060e-01, 1.48810458e+00, 4.07940315e-05
-2.51307940e+00, 7.13564754e-01, 1.57030678e+00, 2.14085253e-06
-2.40670347e+00, 7.59496272e-01, 1.59837973e+00, 1.19602064e-05
-2.57180882e+00, 2.65202433e-01, 1.37530518e+00, 9.96637275e-04
-2.67566824e+00, 3.20826352e-01, 1.39613438e+00, 1.22007953e-06
-2.64089346e+00, 3.28548074e-01, 1.43224549e+00, 3.93933578e-06
-2.68264866e+00, 3.35021108e-01, 1.44853401e+00, 7.49059211e-07
-2.56892753e+00, 3.09466273e-01, 1.39650083e+00, 8.05211021e-04
-2.49253583e+00, 8.38147461e-01, 1.52859652e+00, 4.02999558e-06
-2.36998320e+00, 8.72031987e-01, 1.61310375e+00, 1.57264640e-05
-2.56995773e+00, 6.08585298e-01, 1.56962097e+00, 1.68075655e-06
-2.64457870e+00, 7.96009600e-01, 1.54167235e+00, -2.82230815e-07
-2.59526634e+00, 6.20968401e-01, 1.41818285e+00, 5.01847308e-06
-2.53011656e+00, 5.37380278e-01, 1.48317873e+00, 2.94136717e-05
-2.46513391e+00, 3.26523244e-01, 1.48925495e+00, 1.63945109e-02
-2.52713585e+00, 3.22526932e-01, 1.49212325e+00, 1.20333896e-03
-2.55923986e+00, 4.44727540e-01, 1.38427949e+00, 1.32822868e-04
-2.48100090e+00, 3.87436539e-01, 1.52370369e+00, 2.66414514e-04
-2.48912430e+00, 3.67733091e-01, 1.40748382e+00, 2.49294322e-02
-2.48979568e+00, 3.16567510e-01, 1.58607137e+00, 1.85937770e-05
-2.50967550e+00, 2.83852339e-01, 1.51951468e+00, 1.45193608e-03
-2.54132438e+00, 4.12312746e-01, 1.58200932e+00, 3.32247237e-06
-2.49823236e+00, 3.69343191e-01, 1.70903885e+00, 2.71332766e-07
-2.61588049e+00, 3.19672346e-01, 1.60391700e+00, 3.33608284e-07
-2.63969183e+00, 3.81818950e-01, 1.57608891e+00, 4.83726240e-07
-2.62809849e+00, 3.16862673e-01, 1.52902317e+00, 1.78863070e-06
-2.67835975e+00, 3.31718117e-01, 1.51847565e+00, 4.38579150e-07
-2.54838061e+00, 2.88306147e-01, 1.57493067e+00, 7.82983079e-06
-2.58071804e+00, 3.16131592e-01, 1.55034792e+00, 6.56419479e-06
-2.66015863e+00, 3.04525286e-01, 1.49063110e+00, 8.94721722e-07
-2.64463854e+00, 2.80752659e-01, 1.51513004e+00, 1.19307185e-06
-2.55185223e+00, 3.79818648e-01, 1.39309609e+00, 8.14597704e-04
-2.66224694e+00, 4.36792314e-01, 1.44044530e+00, 1.29346688e-06
-2.70362234e+00, 4.43246424e-01, 1.36696708e+00, 2.15191776e-07
-2.59251547e+00, 5.64124882e-01, 1.35377622e+00, 1.88819849e-05
-2.74613023e+00, 6.65885746e-01, 1.50323260e+00, -8.36380494e-08
-2.77048945e+00, 5.31766057e-01, 1.48785472e+00, 1.91782092e-08
-2.71536875e+00, 5.74661374e-01, 1.55611837e+00, 1.18125207e-07
-2.56485462e+00, 7.86886513e-01, 1.30820835e+00, 1.23725622e-05
-2.57491875e+00, 4.87010479e-01, 1.62407494e+00, 6.95989627e-07
-2.61185980e+00, 3.31551284e-01, 1.47532535e+00, 1.14709646e-05
-2.53612375e+00, 3.23833048e-01, 1.41020405e+00, 1.00785159e-02
-2.55427361e+00, 3.40928108e-01, 1.44453883e+00, 6.02810294e-04
-2.64853263e+00, 3.49614292e-01, 1.47358000e+00, 1.96506039e-06
-2.59017110e+00, 3.58836293e-01, 1.51405764e+00, 8.08370987e-06
-2.51200056e+00, 5.34596503e-01, 1.58459961e+00, 6.41378347e-06
-2.62133265e+00, 4.37851220e-01, 1.57205415e+00, 7.85252666e-07
-2.50720811e+00, 7.52486765e-01, 1.45123518e+00, 2.54494371e-05
-2.63651013e+00, 5.32270491e-01, 1.49844313e+00, 1.16383478e-06
-2.60341668e+00, 4.99843448e-01, 1.40658712e+00, 9.75332023e-06
-2.53009868e+00, 5.07286251e-01, 1.38932073e+00, 2.05852572e-04
-2.74233317e+00, 5.06179810e-01, 1.35423243e+00, 2.54252495e-08
-2.67222071e+00, 5.00719130e-01, 1.43839467e+00, 7.62176512e-07
-2.61178422e+00, 3.93628031e-01, 1.42219973e+00, 1.28085212e-05
-2.67804742e+00, 3.82184833e-01, 1.47237647e+00, 5.62151456e-07
-2.58167434e+00, 3.73288184e-01, 1.56507039e+00, 1.97431950e-06
-2.56885433e+00, 3.25999737e-01, 1.58689034e+00, 2.46506534e-06
-2.67660952e+00, 3.94471318e-01, 1.54052258e+00, 3.83117481e-07
-2.58337164e+00, 3.41693074e-01, 1.62049210e+00, 5.59879709e-07
-2.62722087e+00, 3.00241500e-01, 1.57234001e+00, 7.70453084e-07
-2.52703810e+00, 3.40815663e-01, 1.55445421e+00, 3.19767678e-05
-2.50758290e+00, 4.26066250e-01, 1.43568635e+00, 1.27073342e-03
-2.50209975e+00, 3.50071490e-01, 1.49606121e+00, 2.07666587e-03
-2.56685281e+00, 3.21805537e-01, 1.47517395e+00, 2.20589485e-04
-2.58068085e+00, 3.51485193e-01, 1.40181255e+00, 1.25849052e-04
-2.60249734e+00, 3.26218456e-01, 1.42467725e+00, 3.10174655e-05
-2.58830261e+00, 3.65904927e-01, 1.44810808e+00, 3.54442491e-05
-2.53987622e+00, 3.91065687e-01, 1.51974261e+00, 3.83031038e-05
-2.51497817e+00, 3.74697268e-01, 1.45790231e+00, 1.81003881e-03
-2.57410431e+00, 4.76684242e-01, 1.46923709e+00, 1.02108834e-05
-2.52340770e+00, 3.63622159e-01, 1.60478997e+00, 7.00188480e-07
-2.61651325e+00, 3.47831428e-01, 1.57809293e+00, 7.39932943e-07
-2.62168741e+00, 3.98680687e-01, 1.50104582e+00, 2.86873751e-06
-2.63984060e+00, 4.56387818e-01, 1.51245642e+00, 1.14553029e-06
-2.46341324e+00, 4.76295114e-01, 1.36952496e+00, 7.96588976e-03
-2.62379766e+00, 6.42703712e-01, 1.51103783e+00, 8.82886937e-08
-2.57050371e+00, 5.03184557e-01, 1.53407896e+00, 3.26979193e-06
-2.63635373e+00, 5.31859040e-01, 1.56871319e+00, 5.84379336e-07
-2.63818789e+00, 3.60316724e-01, 1.52767909e+00, 1.18851005e-06
-2.57213163e+00, 4.33202207e-01, 1.53604496e+00, 4.55448981e-06
-2.56193089e+00, 4.02174473e-01, 1.46475518e+00, 6.53653478e-05
-2.52759862e+00, 4.45010066e-01, 1.49426067e+00, 5.41730005e-05
-3.75242138e+00, 1.81011820e+00, 3.01122808e+00, 7.44838625e-14
-2.39101624e+00, 3.78564373e-02, 1.36054730e+00, 1.19187071e-05
-2.75840521e+00, 1.95625052e-02, 1.56224620e+00, 2.67776845e-09
-2.46909499e+00, 3.31535675e-02, 1.25001061e+00, 1.40529789e-06
5.03907871e+00, 2.93856978e+00, -9.69461620e-01, 5.26524521e-16
-1.13066947e+00, 2.14100170e+00, 7.34996080e-01, 3.78539413e-03
-2.57615376e+00, 6.86433315e-02, 1.55303979e+00, 5.42787220e-08
-1.31651616e+00, 1.38123035e+00, 3.50026369e+00, 2.16788823e-10
-2.59473801e+00, 1.05226278e-01, 1.86194801e+00, 3.21761040e-09
-4.93409681e+00, 2.76220822e+00, 2.99582314e+00, 9.29917768e-18
-2.32482743e+00, 5.57781309e-02, 1.38717663e+00, 8.55943381e-06
-2.32891273e+00, 5.18751331e-02, 1.21593535e+00, 1.07730766e-05
-4.68948174e+00, 3.34852964e-01, -1.15749633e+00, 1.25176314e-09
-3.66342545e+00, 8.83791685e-01, -2.19504619e+00, 2.79279289e-09
-2.52644897e+00, 1.16207063e+00, -3.55643940e+00, 9.22819043e-11
-2.01575971e+00, 1.72333777e-01, 2.38524079e+00, 5.76797221e-10
5.39041662e+00, 2.31808424e+00, 2.21712947e+00, 2.74838964e-17
-5.41571712e+00, 2.22642612e+00, -2.93055296e+00, 3.09695124e-16
2.47412586e+00, 1.49714184e+00, -6.79834664e-01, 1.33976581e-08
-3.69182253e+00, 4.02497858e-01, 1.86961198e+00, 3.27053868e-13
-2.55243731e+00, 3.36247906e-02, 1.45674479e+00, 1.33738831e-06
5.04904461e+00, 2.89482045e+00, 2.59988022e+00, 3.17866277e-19
-2.80684447e+00, 4.94657569e-02, 1.66246819e+00, 1.32942202e-09
-2.16814852e+00, 1.19222678e-01, 8.27568352e-01, 9.98881151e-05
-2.66039658e+00, 2.81617790e-02, 1.45495248e+00, 1.08515126e-08
-1.84270620e+00, 2.45920897e+00, 3.61896014e+00, 1.35060765e-11
-5.42532349e+00, 1.52902782e+00, 2.95593667e+00, 2.82736175e-19
5.38484335e-01, 1.51215112e+00, 2.98061204e+00, 3.23625599e-10
-5.00766516e+00, 9.62908506e-01, 2.97790813e+00, 6.11581724e-19
-2.41903448e+00, 8.22786763e-02, 1.42007542e+00, 1.22011392e-04
-4.42981386e+00, 2.11111522e+00, -1.14501469e-01, 7.02377212e-10
-2.62483168e+00, 7.11038262e-02, 1.44948518e+00, 5.44872734e-08
-2.63094735e+00, 2.12728586e-02, 1.43595231e+00, 1.42029428e-08
-2.66407108e+00, 4.12604511e-02, 1.48106456e+00, 1.06220428e-08
-2.87280130e+00, 9.77025703e-02, 1.81376410e+00, 3.67450237e-10
-4.71274805e+00, 3.68317276e-01, 5.30137479e-01, 3.61660396e-10
-4.69494915e+00, 6.30857766e-01, 1.69625962e+00, 1.12441896e-13
-2.99039435e+00, 6.82173818e-02, 1.48116171e+00, 1.59228120e-09
-3.88714123e+00, 4.79353577e-01, 2.32450217e-01, 4.18919444e-06
4.35370302e+00, 1.42887604e+00, 1.22686219e+00, 1.43373334e-12
-4.90034008e+00, 2.35193563e+00, -6.88408256e-01, 5.14800615e-12
2.88894582e+00, 4.66497630e-01, 2.82883453e+00, 1.24345168e-13
-1.92609191e+00, 2.93680120e+00, -2.58826409e-02, 1.66586091e-04
-1.23128951e+00, 2.58657384e+00, -5.35827935e-01, 5.07945311e-04
-2.59974456e+00, 9.18147385e-01, 2.88625264e+00, 1.09839334e-11
1.13263178e+00, 2.52734661e+00, -2.42344236e+00, 3.54037399e-09
-2.37999380e-01, 5.97222865e-01, 2.51202726e+00, 8.08511924e-09
-4.29477310e+00, 8.95314574e-01, -1.81611943e+00, 1.37758627e-09
-2.53246331e+00, 2.01878726e-01, 7.55315065e-01, 4.08933294e-04
-2.45655346e+00, 1.46588594e-01, 1.50861692e+00, 3.55416699e-03
-2.77835274e+00, 3.04304051e+00, 1.26755190e+00, 9.70675345e-08
-2.69001746e+00, 3.22637670e-02, 1.75335467e+00, 1.83285154e-09
5.10388088e+00, 9.45626259e-01, -2.30371547e+00, 3.59853647e-14
-4.53551912e+00, 2.45897770e+00, 1.63262713e+00, 9.27720628e-14
-2.47567415e+00, 1.20739445e-01, 1.69115317e+00, 7.65264119e-08
-3.09204340e+00, 1.88356847e-01, 1.33721685e+00, 1.72579444e-08
-2.38869119e+00, 1.05442300e-01, 1.79277730e+00, 2.61339643e-08
-2.58324265e+00, 2.10058749e-01, 1.47670555e+00, 1.01869805e-02
-2.55553007e+00, 1.37636161e+00, -3.89884591e-01, 5.03600249e-03
-4.32564449e+00, 1.91004014e+00, 6.53454840e-01, 2.24014834e-10
-3.83559918e+00, 1.33065522e+00, -6.15184605e-01, 2.17738693e-06
-2.93871474e+00, 6.49069309e-01, 5.51138401e-01, 6.30360970e-04
-2.55970001e+00, 1.60530582e-01, 1.56210458e+00, 7.38602694e-06
-2.75844526e+00, 8.39678571e-02, 1.33408189e+00, 5.38583862e-08
-2.50974107e+00, 1.09235361e-01, 1.45053554e+00, 9.64602232e-02
-2.69175053e+00, 6.92990348e-02, 1.56285632e+00, 7.96683075e-09
-2.70233750e+00, 9.78036299e-02, 1.47873676e+00, 2.31194299e-08
-3.03492141e+00, 4.61866736e-01, 1.46575069e+00, 3.08211012e-09
-2.45485401e+00, 1.22366548e-01, 1.54035640e+00, 2.87514631e-05
-2.50874019e+00, 1.02243885e-01, 1.53504968e+00, -3.24086468e-05
-2.70101738e+00, 3.24041337e-01, 1.88009179e+00, 4.38003411e-09
-2.45553637e+00, 1.49892867e-01, 1.48072636e+00, 3.72617878e-02
-2.13442111e+00, 8.78239274e-02, 1.55330241e+00, 1.05996003e-06
-2.21385169e+00, 1.69845033e+00, 2.00743771e+00, 5.76570471e-07
-2.53192234e+00, 1.30534425e-01, 1.58372867e+00, 1.65419851e-06
-1.84373295e+00, 4.73867804e-01, 1.94493508e+00, 2.80647714e-06
-2.62493968e+00, 2.24861696e-01, 1.64474523e+00, 1.09208848e-07
-2.90987682e+00, 4.59439576e-01, 1.82716036e+00, 1.19794907e-09
-2.73300958e+00, 4.74148303e-01, 9.97152269e-01, 3.36360827e-05
-2.32929802e+00, 3.13522279e-01, 1.54289544e+00, 6.16643170e-04
-2.66813588e+00, 7.34622031e-02, 1.42303455e+00, 3.00987963e-08
-2.66992903e+00, 3.14644665e-01, 1.68948197e+00, 4.65124330e-08
-2.43854284e+00, 1.13537051e-01, 1.50643051e+00, 1.58958675e-04
-1.84929895e+00, 8.60238791e-01, 1.38037813e+00, 1.21021923e-02
-2.57393527e+00, 1.30381137e-01, 1.58043623e+00, 3.56250638e-07
-2.53254485e+00, 8.41516435e-01, 7.32197881e-01, 1.19579934e-04
-2.62929082e+00, 2.23004684e-01, 1.18394041e+00, 1.32792741e-06
-2.49586105e+00, 2.10275590e-01, 1.32811189e+00, 1.21639539e-02
-2.68362284e+00, 1.02016091e-01, 1.51052082e+00, 2.61020006e-08
-2.58497643e+00, 1.72024548e-01, 1.58371580e+00, 6.78278070e-07
-2.56592584e+00, 7.38280892e-01, 9.52879071e-01, 3.41976338e-05
-2.52625132e+00, 1.87306762e-01, 1.31038833e+00, 4.87731129e-04
-2.44288039e+00, 1.08677280e+00, 1.96603465e+00, 7.22469906e-08
-2.54790688e+00, 2.50031590e-01, 1.46471334e+00, 3.19765918e-02
-2.77218366e+00, 1.77258790e-01, 1.46904838e+00, 2.31249881e-08
-2.40681028e+00, 2.14442834e-01, 1.52303565e+00, 2.89914850e-03
-2.37110257e+00, 5.02354681e-01, 1.34910917e+00, 4.90466245e-02
-2.55088091e+00, 2.42015973e-01, 1.50404823e+00, 3.34788952e-03
-2.33353567e+00, 2.74311244e-01, 1.38065982e+00, 8.00981820e-02
-2.81206918e+00, 3.88715565e-01, 1.18686986e+00, 5.20057540e-07
-2.41564727e+00, 1.75139263e-01, 1.41654551e+00, 4.93786372e-02
-2.33877063e+00, 4.42605376e-01, 1.43586040e+00, 4.47834581e-02
-2.61546063e+00, 1.96171463e-01, 1.41365433e+00, 1.28933345e-04
-2.05928349e+00, 6.30971014e-01, 1.56762099e+00, 4.51234548e-04
-2.00275469e+00, 7.10840821e-01, 1.81819475e+00, 1.89011007e-05
-2.12111092e+00, 5.42129934e-01, 1.46467829e+00, 1.09053263e-02
-2.65506482e+00, 4.00048971e-01, 1.13990021e+00, 2.69898715e-06
-2.51294708e+00, 2.79036075e-01, 1.60187209e+00, 5.62516152e-06
-2.34179497e+00, 4.51822072e-01, 1.65960038e+00, 1.09269990e-06
-2.25698137e+00, 7.89216995e-01, 1.85707533e+00, 6.66823439e-07
-2.66682458e+00, 7.01321483e-01, 1.40917194e+00, -2.67690552e-06
-2.31352782e+00, 9.51901555e-01, 1.14972031e+00, 2.95310910e-03
-2.78955793e+00, 3.07908088e-01, 1.59549308e+00, 1.92441227e-08
-2.54118133e+00, 1.15224802e+00, 1.52217376e+00, 4.72095508e-07
-2.57192159e+00, 2.88976222e-01, 1.34816241e+00, 3.57549230e-04
-2.62496042e+00, 8.50627959e-01, 1.42529428e+00, 4.96351618e-07
-2.52172923e+00, 3.48777980e-01, 1.31558728e+00, 4.52841772e-03
-2.55354881e+00, 3.49875569e-01, 1.50522268e+00, 7.78084213e-05
-1.19636166e+00, 2.22271347e+00, 1.16622710e+00, 5.18026995e-03
-2.57183647e+00, 8.03260133e-02, 1.55831444e+00, 1.00080015e-07
-1.71331000e+00, 5.07750869e-01, 2.09764528e+00, 1.47443791e-06
-2.17002344e+00, 6.19434476e-01, 1.55139148e+00, 1.55179424e-03
-9.66331899e-01, 2.59581947e+00, 9.70067441e-01, 2.57374626e-03
-1.85114300e+00, 8.72640237e-02, 9.99992430e-01, 1.46344246e-05
-1.96799731e+00, 2.95567095e-01, -6.33842498e-02, 1.32507485e-04
-9.66372311e-01, 3.17062140e+00, -1.43978000e+00, 2.32497939e-07
5.09583807e+00, 2.14390755e+00, 3.09322405e+00, 2.48968543e-18
3.12772965e+00, 1.17472219e+00, -3.12599850e+00, 5.44239709e-14
-2.45711541e+00, 7.10037574e-02, 1.52698803e+00, 2.11097790e-06
3.58700228e+00, 2.09316540e+00, -9.82244670e-01, 1.39351516e-11
-2.57890153e+00, 1.37598058e-02, 1.55628741e+00, 1.10527738e-08
4.16784716e+00, 1.44840360e+00, 3.64934826e+00, 1.30826406e-17
-1.33095038e+00, 4.71302897e-01, 2.03952718e+00, 2.65247195e-06
-2.67115116e+00, 1.55846849e-02, 1.45562863e+00, 9.35422140e-09
5.61918116e+00, 3.17034292e+00, -2.45048690e+00, 3.77078063e-19
-1.15892732e+00, 1.75175041e-01, 9.97188926e-01, 4.96181826e-07
-2.80239582e+00, 2.71275830e+00, 1.66712224e+00, 4.64180410e-08
-2.49525714e+00, 1.50486708e-01, 7.50810057e-02, 1.89592713e-04
6.40024662e-01, 1.79372406e+00, 9.84156057e-02, 3.32132299e-06
-2.62219167e+00, 1.02271116e+00, -1.16577633e-01, 5.07382210e-03
-2.54003382e+00, 8.90057236e-02, 1.43911183e+00, 5.32841950e-04
-3.90209436e+00, 2.62074614e+00, -1.58593881e+00, 3.59095281e-10
-2.58495092e+00, 3.85286845e-02, 1.42737699e+00, 9.28527086e-08
-2.49138641e+00, 1.17253758e-01, 1.44806778e+00, 6.04522936e-02
-2.56870627e+00, 4.30122353e-02, 1.37174797e+00, 2.49194841e-07
-1.97742951e+00, 6.98029041e-01, 2.57119346e+00, 5.53609114e-09
-2.54044986e+00, 1.25903785e-01, 1.42257726e+00, 1.33084685e-01
-1.30496418e+00, 1.72972947e-01, 1.19677365e+00, 8.69241660e-07
-3.16358900e+00, 1.89342487e+00, 1.16323769e+00, 1.03759632e-07
-2.46318913e+00, 1.94100127e-01, 1.86428082e+00, 1.38612553e-08
-2.58811498e+00, 1.03696994e-01, 1.54755914e+00, 2.87492895e-07
-2.63359189e+00, 2.31541321e-01, 1.71322167e+00, 3.33726149e-08
-2.63415074e+00, 4.25075367e-02, 1.57999086e+00, 8.64958150e-09
-2.53868532e+00, 1.57452136e-01, 1.53957808e+00, 5.23941184e-04
-6.98525846e-01, 2.11454034e+00, 2.13563275e+00, 1.71313768e-05
-2.62013936e+00, 2.11975425e-01, 1.80348873e+00, 1.11384866e-08
-2.63613939e+00, 1.56145826e-01, 1.61977935e+00, 4.70092196e-08
5.40597131e-03, 4.14903730e-01, -2.02335835e+00, 1.09700056e-06
-2.07166576e+00, 5.13932943e-01, 5.73932528e-01, 7.20640412e-03
-2.48269939e+00, 9.38948691e-02, 1.41870129e+00, 1.20512641e-03
-2.54009247e+00, 1.55854791e-01, 1.57931054e+00, 4.58584918e-06
-2.63290215e+00, 1.34149814e+00, 1.66532624e+00, 1.38794746e-07
-1.58044314e+00, 1.08906281e+00, -6.64624631e-01, 1.26196921e-03
-2.50842977e+00, 2.03663170e-01, 1.45028198e+00, 1.93198845e-01
-2.64667797e+00, 2.10251361e-01, 1.45696533e+00, 5.57930980e-06
-2.49043584e+00, 1.04835153e+00, 2.15516043e+00, 7.17521154e-09
-2.57074261e+00, 2.22847253e-01, 1.40958345e+00, 1.39152100e-02
-2.49371958e+00, 2.25611746e-01, 1.39119864e+00, 1.48024634e-01
-2.62948298e+00, 1.86953366e-01, 1.35704327e+00, 5.14863359e-06
-2.46038485e+00, 2.18011960e-01, 1.52816141e+00, 5.62017178e-03
-2.44694185e+00, 3.11978281e-01, 1.46187019e+00, 6.85635358e-02
-2.65936518e+00, 2.05242366e-01, 1.34641719e+00, 1.13393492e-06
-2.54854512e+00, 2.61824250e-01, 1.56690240e+00, 7.70334918e-06
-2.62402654e+00, 2.69538283e-01, 1.39600694e+00, 1.71018619e-05
-2.51458430e+00, 5.23792207e-01, 1.28713787e+00, 5.77647530e-04
-2.86037993e+00, 1.06807899e+00, 1.99120915e+00, 1.85806237e-09
-2.57659197e+00, 2.63586700e-01, 1.40272427e+00, 1.91666745e-03
-2.61553168e+00, 2.21659690e-01, 1.37246537e+00, 2.65381059e-05
-4.85694742e+00, 2.27322865e+00, -3.18095350e+00, 2.46522714e-15
-4.33757734e+00, 1.88072658e+00, -5.95817983e-01, 9.86290272e-10
-2.75161505e+00, 1.43697947e-01, 1.45418692e+00, 2.36232758e-08
-2.69594669e+00, 1.07523131e+00, 1.54291582e+00, 1.48602638e-07
-2.74940205e+00, 2.11861134e-02, 1.69927108e+00, 1.45902679e-09
-1.81888878e+00, 1.24876428e+00, 3.68771362e+00, 4.69371373e-12
-2.30328941e+00, 3.02331299e-02, 1.45813406e+00, 1.72336127e-06
-2.13694191e+00, 1.02253519e-01, 2.13209867e+00, 8.73299266e-10
-3.95948100e+00, 3.15773666e-01, 3.74082017e+00, 9.69260063e-20
-2.58917284e+00, 3.10290837e+00, -1.72445383e-02, 1.81422979e-06
-2.61190915e+00, 3.98311652e-02, 1.44151473e+00, 2.58494079e-08
-2.44148040e+00, 2.34644040e-01, -9.33285654e-01, 2.91616219e-04
-4.98355913e+00, 3.06625772e+00, -2.54510283e+00, 7.21793356e-16
-2.45375466e+00, 1.46986283e-02, 1.41640282e+00, 4.54141082e-06
-2.26930046e+00, 2.75549926e-02, 1.61327672e+00, 2.77588157e-07
-2.23134184e+00, 9.47215855e-01, -3.08951283e+00, 1.11024381e-08
-2.52639842e+00, 6.72050714e-02, 1.48326993e+00, 3.34419155e-06
-2.37394619e+00, 7.74776340e-02, 1.43463337e+00, 2.06978275e-05
4.02790165e+00, 1.74687505e+00, -4.00000000e+00, 1.52959244e-17
3.56250000e+00, 8.75000000e-01, -4.00000000e+00, -9.55132136e-18
3.37500000e+00, 1.75000000e+00, -4.00000000e+00, 2.36527465e-17
3.56250000e+00, 2.62500000e+00, -4.00000000e+00, 5.07083429e-18
1.87500000e+00, 1.75000000e+00, -4.00000000e+00, 2.83563862e-14
1.12500000e+00, 1.75000000e+00, -4.00000000e+00, 5.50184193e-13
1.31250000e+00, 2.62500000e+00, -4.00000000e+00, 4.38514242e-14
1.31250000e+00, 8.75000000e-01, -4.00000000e+00, 8.22874321e-13
-3.75000000e-01, 1.75000000e+00, -4.00000000e+00, 6.04408329e-11
-1.12500000e+00, 1.75000000e+00, -4.00000000e+00, 3.36402191e-11
-9.37500000e-01, 2.62500000e+00, -4.00000000e+00, 2.22347002e-11
-9.37500000e-01, 8.75000000e-01, -4.00000000e+00, 6.46287399e-11
-2.62500000e+00, 1.75000000e+00, -4.00000000e+00, 9.17312927e-12
-3.29258370e+00, 9.51872110e-01, -4.00000000e+00, 1.48372514e-12
-3.46875000e+00, 1.83749998e+00, -4.00000000e+00, 6.99305360e-13
-3.25000000e+00, 2.65416670e+00, -4.00000000e+00, 1.80732491e-13
-4.23034000e+00, 1.89436519e+00, -4.00000000e+00, 3.32552250e-14
-4.03125000e+00, 2.71250010e+00, -4.00000000e+00, 1.87394198e-14
2.43750000e+00, 2.62500000e+00, -4.00000000e+00, 1.85601076e-15
2.62500000e+00, 1.75000000e+00, -4.00000000e+00, 8.17317814e-16
2.43750000e+00, 8.75000000e-01, -4.00000000e+00, 7.34300221e-16
1.87500000e-01, 2.62500000e+00, -4.00000000e+00, 5.76293787e-13
3.75000000e-01, 1.75000000e+00, -4.00000000e+00, 1.67924713e-12
1.87500000e-01, 8.75000000e-01, -4.00000000e+00, 2.35693774e-11
-2.06250000e+00, 2.62500000e+00, -4.00000000e+00, 8.91615937e-13
-1.87500000e+00, 1.75000000e+00, -4.00000000e+00, 3.42212300e-11
-2.06250000e+00, 8.75000000e-01, -4.00000000e+00, 4.50026821e-11
5.26207829e+00, 1.93779325e+00, -4.00000000e+00, 5.78073982e-19
5.34375000e+00, 1.13750005e+00, -4.00000000e+00, 3.80675420e-19
4.73437500e+00, 1.44375002e+00, -4.00000000e+00, 8.03781576e-18
4.77453279e+00, 8.20846200e-01, -4.00000000e+00, 7.06137867e-18
4.78922224e+00, 2.68118954e+00, -4.00000000e+00, 1.67309449e-18
5.34375000e+00, 2.71250010e+00, -4.00000000e+00, 1.79546354e-20
-4.70758915e+00, 8.93750012e-01, -4.00000000e+00, 3.89694289e-16
-5.39062500e+00, 1.18125010e+00, -4.00000000e+00, 3.11407320e-18
-4.96875000e+00, 1.66250002e+00, -4.00000000e+00, 1.45882446e-16
2.98839688e+00, 1.13573623e+00, -4.00000000e+00, 4.35548841e-16
2.98839688e+00, 2.36426377e+00, -4.00000000e+00, -2.04540100e-16
7.38396943e-01, 1.13573623e+00, -4.00000000e+00, 1.52177901e-12
7.38396943e-01, 2.36426377e+00, -4.00000000e+00, 2.27765831e-13
-1.51160312e+00, 1.13573623e+00, -4.00000000e+00, 5.13830714e-11
-1.51160312e+00, 2.36426377e+00, -4.00000000e+00, 2.50848040e-11
-5.32031250e+00, 5.90625048e-01, -4.00000000e+00, 6.93946300e-17
4.62345123e+00, 2.08961320e+00, -4.00000000e+00, 5.90679956e-18
-5.21093750e+00, 2.31145835e+00, -4.00000000e+00, 5.23655248e-18
-5.41406250e+00, 2.86562490e+00, -4.00000000e+00, 1.60755831e-19
-4.82812500e+00, 2.93125010e+00, -4.00000000e+00, 2.16603298e-17
5.29687500e+00, 5.68750024e-01, -4.00000000e+00, 9.38308399e-19
-4.63294315e+00, 2.35322905e+00, -4.00000000e+00, 1.20155107e-15
-3.75000000e-01, 7.57881701e-01, -4.00000000e+00, 4.74562785e-11
-3.75000000e-01, 2.74211836e+00, -4.00000000e+00, 7.35583415e-13
1.87500000e+00, 7.57881701e-01, -4.00000000e+00, 9.82719579e-15
1.87500000e+00, 2.74211836e+00, -4.00000000e+00, 1.51482684e-15
4.20884609e+00, 2.69044638e+00, -4.00000000e+00, 5.72783903e-18
4.22488499e+00, 8.14411879e-01, -4.00000000e+00, 1.69626884e-17
-2.63320708e+00, 2.74373031e+00, -4.00000000e+00, 2.95818681e-13
-2.64071703e+00, 7.55627096e-01, -4.00000000e+00, 8.83340710e-12
-5.50206661e+00, 1.79173553e+00, -4.00000000e+00, 9.96100096e-19
-4.37751913e+00, 1.36882472e+00, -4.00000000e+00, 1.50581723e-14
-4.04250145e+00, 8.21901739e-01, -4.00000000e+00, 3.02750209e-14
-3.88233876e+00, 1.37489271e+00, -4.00000000e+00, 8.45424398e-14
6.00000000e+00, 3.50000000e+00, -4.00000000e+00, 4.27943599e-23
6.00000000e+00, 2.79999995e+00, -4.00000000e+00, -4.15734190e-22
5.25000000e+00, 3.50000000e+00, -4.00000000e+00, 1.49469083e-21
-3.75000000e+00, 0.00000000e+00, -4.00000000e+00, 4.35242933e-13
-3.00000000e+00, 0.00000000e+00, -4.00000000e+00, 2.67222399e-12
-2.25000000e+00, 3.50000000e+00, -4.00000000e+00, 2.49804165e-13
-1.50000000e+00, 3.50000000e+00, -4.00000000e+00, 5.04487023e-13
-2.25000000e+00, 0.00000000e+00, -4.00000000e+00, 2.58131936e-11
-1.50000000e+00, 0.00000000e+00, -4.00000000e+00, 5.89960997e-11
-3.75000000e+00, 3.50000000e+00, -4.00000000e+00, 7.50502690e-16
-3.00000000e+00, 3.50000000e+00, -4.00000000e+00, -6.72653851e-15
-7.10542736e-15, 3.50000000e+00, -4.00000000e+00, 2.12956240e-13
7.50000000e-01, 3.50000000e+00, -4.00000000e+00, 4.77260612e-14
-7.10542736e-15, 0.00000000e+00, -4.00000000e+00, 7.69443884e-11
7.50000000e-01, 0.00000000e+00, -4.00000000e+00, 7.76795208e-12
2.25000000e+00, 3.50000000e+00, -4.00000000e+00, 3.41909448e-17
3.00000000e+00, 3.50000000e+00, -4.00000000e+00, 4.46248307e-18
2.25000000e+00, 0.00000000e+00, -4.00000000e+00, 4.83316470e-16
3.00000000e+00, 0.00000000e+00, -4.00000000e+00, 2.55300601e-16
4.50000000e+00, 3.50000000e+00, -4.00000000e+00, 2.04005050e-20
6.00000000e+00, 2.09999990e+00, -4.00000000e+00, 1.12632345e-20
6.00000000e+00, 1.39999998e+00, -4.00000000e+00, 3.41303897e-20
3.75000000e+00, 0.00000000e+00, -4.00000000e+00, 1.38926274e-17
3.75000000e+00, 3.50000000e+00, -4.00000000e+00, 7.05768141e-20
1.50000000e+00, 3.50000000e+00, -4.00000000e+00, 1.00607450e-15
1.50000000e+00, 0.00000000e+00, -4.00000000e+00, 1.62084345e-14
-7.50000000e-01, 3.50000000e+00, -4.00000000e+00, 3.75144956e-13
-7.50000000e-01, 0.00000000e+00, -4.00000000e+00, 6.93400962e-11
-4.50000000e+00, 3.50000000e+00, -4.00000000e+00, 1.13580782e-17
6.00000000e+00, 6.99999988e-01, -4.00000000e+00, 4.29664590e-21
-5.25000000e+00, 3.50000000e+00, -4.00000000e+00, 7.57375035e-20
-6.00000000e+00, 1.39999998e+00, -4.00000000e+00, 6.08395580e-19
-6.00000000e+00, 6.99999988e-01, -4.00000000e+00, 2.36078484e-19
-5.25000000e+00, 0.00000000e+00, -4.00000000e+00, 7.10856122e-17
-4.50000000e+00, 0.00000000e+00, -4.00000000e+00, 5.70353870e-15
-6.00000000e+00, 0.00000000e+00, -4.00000000e+00, -2.14835284e-19
-6.00000000e+00, 2.79999995e+00, -4.00000000e+00, -1.73840669e-21
-6.00000000e+00, 2.09999990e+00, -4.00000000e+00, 1.43965858e-20
-6.00000000e+00, 3.50000000e+00, -4.00000000e+00, -6.26157334e-23
4.50000000e+00, 0.00000000e+00, -4.00000000e+00, 1.46567537e-17
5.25000000e+00, 0.00000000e+00, -4.00000000e+00, 5.98920371e-18
6.00000000e+00, 0.00000000e+00, -4.00000000e+00, 9.18126148e-20
6.00000000e+00, 1.75000000e+00, -1.19480515e+00, 1.28021206e-15
6.00000000e+00, 9.08440709e-01, -6.92041099e-01, 4.42955244e-15
6.00000000e+00, 7.54428208e-01, -1.43565559e+00, 2.77439734e-15
6.00000000e+00, 2.74557185e+00, -1.43565559e+00, 9.95259610e-17
6.00000000e+00, 2.59155917e+00, -6.92041099e-01, 1.29358991e-16
6.00000000e+00, 1.15937507e+00, 3.03787875e+00, 4.25625552e-19
6.00000000e+00, 6.12500012e-01, 2.81818175e+00, 1.47661893e-18
6.00000000e+00, 1.15012300e+00, 2.43229318e+00, 2.03239881e-17
6.00000000e+00, 2.34062505e+00, 3.03787875e+00, 5.09129505e-21
6.00000000e+00, 2.35145140e+00, 2.43324471e+00, 2.49356672e-19
6.00000000e+00, 2.88750005e+00, 2.81818175e+00, 2.96584195e-21
6.00000000e+00, 1.15937507e+00, -3.03787875e+00, 4.80991009e-18
6.00000000e+00, 1.15022624e+00, -2.43220663e+00, 8.36894439e-16
6.00000000e+00, 6.12500012e-01, -2.81818175e+00, 2.95252425e-17
6.00000000e+00, 2.34062505e+00, -3.03787875e+00, 1.36931996e-19
6.00000000e+00, 2.88750005e+00, -2.81818175e+00, 7.24031449e-20
6.00000000e+00, 2.35134673e+00, -2.43316054e+00, 1.00907498e-17
6.00000000e+00, 1.75000000e+00, 1.09090924e+00, 5.03166290e-17
6.00000000e+00, 7.56829202e-01, 1.44772470e+00, 1.66261344e-15
6.00000000e+00, 7.82221675e-01, 7.36322939e-01, 3.93433294e-15
6.00000000e+00, 2.71788478e+00, 7.36493707e-01, 1.82650777e-17
6.00000000e+00, 2.74317074e+00, 1.44772470e+00, 9.30764718e-18
6.00000000e+00, 2.74871397e+00, 4.22741845e-02, 2.52543485e-17
6.00000000e+00, 2.09343672e+00, 3.58872324e-01, 6.62859821e-16
6.00000000e+00, 1.39885342e+00, 3.50564510e-01, 3.10538563e-15
6.00000000e+00, 7.49857247e-01, 4.08511087e-02, 6.09404080e-15
6.00000000e+00, 1.75000000e+00, -7.27271587e-02, 1.38419721e-15
6.00000000e+00, 2.84375000e+00, -3.40909100e+00, 1.02917747e-20
6.00000000e+00, 6.56250000e-01, -3.40909100e+00, 3.34449181e-19
6.00000000e+00, 2.84375000e+00, 3.40909100e+00, 3.11171170e-23
6.00000000e+00, 6.56250000e-01, 3.40909100e+00, 1.34281568e-20
6.00000000e+00, 6.04984581e-01, 2.11297011e+00, 5.21060126e-17
6.00000000e+00, 2.89501548e+00, 2.11297011e+00, 2.46292800e-18
6.00000000e+00, 2.89418197e+00, -2.11237884e+00, 5.84856522e-18
6.00000000e+00, 6.05818152e-01, -2.11237884e+00, 1.14848170e-15
6.00000000e+00, 1.36668336e+00, -1.88457894e+00, 1.38726908e-15
6.00000000e+00, 1.75212753e+00, -2.31424522e+00, 1.77582800e-16
6.00000000e+00, 2.14331841e+00, -1.89580405e+00, 2.53322646e-16
6.00000000e+00, 2.13368964e+00, 1.85757577e+00, 3.19699649e-17
6.00000000e+00, 1.75065660e+00, 2.32591963e+00, 3.37093843e-18
6.00000000e+00, 1.35760438e+00, 1.86398292e+00, 6.10390537e-17
6.00000000e+00, 1.75000000e+00, -5.45454443e-01, 1.59668410e-15
6.00000000e+00, 2.18674207e+00, -1.81815237e-01, 1.14103438e-16
6.00000000e+00, 1.31143022e+00, -1.83761418e-01, 3.19167880e-15
6.00000000e+00, 1.55489457e+00, 2.73754168e+00, -1.48681256e-19
6.00000000e+00, 1.75000000e+00, 3.19551110e+00, 1.56767803e-20
6.00000000e+00, 1.94952548e+00, 2.74601912e+00, 5.11868960e-20
6.00000000e+00, 1.55520940e+00, -2.73518944e+00, 1.97746740e-17
6.00000000e+00, 1.75000000e+00, -3.19551086e+00, 5.25410081e-19
6.00000000e+00, 1.94986176e+00, -2.74319696e+00, 1.58543557e-18
6.00000000e+00, 0.00000000e+00, 1.09090912e+00, 2.06557099e-14
6.00000000e+00, 0.00000000e+00, 1.81818187e+00, 5.33201946e-16
6.00000000e+00, 3.50000000e+00, 1.09090912e+00, 7.50561263e-20
6.00000000e+00, 3.50000000e+00, 1.81818187e+00, 3.39110059e-20
6.00000000e+00, 3.50000000e+00, -1.81818187e+00, 2.41344626e-19
6.00000000e+00, 3.50000000e+00, -1.09090912e+00, 1.13543133e-18
6.00000000e+00, 0.00000000e+00, -1.81818187e+00, 1.49377072e-14
6.00000000e+00, 0.00000000e+00, -1.09090912e+00, 2.50689853e-14
6.00000000e+00, 3.50000000e+00, -3.63636374e-01, 6.34029287e-19
6.00000000e+00, 3.50000000e+00, 3.63636374e-01, 1.56192767e-19
6.00000000e+00, 0.00000000e+00, -3.63636374e-01, 1.36726730e-13
6.00000000e+00, 0.00000000e+00, 3.63636374e-01, 7.72192707e-14
6.00000000e+00, 0.00000000e+00, 2.54545450e+00, 4.63269318e-17
6.00000000e+00, 0.00000000e+00, 3.27272725e+00, 2.61498804e-19
6.00000000e+00, 3.50000000e+00, 2.54545450e+00, 8.38260148e-21
6.00000000e+00, 3.50000000e+00, 3.27272725e+00, 1.09227771e-23
6.00000000e+00, 0.00000000e+00, -3.27272725e+00, 1.89749624e-17
6.00000000e+00, 0.00000000e+00, -2.54545450e+00, 1.43221879e-15
6.00000000e+00, 3.50000000e+00, -3.27272725e+00, 1.13821648e-21
6.00000000e+00, 3.50000000e+00, -2.54545450e+00, 1.26859553e-20
6.00000000e+00, 3.50000000e+00, 4.00000000e+00, 7.40540648e-26
6.00000000e+00, 2.79999995e+00, 4.00000000e+00, -1.41180849e-24
6.00000000e+00, 2.09999990e+00, 4.00000000e+00, 5.92873399e-23
6.00000000e+00, 0.00000000e+00, 4.00000000e+00, 3.89136275e-22
6.00000000e+00, 6.99999988e-01, 4.00000000e+00, -2.62739927e-21
6.00000000e+00, 1.39999998e+00, 4.00000000e+00, 4.01470697e-21
-4.26577902e+00, 1.92499995e+00, 4.00000000e+00, 1.19003555e-17
-3.48344541e+00, 1.76424241e+00, 4.00000000e+00, 6.45035389e-16
-3.49409008e+00, 2.61250520e+00, 4.00000000e+00, 1.08192736e-15
9.58976150e-01, 1.73494852e+00, 4.00000000e+00, 3.34412890e-13
1.16703188e+00, 2.69791675e+00, 4.00000000e+00, 1.31940100e-13
4.30005759e-01, 2.69068098e+00, 4.00000000e+00, 1.29653677e-12
-4.66503471e-01, 1.70940506e+00, 4.00000000e+00, 2.88715718e-11
-9.24810708e-01, 1.16666663e+00, 4.00000000e+00, 1.25726773e-11
-2.28412747e-01, 8.39283764e-01, 4.00000000e+00, 4.32764068e-12
-2.85104775e+00, 2.06016445e+00, 4.00000000e+00, 4.74643789e-14
-2.91960979e+00, 1.36124408e+00, 4.00000000e+00, 5.36404281e-15
-2.46788168e+00, 9.35928404e-01, 4.00000000e+00, 1.79107963e-14
-3.00431705e+00, 6.62547469e-01, 4.00000000e+00, 1.68732881e-16
-3.89462328e+00, 1.27881873e+00, 4.00000000e+00, 1.85028541e-17
-4.36559010e+00, 2.66039920e+00, 4.00000000e+00, 5.14721491e-18
-5.13288975e+00, 2.36249995e+00, 4.00000000e+00, 4.87167311e-20
-1.04742706e+00, 1.95822382e+00, 4.00000000e+00, 1.61095009e-11
-4.17354584e-01, 2.62500000e+00, 4.00000000e+00, 1.55818396e-11
-1.23197806e+00, 2.74289441e+00, 4.00000000e+00, 2.18200354e-11
-4.92278767e+00, 1.58599782e+00, 4.00000000e+00, 4.59922922e-20
-1.40036714e+00, 6.10141695e-01, 4.00000000e+00, 7.86002448e-13
-1.54285240e+00, 1.35359704e+00, 4.00000000e+00, 3.78111084e-12
-1.70106316e+00, 2.15177989e+00, 4.00000000e+00, 3.77452973e-12
5.10745955e+00, 1.17395830e+00, 4.00000000e+00, 3.01695775e-20
4.42669201e+00, 1.14629233e+00, 4.00000000e+00, 1.15628256e-19
4.81507063e+00, 6.12500012e-01, 4.00000000e+00, 4.53556184e-20
-7.97002316e-01, 5.30622482e-01, 4.00000000e+00, 1.87702198e-12
-4.82027197e+00, 9.37453985e-01, 4.00000000e+00, 9.69844227e-22
-5.38557482e+00, 1.18125010e+00, 4.00000000e+00, 1.95560827e-22
3.05534291e+00, 1.75000000e+00, 4.00000000e+00, 8.40377038e-18
3.39144635e+00, 2.71445203e+00, 4.00000000e+00, 4.63581639e-19
2.65267134e+00, 2.62500000e+00, 4.00000000e+00, 4.38072123e-18
-4.91018248e+00, 3.00833154e+00, 4.00000000e+00, 1.90057851e-19
2.71996737e+00, 5.93591869e-01, 4.00000000e+00, 1.21935563e-17
3.43275952e+00, 6.90663099e-01, 4.00000000e+00, 4.17821542e-18
5.43919742e-01, 7.58899152e-01, 4.00000000e+00, 1.14497311e-12
1.30770612e+00, 7.29574203e-01, 4.00000000e+00, 3.04391996e-14
-3.66404271e+00, 6.41666651e-01, 4.00000000e+00, 2.03706026e-18
-4.22751665e+00, 7.00913906e-01, 4.00000000e+00, 1.31331505e-19
-3.37753725e+00, 1.14458823e+00, 4.00000000e+00, 1.52098927e-16
1.33374795e-01, 1.80011714e+00, 4.00000000e+00, 8.57496105e-12
4.08766174e+00, 2.80759215e+00, 4.00000000e+00, 2.24996697e-20
3.80511355e+00, 2.10628724e+00, 4.00000000e+00, 6.24878756e-19
2.03476095e+00, 6.89161539e-01, 4.00000000e+00, 4.34684153e-16
2.36376143e+00, 1.40862954e+00, 4.00000000e+00, 1.27787824e-16
5.14434242e+00, 2.26770830e+00, 4.00000000e+00, 8.42380379e-21
5.39523697e+00, 2.84375000e+00, 4.00000000e+00, 4.80302348e-23
4.79047394e+00, 2.88750005e+00, 4.00000000e+00, 2.83995429e-22
-5.43191481e+00, 3.00436735e+00, 4.00000000e+00, 3.13648329e-21
-5.33104801e+00, 5.90625048e-01, 4.00000000e+00, 1.70226859e-23
5.40753555e+00, 6.56250000e-01, 4.00000000e+00, 6.42151942e-21
4.46017790e+00, 2.24903131e+00, 4.00000000e+00, 3.38835700e-20
4.22232771e+00, 1.68890703e+00, 4.00000000e+00, 1.62050421e-19
-2.24207473e+00, 1.53601730e+00, 4.00000000e+00, 1.70213317e-13
1.61659896e+00, 2.09400415e+00, 4.00000000e+00, 3.38267385e-14
1.90784955e+00, 2.73832941e+00, 4.00000000e+00, 2.12707803e-15
4.10320282e+00, 6.12312436e-01, 4.00000000e+00, 1.48870011e-18
-5.48825026e+00, 1.72594953e+00, 4.00000000e+00, 8.44505866e-22
3.80073094e+00, 1.31250000e+00, 4.00000000e+00, 8.90044023e-18
2.20959663e+00, 2.00307703e+00, 4.00000000e+00, 5.13934064e-16
1.74856675e+00, 1.44323254e+00, 4.00000000e+00, 1.02906101e-14
-4.44411564e+00, 1.32207417e+00, 4.00000000e+00, -2.16410880e-18
-2.67549324e+00, 2.79878950e+00, 4.00000000e+00, 2.52938593e-13
-2.29157305e+00, 2.28818846e+00, 4.00000000e+00, 3.82989782e-13
-1.92635441e+00, 2.80428171e+00, 4.00000000e+00, 1.65277655e-12
-1.97595298e+00, 7.70491242e-01, 4.00000000e+00, 1.17999523e-13
-2.34573460e+00, 4.37500000e-01, 4.00000000e+00, 3.44842741e-15
4.74524927e+00, 1.64973736e+00, 4.00000000e+00, 3.60197090e-20
5.46245527e+00, 1.76614451e+00, 4.00000000e+00, 6.71699294e-21
-1.13765824e+00, 0.00000000e+00, 4.00000000e+00, 7.02873835e-14
-1.73346508e+00, 0.00000000e+00, 4.00000000e+00, 5.10939591e-15
-3.36317468e+00, 0.00000000e+00, 4.00000000e+00, 4.92294861e-20
-3.95358467e+00, 0.00000000e+00, 4.00000000e+00, -5.18739220e-21
-7.50000000e-01, 3.50000000e+00, 4.00000000e+00, 3.80580029e-12
-1.50000000e+00, 3.50000000e+00, 4.00000000e+00, -7.02268267e-13
-3.00000000e+00, 3.50000000e+00, 4.00000000e+00, 1.50102268e-14
-3.75000000e+00, 3.50000000e+00, 4.00000000e+00, 9.14022136e-16
-6.00000000e+00, 2.79999995e+00, 4.00000000e+00, 4.05629374e-22
-6.00000000e+00, 2.09999990e+00, 4.00000000e+00, 9.76859712e-23
7.50000000e-01, 3.50000000e+00, 4.00000000e+00, 3.49698460e-13
4.44089210e-15, 3.50000000e+00, 4.00000000e+00, 1.29495937e-12
-2.25000000e+00, 3.50000000e+00, 4.00000000e+00, 1.19844119e-12
3.00000000e+00, 3.50000000e+00, 4.00000000e+00, -3.33822467e-18
2.25000000e+00, 3.50000000e+00, 4.00000000e+00, 9.60065259e-17
1.64758098e+00, 0.00000000e+00, 4.00000000e+00, -3.51921945e-15
9.22177792e-01, 0.00000000e+00, 4.00000000e+00, 1.18344516e-13
3.82379055e+00, 0.00000000e+00, 4.00000000e+00, 1.73840298e-18
3.09838724e+00, 0.00000000e+00, 4.00000000e+00, 2.23868260e-17
1.50000000e+00, 3.50000000e+00, 4.00000000e+00, 7.59312691e-15
2.01092705e-01, 0.00000000e+00, 4.00000000e+00, 3.57998028e-13
-4.94659841e-01, 0.00000000e+00, 4.00000000e+00, 4.14304767e-13
2.37298417e+00, 0.00000000e+00, 4.00000000e+00, -1.97284462e-17
4.50000000e+00, 3.50000000e+00, 4.00000000e+00, -2.59180137e-22
3.75000000e+00, 3.50000000e+00, 4.00000000e+00, 1.16933844e-21
-2.81311607e+00, 0.00000000e+00, 4.00000000e+00, 2.31712298e-17
5.25000000e+00, 3.50000000e+00, 4.00000000e+00, 4.75751717e-24
5.27459669e+00, 0.00000000e+00, 4.00000000e+00, 3.40436804e-21
4.54919386e+00, 0.00000000e+00, 4.00000000e+00, -1.47260848e-20
-6.00000000e+00, 1.39999998e+00, 4.00000000e+00, 1.23096703e-23
-6.00000000e+00, 6.99999988e-01, 4.00000000e+00, 1.75763968e-24
-4.50000000e+00, 3.50000000e+00, 4.00000000e+00, 6.87071975e-18
-5.25000000e+00, 3.50000000e+00, 4.00000000e+00, 9.59562792e-21
-4.59095907e+00, 0.00000000e+00, 4.00000000e+00, 3.56693796e-22
-6.00000000e+00, 3.50000000e+00, 4.00000000e+00, 1.07639139e-21
-6.00000000e+00, 0.00000000e+00, 4.00000000e+00, 6.14174252e-26
-5.27652073e+00, 0.00000000e+00, 4.00000000e+00, 8.48659520e-25
-2.28379369e+00, 0.00000000e+00, 4.00000000e+00, 1.20828424e-15
-6.00000000e+00, 1.79599714e+00, -1.98221123e+00, 9.95663407e-16
-6.00000000e+00, 8.75000000e-01, -1.60609686e+00, 4.82237575e-14
-6.00000000e+00, 1.75000000e+00, -1.25192630e+00, 8.34756052e-15
-6.00000000e+00, 2.62500000e+00, -1.63031971e+00, 6.28088642e-16
-6.00000000e+00, 1.78247046e+00, 1.39964521e+00, 5.04577844e-16
-6.00000000e+00, 2.62511659e+00, 7.14345515e-01, 2.44360747e-16
-6.00000000e+00, 1.62878776e+00, 5.98964393e-01, 2.09982284e-15
-6.00000000e+00, 8.55348587e-01, 8.96830440e-01, 1.36202421e-15
-6.00000000e+00, 2.73775506e+00, 1.44612563e+00, 1.25649119e-16
-6.00000000e+00, 1.16073084e+00, -2.36997485e+00, 5.17942807e-16
-6.00000000e+00, 2.45000005e+00, -2.35759234e+00, 1.50373511e-17
-6.00000000e+00, 1.22500002e+00, -3.08486509e+00, 5.78002875e-18
-6.00000000e+00, 6.12500012e-01, -2.80307198e+00, 1.39170398e-16
-6.00000000e+00, 2.35520840e+00, -3.12501049e+00, 1.29990958e-18
-6.00000000e+00, 2.88750005e+00, -2.81515980e+00, 4.94840174e-19
-6.00000000e+00, 2.40204620e+00, 2.74428892e+00, 2.60159289e-19
-6.00000000e+00, 1.76373422e+00, 2.96528268e+00, 4.40547735e-20
-6.00000000e+00, 2.33333325e+00, 3.39740348e+00, 5.35172932e-21
-6.00000000e+00, 8.75000000e-01, -9.62730944e-01, 1.16350099e-13
-6.00000000e+00, 8.75000000e-01, 3.15168858e-01, 1.81665020e-14
-6.00000000e+00, 2.62500000e+00, -9.89599526e-01, 1.60204148e-15
-6.00000000e+00, 2.23944473e+00, 2.77728457e-02, 1.47703498e-15
-6.00000000e+00, 2.59082174e+00, -4.25910532e-01, 1.18899974e-15
-6.00000000e+00, 2.98389935e+00, -7.76244029e-02, 4.18009542e-16
-6.00000000e+00, 6.56250000e-01, -3.40153599e+00, -3.61739813e-18
-6.00000000e+00, 2.44653487e+00, 2.02188683e+00, 7.69381285e-18
-6.00000000e+00, 1.58974993e+00, 2.20520163e+00, 4.81012557e-18
-6.00000000e+00, 5.28026223e-01, -2.16318822e+00, 1.23593140e-15
-6.00000000e+00, 2.84375000e+00, -3.40757990e+00, -1.29438127e-20
-6.00000000e+00, 2.98641515e+00, -2.18276691e+00, -1.18319857e-17
-6.00000000e+00, 2.91666675e+00, 3.33506536e+00, 2.92662769e-20
-6.00000000e+00, 1.18611109e+00, 3.22482610e+00, 1.15340804e-21
-6.00000000e+00, 6.15975261e-01, 2.89977431e+00, 2.88419846e-21
-6.00000000e+00, 6.41666710e-01, 3.42299938e+00, 1.36116674e-22
-6.00000000e+00, 7.03453004e-01, 2.26158357e+00, 6.97082835e-19
-6.00000000e+00, 1.16462064e+00, 2.69377565e+00, 1.34913274e-19
-6.00000000e+00, 8.21837008e-01, 1.62034142e+00, 3.62217394e-17
-6.00000000e+00, 1.72249448e+00, 3.50780582e+00, 5.40761601e-22
-6.00000000e+00, 9.28918600e-01, -3.21491867e-01, 1.15173076e-13
-6.00000000e+00, 4.37500000e-01, -5.47530830e-01, 6.98830439e-14
-6.00000000e+00, 1.49886107e+00, -7.47771561e-02, 3.00216327e-14
-6.00000000e+00, 2.02002668e+00, -5.24502575e-01, 2.15470545e-14
-6.00000000e+00, 4.37500000e-01, -7.79846609e-02, 4.37036746e-14
-6.00000000e+00, 1.44965041e+00, -5.81096470e-01, 5.71235360e-14
-6.00000000e+00, 3.06437826e+00, -5.93231320e-01, 1.34081848e-16
-6.00000000e+00, 1.81360078e+00, -2.71092343e+00, 8.85356639e-18
-6.00000000e+00, 1.79909205e+00, -3.37744665e+00, 1.05268918e-18
-6.00000000e+00, 0.00000000e+00, -1.04246318e+00, 3.27367365e-13
-6.00000000e+00, 0.00000000e+00, -1.78187096e+00, 6.36766420e-15
-6.00000000e+00, 3.50000000e+00, 1.09090912e+00, 3.31709272e-16
-6.00000000e+00, 3.50000000e+00, 3.63636374e-01, 3.20944622e-16
-6.00000000e+00, 0.00000000e+00, 1.13247895e+00, 3.07194222e-15
-6.00000000e+00, 0.00000000e+00, 4.24075067e-01, 2.32223417e-14
-6.00000000e+00, 3.50000000e+00, -1.09090912e+00, 1.41502644e-17
-6.00000000e+00, 3.50000000e+00, -1.81818187e+00, 2.65776832e-18
-6.00000000e+00, 3.50000000e+00, 1.81818187e+00, 1.05806881e-17
-6.00000000e+00, 0.00000000e+00, 2.53355408e+00, 1.21501523e-19
-6.00000000e+00, 0.00000000e+00, 1.82630873e+00, 4.07472710e-17
-6.00000000e+00, 0.00000000e+00, -2.52127862e+00, 1.34741216e-15
-6.00000000e+00, 0.00000000e+00, -3.26068640e+00, 3.12363314e-18
-6.00000000e+00, 0.00000000e+00, 3.26190710e+00, 2.44409985e-22
-6.00000000e+00, 3.50000000e+00, -2.54545450e+00, 1.85030532e-19
-6.00000000e+00, 3.50000000e+00, -3.27272725e+00, 4.52801495e-21
-6.00000000e+00, 3.50000000e+00, 2.54545450e+00, 1.07481977e-18
-6.00000000e+00, 3.50000000e+00, 3.27272725e+00, 1.59655293e-20
-6.00000000e+00, 0.00000000e+00, -3.04608077e-01, 5.13795495e-13
-6.00000000e+00, 3.50000000e+00, -3.63636374e-01, 1.00312511e-16
3.90260458e+00, 3.50000000e+00, 9.80289340e-01, 5.61778615e-16
3.40575218e+00, 3.50000000e+00, 4.01947469e-01, 8.94042958e-16
3.14805532e+00, 3.50000000e+00, 1.18441212e+00, 2.05001116e-15
-2.06250000e+00, 3.50000000e+00, -1.81818187e-01, 3.75876721e-06
-1.64936626e+00, 3.50000000e+00, -8.90543699e-01, 1.03781395e-06
-2.32599807e+00, 3.50000000e+00, -9.65906382e-01, 4.89594854e-08
-1.42830646e+00, 3.50000000e+00, -1.99732435e+00, 4.20923341e-09
-7.34375000e-01, 3.50000000e+00, -1.74242425e+00, 2.09936228e-08
-9.49251473e-01, 3.50000000e+00, -2.60302210e+00, 2.41401316e-10
-1.33186042e-01, 3.50000000e+00, -8.40438232e-02, 6.83696817e-06
-3.34626406e-01, 3.50000000e+00, -1.05332994e+00, 9.70451424e-07
-1.04935408e+00, 3.50000000e+00, -3.86979550e-01, 1.29047366e-05
5.44896185e-01, 3.50000000e+00, -8.19055617e-01, 1.14966191e-07
-4.10831308e+00, 3.50000000e+00, -1.08919299e+00, 4.56959297e-12
-4.29715204e+00, 3.50000000e+00, -3.72312188e-01, 4.36411584e-12
-3.52783322e+00, 3.50000000e+00, -7.03704119e-01, 3.10457993e-10
2.66224575e+00, 3.50000000e+00, 5.66966832e-01, 2.11892204e-13
2.22083282e+00, 3.50000000e+00, -7.02307448e-02, -2.20378338e-12
1.76095927e+00, 3.50000000e+00, 8.33404779e-01, 8.74511297e-11
-1.32812500e-01, 3.50000000e+00, -2.37121201e+00, 5.85153148e-10
5.21191406e+00, 3.50000000e+00, 2.09753799e+00, 1.36858131e-19
4.27398014e+00, 3.50000000e+00, 2.31470966e+00, 3.16571140e-18
4.80029297e+00, 3.50000000e+00, 2.93860483e+00, 7.03349251e-21
-5.18801022e+00, 3.50000000e+00, -2.17257905e+00, 1.17572223e-16
-4.34375000e+00, 3.50000000e+00, -2.27272725e+00, 1.03526688e-14
-4.83593750e+00, 3.50000000e+00, -3.02272725e+00, 1.78254907e-16
1.40625000e+00, 3.50000000e+00, -1.00000000e+00, 6.24708896e-10
1.12200356e+00, 3.50000000e+00, -3.85389894e-01, 1.23442305e-08
-4.12300634e+00, 3.50000000e+00, 3.24569130e+00, 4.34749269e-16
-3.48428035e+00, 3.50000000e+00, 2.54730558e+00, 3.94067244e-12
-4.21875000e+00, 3.50000000e+00, 2.33333325e+00, 1.12273221e-13
-2.41127229e+00, 3.50000000e+00, -2.36201310e+00, 2.84534254e-11
-2.04577875e+00, 3.50000000e+00, -3.22582340e+00, 8.62444664e-12
-2.81085372e+00, 3.50000000e+00, -2.88817549e+00, 5.40898186e-12
4.44417334e+00, 3.50000000e+00, 1.51878154e+00, 8.33115551e-18
-2.77470660e+00, 3.50000000e+00, 4.79286522e-01, 1.47332386e-07
-1.94140625e+00, 3.50000000e+00, 6.49410784e-01, 1.97382979e-05
-2.37890625e+00, 3.50000000e+00, 1.25883842e+00, 1.04598530e-06
-1.63799584e+00, 3.50000000e+00, 1.37853479e+00, 9.69057510e-06
-2.90625000e+00, 3.50000000e+00, 1.90909088e+00, 5.36973621e-09
-2.06697679e+00, 3.50000000e+00, 2.16543984e+00, 1.75589349e-07
3.46875000e+00, 3.50000000e+00, 2.45454550e+00, 3.53588808e-17
2.78714108e+00, 3.50000000e+00, 2.59010673e+00, 3.21532039e-16
3.23437500e+00, 3.50000000e+00, 3.22727275e+00, 6.81983118e-19
-1.88133764e+00, 3.50000000e+00, -1.52481759e+00, 2.31008386e-08
4.03125000e+00, 3.50000000e+00, 3.12121224e+00, 7.79162972e-20
1.52343750e-01, 3.50000000e+00, -1.62500000e+00, 3.26675398e-08
3.55103421e+00, 3.50000000e+00, -2.73899174e+00, 1.16055412e-16
2.80358362e+00, 3.50000000e+00, -3.13321996e+00, 1.31880637e-15
3.01991034e+00, 3.50000000e+00, -2.37938786e+00, -5.66564668e-15
3.68750000e+00, 3.50000000e+00, 1.75757575e+00, 2.46402794e-17
-4.31095213e-01, 3.50000000e+00, -3.22833824e+00, 1.18337310e-11
4.63207990e-01, 3.50000000e+00, -3.10656762e+00, 5.88208041e-12
-4.74830246e+00, 3.50000000e+00, 1.58223736e+00, 1.14575057e-13
-5.12016106e+00, 3.50000000e+00, 8.71016324e-01, 6.72886429e-14
-5.40431643e+00, 3.50000000e+00, 1.53478611e+00, 7.85505215e-16
-4.31888962e+00, 3.50000000e+00, 1.06234884e+00, 1.24512709e-11
3.45779800e+00, 3.50000000e+00, -3.38558984e+00, 6.67410140e-18
-5.08593750e+00, 3.50000000e+00, -6.28787875e-01, 1.37689305e-14
-5.10546446e+00, 3.50000000e+00, 5.51043525e-02, 4.60119139e-14
1.13221645e+00, 3.50000000e+00, -2.00721502e+00, 1.53082200e-10
1.70318401e+00, 3.50000000e+00, -2.22698402e+00, 1.72884398e-11
1.17006290e+00, 3.50000000e+00, -2.61543155e+00, 1.61652202e-11
1.88926947e+00, 3.50000000e+00, -3.11324263e+00, 3.12370064e-14
4.17617893e+00, 3.50000000e+00, 2.30820403e-01, 7.84726898e-16
-4.60156250e+00, 3.50000000e+00, -1.52272725e+00, 4.01676102e-14
-3.51446438e+00, 3.50000000e+00, -2.67342305e+00, 4.81943045e-13
-3.25860524e+00, 3.50000000e+00, -3.34466958e+00, -4.65940356e-14
-4.04248047e+00, 3.50000000e+00, -3.21732950e+00, 1.56554622e-15
-1.08677387e+00, 3.50000000e+00, 1.98213625e+00, 1.30874980e-06
-1.39277208e+00, 3.50000000e+00, 2.67355251e+00, 1.26046276e-08
-6.66666687e-01, 3.50000000e+00, 2.62626266e+00, 1.09014948e-08
1.04166664e-01, 3.50000000e+00, 2.64646459e+00, 3.29531868e-09
-3.22916657e-01, 3.50000000e+00, 3.32323241e+00, 8.91441920e-11
-1.09375000e+00, 3.50000000e+00, 3.30303025e+00, -2.76604128e-10
2.91666675e+00, 3.50000000e+00, -2.42424235e-01, 4.24494966e-14
-1.94479465e+00, 3.50000000e+00, 3.19875693e+00, 8.85032603e-11
-2.75356698e+00, 3.50000000e+00, 2.74236131e+00, 3.68160724e-10
-4.05362225e+00, 3.50000000e+00, 1.51257849e+00, 4.76956625e-12
-3.58677459e+00, 3.50000000e+00, 9.02146459e-01, 5.27107080e-10
1.40428090e+00, 3.50000000e+00, 1.77002817e-01, 1.09372167e-09
3.55581999e+00, 3.50000000e+00, -1.98020136e+00, 1.04109127e-15
4.38610506e+00, 3.50000000e+00, -2.33538151e+00, 1.50698047e-17
2.84823489e+00, 3.50000000e+00, -1.56745315e+00, -1.69690095e-13
2.44531250e+00, 3.50000000e+00, 1.38636363e+00, 1.55346981e-13
8.25537920e-01, 3.50000000e+00, 2.63631082e+00, 1.33997646e-10
4.27083343e-01, 3.50000000e+00, 3.32323241e+00, 2.83256977e-11
4.81250000e+00, 3.50000000e+00, -1.69696975e+00, 6.23203457e-18
5.24992323e+00, 3.50000000e+00, -2.22707748e+00, 1.24374163e-18
5.34115076e+00, 3.50000000e+00, -1.37353170e+00, 1.90174013e-18
1.20865214e+00, 3.50000000e+00, -3.34395933e+00, 1.16715136e-13
2.33110118e+00, 3.50000000e+00, -8.46320331e-01, 5.95124514e-12
2.09375000e+00, 3.50000000e+00, -1.48484850e+00, 3.11202140e-11
-3.30028081e+00, 3.50000000e+00, 3.33497286e+00, 4.25437734e-13
-3.58425093e+00, 3.50000000e+00, -1.98585427e+00, 3.42543962e-12
-3.46919870e+00, 3.50000000e+00, 7.50420690e-02, -1.50297030e-09
-5.23901749e+00, 3.50000000e+00, -1.34126318e+00, 8.23234074e-16
5.06250000e+00, 3.50000000e+00, 1.33333337e+00, 7.14447269e-19
3.01319456e+00, 3.50000000e+00, -8.82628918e-01, 3.47640143e-14
1.13651419e+00, 3.50000000e+00, 3.27558398e+00, 1.64802341e-12
-1.21771526e+00, 3.50000000e+00, -3.28922725e+00, 7.44755212e-12
-2.82323194e+00, 3.50000000e+00, -3.96669984e-01, 4.12641441e-08
-2.13541672e-01, 3.50000000e+00, 2.12626266e+00, 2.08305579e-07
3.64758348e+00, 3.50000000e+00, -4.08336371e-01, 4.31888717e-15
4.10918045e+00, 3.50000000e+00, -9.58348751e-01, -6.48958859e-17
4.45203304e+00, 3.50000000e+00, -4.42322642e-01, -4.21735554e-17
2.53378153e+00, 3.50000000e+00, 3.25602293e+00, 2.44642984e-17
2.99297547e+00, 3.50000000e+00, 1.90623295e+00, 1.19402804e-15
2.42109370e+00, 3.50000000e+00, 2.06439400e+00, 1.15982604e-14
-3.02725530e+00, 3.50000000e+00, 1.20672286e+00, 6.18796214e-09
3.75000000e-01, 3.50000000e+00, 6.06060624e-01, 1.30239016e-06
7.01808155e-01, 3.50000000e+00, 7.00257197e-02, 2.70440097e-07
1.79868925e+00, 3.50000000e+00, 1.78274679e+00, -7.73619396e-13
1.12165475e+00, 3.50000000e+00, 2.08227634e+00, 1.99557995e-10
8.40762019e-01, 3.50000000e+00, 1.36305249e+00, 1.95203658e-08
-1.24218750e+00, 3.50000000e+00, 8.05555582e-01, 6.02209802e-05
-2.67304754e+00, 3.50000000e+00, -3.49173355e+00, 2.11871292e-13
5.46884775e+00, 3.50000000e+00, 2.84889531e+00, 6.08307128e-22
-5.46564007e+00, 3.50000000e+00, -2.87034726e+00, 9.10052943e-19
-4.88600826e+00, 3.50000000e+00, 2.89555883e+00, 1.24061739e-16
-5.41618061e+00, 3.50000000e+00, 3.39135647e+00, 3.74973095e-19
-4.80907059e+00, 3.50000000e+00, 3.50492096e+00, 2.75161755e-18
2.37557125e+00, 3.50000000e+00, -2.41806650e+00, 4.03155563e-13
-1.32869518e+00, 3.50000000e+00, -1.45023429e+00, 6.25313703e-08
-3.53125000e+00, 3.50000000e+00, -1.36363637e+00, -1.96402339e-11
-3.02687883e+00, 3.50000000e+00, -1.81791127e+00, 4.80542238e-11
3.54530787e+00, 3.50000000e+00, -1.25086296e+00, 7.55037207e-15
5.33203125e+00, 3.50000000e+00, 3.39015150e+00, 4.76843887e-23
8.54102552e-01, 3.50000000e+00, -1.53488886e+00, 3.44923134e-09
-5.33398438e+00, 3.50000000e+00, -3.39204550e+00, 5.58039668e-19
4.71875000e+00, 3.50000000e+00, -1.09090912e+00, 8.94199530e-18
5.29419565e+00, 3.50000000e+00, -5.61496854e-01, 7.21943552e-18
-8.07406008e-01, 3.50000000e+00, 3.69022518e-01, 4.54760484e-05
-6.49685323e-01, 3.50000000e+00, 9.32712555e-01, 2.07931225e-05
-2.48682022e-01, 3.50000000e+00, 5.92408717e-01, 1.89407674e-05
-4.21319342e+00, 3.50000000e+00, 4.37381476e-01, 1.51042217e-11
-5.21688461e+00, 3.50000000e+00, 2.20349526e+00, 2.98798284e-16
5.57291687e-01, 3.50000000e+00, 2.14646459e+00, 4.59039962e-09
1.67382807e-01, 3.50000000e+00, 1.64463389e+00, 2.91081818e-07
4.18222809e+00, 3.50000000e+00, -1.59931266e+00, 1.39183170e-16
1.45351374e+00, 3.50000000e+00, -1.63569355e+00, 1.39879872e-10
-3.25520843e-04, 3.50000000e+00, 1.07291663e+00, 7.34838750e-06
-1.69335938e+00, 3.50000000e+00, -2.61931825e+00, 8.08069930e-11
-4.77356404e-01, 3.50000000e+00, 1.48106241e+00, 3.15270518e-06
-9.94778037e-01, 3.50000000e+00, -1.11482072e+00, 6.26280041e-07
4.81908131e+00, 3.50000000e+00, -2.98668933e+00, 1.46626253e-18
5.47192621e+00, 3.50000000e+00, -2.88588548e+00, 2.13382096e-19
5.32031250e+00, 3.50000000e+00, -3.41666675e+00, 1.30797498e-20
4.83112907e+00, 3.50000000e+00, 1.29021361e-01, 4.04216530e-17
5.05625010e+00, 3.50000000e+00, 6.36363626e-01, 2.69607047e-17
5.44432497e+00, 3.50000000e+00, 1.77920759e-01, -1.03447166e-18
6.06520176e-01, 3.50000000e+00, -2.21005249e+00, 1.49569768e-09
1.01968157e+00, 3.50000000e+00, 6.49650872e-01, 1.74573707e-08
-2.67156053e+00, 3.50000000e+00, 3.44924545e+00, 1.46299119e-12
5.48437500e+00, 3.50000000e+00, 8.63636374e-01, 4.89031815e-19
-4.66079998e+00, 3.50000000e+00, -9.48049605e-01, 1.90564604e-15
1.70906568e+00, 3.50000000e+00, -4.18806314e-01, 9.99891073e-11
1.48685312e+00, 3.50000000e+00, 2.54338503e+00, 4.20882600e-12
1.83444917e+00, 3.50000000e+00, 3.26585436e+00, 1.16773639e-14
-1.00682604e+00, 3.50000000e+00, 1.31769180e+00, 1.90388619e-05
-4.03128052e+00, 3.50000000e+00, -1.62472868e+00, 1.07181451e-12
-3.53062487e+00, 3.50000000e+00, 1.73988628e+00, 5.83584153e-11
2.10156250e+00, 3.50000000e+00, 2.56818175e+00, 5.21895759e-14
-2.47012281e+00, 3.50000000e+00, -1.66809666e+00, 1.49874946e-09
-3.04684663e+00, 3.50000000e+00, -2.33178282e+00, 6.87205371e-12
-1.98282003e+00, 3.50000000e+00, -2.04412937e+00, 1.78127701e-09
-1.46484375e+00, 3.50000000e+00, 2.36111104e-01, 3.43445136e-05
4.55396748e+00, 3.50000000e+00, 7.88198769e-01, 1.98813501e-18
-2.95679688e+00, 3.50000000e+00, -1.13756883e+00, -1.05879938e-09
5.54501200e+00, 3.50000000e+00, 1.48513913e+00, 1.63215918e-19
-5.52505064e+00, 3.50000000e+00, 2.85381889e+00, 1.73199947e-18
4.08298779e+00, 3.50000000e+00, -3.22016954e+00, 1.18878655e-18
-2.71209240e+00, 0.00000000e+00, 1.68513441e+00, 1.98363859e-09
-2.66631866e+00, 0.00000000e+00, 1.70964921e+00, 2.62639976e-09
-2.70463753e+00, 0.00000000e+00, 1.74439478e+00, 1.45697210e-09
-2.38644433e+00, 0.00000000e+00, 1.35942030e+00, 5.39098801e-06
-2.32182980e+00, 0.00000000e+00, 1.31633973e+00, 5.38063978e-06
-2.31307340e+00, 0.00000000e+00, 1.39066935e+00, 2.99332487e-06
-1.51959825e+00, 0.00000000e+00, 1.10135686e+00, 8.99764188e-07
-1.75148356e+00, 0.00000000e+00, 9.69187200e-01, 3.12370889e-06
-1.48254585e+00, 0.00000000e+00, 8.06392848e-01, 8.09547885e-07
-2.71145964e+00, 0.00000000e+00, 2.39721346e+00, 4.85866718e-13
-2.96164894e+00, 0.00000000e+00, 2.49104428e+00, 6.27006178e-14
-2.88640070e+00, 0.00000000e+00, 2.26402140e+00, 1.05133838e-12
-2.17624569e+00, 0.00000000e+00, -1.94359267e+00, 4.24189966e-06
-2.06683850e+00, 0.00000000e+00, -2.71352124e+00, 2.38594531e-08
-1.48591065e+00, 0.00000000e+00, -2.19187284e+00, 5.30162606e-06
-2.55019736e+00, 0.00000000e+00, 1.59769213e+00, 1.57211844e-08
-2.58190751e+00, 0.00000000e+00, 1.59658670e+00, 1.02002149e-08
-2.56669593e+00, 0.00000000e+00, 1.57646227e+00, 1.23963497e-08
-3.73963261e+00, 0.00000000e+00, -7.40575910e-01, 8.58893600e-06
-3.31177664e+00, 0.00000000e+00, -1.15521932e+00, 1.55879643e-05
-3.19275737e+00, 0.00000000e+00, -5.99530637e-01, 1.39024327e-04
-3.55520391e+00, 0.00000000e+00, -1.66746035e-01, 2.52582267e-05
-2.70112038e+00, 0.00000000e+00, 1.54503858e+00, 4.46078152e-09
-2.68390512e+00, 0.00000000e+00, 1.53202534e+00, 5.47336354e-09
-2.67736840e+00, 0.00000000e+00, 1.55050159e+00, 5.09652098e-09
-2.30810523e+00, 0.00000000e+00, -6.16665184e-01, 5.93194854e-05
-1.71118104e+00, 0.00000000e+00, -7.88898945e-01, 4.73597647e-05
-1.94389319e+00, 0.00000000e+00, -2.98375070e-01, 1.27289150e-05
-2.65522289e+00, 0.00000000e+00, 1.86109209e+00, 9.45178935e-10
-2.57258701e+00, 0.00000000e+00, 1.82324886e+00, 2.53565013e-09
-2.55417299e+00, 0.00000000e+00, 1.91912103e+00, 1.05349063e-09
4.15404415e+00, 0.00000000e+00, 9.10333812e-01, 8.38122488e-11
4.38362741e+00, 0.00000000e+00, 1.50468484e-01, 1.31589892e-10
5.09352016e+00, 0.00000000e+00, 6.83049321e-01, 3.18304823e-12
-3.18150091e+00, 0.00000000e+00, 1.02163970e+00, 5.85209648e-07
-3.16986871e+00, 0.00000000e+00, 8.40775192e-01, 5.35076197e-06
-3.02951050e+00, 0.00000000e+00, 9.53547597e-01, 3.01548062e-06
-3.03933883e+00, 0.00000000e+00, 1.11487103e+00, 3.80052029e-07
3.42770553e+00, 0.00000000e+00, -3.25778580e+00, 1.53895044e-14
4.11289501e+00, 0.00000000e+00, -3.04798889e+00, 2.18831944e-14
3.72848678e+00, 0.00000000e+00, -2.34153342e+00, 3.37590264e-12
-2.52706838e+00, 0.00000000e+00, 9.31208909e-01, 1.87942296e-05
-2.39818764e+00, 0.00000000e+00, 8.87174010e-01, 3.02323897e-05
-2.42597795e+00, 0.00000000e+00, 1.00839424e+00, 1.57557479e-05
-1.58649266e+00, 0.00000000e+00, 1.57618248e+00, 1.22796018e-06
-1.67822289e+00, 0.00000000e+00, 1.80838823e+00, 3.61218127e-07
-1.78704941e+00, 0.00000000e+00, 1.60477543e+00, 1.12581108e-06
-1.90903544e+00, 0.00000000e+00, 1.77914453e+00, 1.61150851e-07
-1.71390605e+00, 0.00000000e+00, 1.18261063e+00, 3.07916639e-06
-2.58999181e+00, 0.00000000e+00, 1.57329333e+00, 9.36772793e-09
-2.84586835e+00, 0.00000000e+00, 1.39262843e+00, 1.18755370e-08
-2.88829756e+00, 0.00000000e+00, 1.45813847e+00, 2.87600854e-09
-2.91764116e+00, 0.00000000e+00, 1.37933028e+00, 9.44049905e-09
-3.33233023e+00, 0.00000000e+00, 4.78505582e-01, 3.29342656e-05
-3.54879379e+00, 0.00000000e+00, 6.72665834e-01, 3.55743600e-06
-3.58781099e+00, 0.00000000e+00, 3.12767714e-01, 9.35847220e-06
-2.65064526e+00, 0.00000000e+00, 1.37119997e+00, 4.10835135e-08
-2.62905884e+00, 0.00000000e+00, 1.39925396e+00, 2.63911204e-08
-2.65364861e+00, 0.00000000e+00, 1.40625143e+00, 1.93021474e-08
-2.60425019e+00, 0.00000000e+00, 1.65037429e+00, 6.57523902e-09
-2.55893755e+00, 0.00000000e+00, 1.66619766e+00, 9.86781856e-09
-2.58978701e+00, 0.00000000e+00, 1.69678354e+00, 6.21605523e-09
-2.60344362e+00, 0.00000000e+00, 3.22598982e+00, 5.33633764e-15
-2.98630714e+00, 0.00000000e+00, 3.51699638e+00, 4.58101855e-17
-2.99193907e+00, 0.00000000e+00, 3.03743052e+00, 5.64789552e-16
-4.66093510e-01, 0.00000000e+00, -1.05936050e+00, 9.18407841e-06
2.04375014e-01, 0.00000000e+00, -1.00678992e+00, 2.01905482e-06
-1.61823496e-01, 0.00000000e+00, -4.02330130e-01, 1.60814852e-06
-4.05572701e+00, 0.00000000e+00, 1.29133034e+00, 2.97832398e-10
-4.33021116e+00, 0.00000000e+00, 1.48206937e+00, 1.51018746e-11
-4.41815186e+00, 0.00000000e+00, 1.02868569e+00, 6.30714481e-10
-2.61378217e+00, 0.00000000e+00, 1.37621748e+00, 4.77953463e-08
-1.35086668e+00, 0.00000000e+00, 4.64930803e-01, 1.52172026e-06
-1.08680105e+00, 0.00000000e+00, 7.89968312e-01, 3.89965095e-07
-2.94854116e+00, 0.00000000e+00, 1.50701165e+00, 1.01464570e-09
-2.87896991e+00, 0.00000000e+00, 1.52278364e+00, 1.36735523e-09
-3.03587604e+00, 0.00000000e+00, 1.69353533e+00, 6.79702405e-11
-3.11346555e+00, 0.00000000e+00, 1.79074776e+00, 1.51350391e-11
-3.16647291e+00, 0.00000000e+00, 1.64773464e+00, 4.43955567e-11
-3.27047157e+00, 0.00000000e+00, 1.51392817e+00, 2.77066148e-10
-3.13859439e+00, 0.00000000e+00, 1.48690164e+00, 7.64763808e-10
-2.80288029e+00, 0.00000000e+00, 1.26078868e+00, 1.35097579e-07
-2.74728608e+00, 0.00000000e+00, 1.18526936e+00, 5.65248570e-07
-2.73103547e+00, 0.00000000e+00, 1.25902534e+00, 2.21585225e-07
-2.52076244e+00, 0.00000000e+00, 1.34046435e+00, 6.14363785e-07
-2.56040907e+00, 0.00000000e+00, 1.36231792e+00, 1.68925993e-07
-2.56293058e+00, 0.00000000e+00, 1.32877481e+00, 2.30459477e-07
-1.61524737e+00, 0.00000000e+00, 1.25683665e-01, 5.05644539e-06
-2.00093603e+00, 0.00000000e+00, 9.53287035e-02, 1.70913900e-05
-2.46937513e+00, 0.00000000e+00, 1.42258871e+00, 3.16867636e-06
-2.49542117e+00, 0.00000000e+00, 1.40545273e+00, 3.17007971e-06
-2.47323942e+00, 0.00000000e+00, 1.38548279e+00, 3.99260534e-06
-2.88032508e+00, 0.00000000e+00, -2.47276258e+00, 2.14195452e-08
3.69010115e+00, 0.00000000e+00, -1.20456731e+00, 6.10733242e-10
2.95679426e+00, 0.00000000e+00, -1.75166988e+00, 3.51849189e-10
-2.70251584e+00, 0.00000000e+00, 1.48251796e+00, 6.31240171e-09
-2.70158195e+00, 0.00000000e+00, 1.44982088e+00, 8.58334648e-09
-2.67972541e+00, 0.00000000e+00, 1.46642506e+00, 7.99084532e-09
2.38141388e-01, 0.00000000e+00, 1.01618683e+00, 1.45587329e-08
8.65185738e-01, 0.00000000e+00, 1.15934479e+00, 4.67225458e-09
4.61560577e-01, 0.00000000e+00, 1.69003522e+00, 4.24472013e-10
2.19401550e+00, 0.00000000e+00, 1.56540024e+00, 2.13560628e-10
2.25423598e+00, 0.00000000e+00, 2.39216208e+00, 2.08153200e-12
1.62835979e+00, 0.00000000e+00, 1.88834667e+00, 1.85830674e-11
-2.49668813e+00, 0.00000000e+00, 1.55498362e+00, 4.77337814e-08
-2.52027893e+00, 0.00000000e+00, 1.55450916e+00, 2.75505325e-08
-2.50898981e+00, 0.00000000e+00, 1.53654575e+00, 3.78587330e-08
3.90457749e+00, 0.00000000e+00, 2.46687794e+00, 1.03831975e-13
3.44622779e+00, 0.00000000e+00, 3.23218918e+00, 2.73676896e-15
3.12794900e+00, 0.00000000e+00, 2.53621984e+00, 5.13144540e-13
-2.54743028e+00, 0.00000000e+00, 1.39350307e+00, 3.78281158e-07
-2.56418419e+00, 0.00000000e+00, 1.41343737e+00, 1.96299752e-07
-2.58154798e+00, 0.00000000e+00, 1.38699615e+00, 7.51484706e-08
-2.54113054e+00, 0.00000000e+00, 1.42141581e+00, 8.67710582e-07
-2.70169973e+00, 0.00000000e+00, 1.41338861e+00, 1.37598875e-08
-2.67649508e+00, 0.00000000e+00, 1.43144441e+00, 1.13982574e-08
-2.65715384e+00, 0.00000000e+00, 1.97168458e+00, 3.04192754e-10
1.40022230e+00, 0.00000000e+00, -2.26130891e+00, 3.24913052e-09
2.16823483e+00, 0.00000000e+00, -1.95942199e+00, 9.69864411e-10
1.44082308e+00, 0.00000000e+00, -1.48213089e+00, 2.21143388e-08
-2.91146159e+00, 0.00000000e+00, 6.40868366e-01, 5.00591959e-05
-3.03961182e+00, 0.00000000e+00, 3.92501473e-01, 8.42943628e-05
-2.77092266e+00, 0.00000000e+00, 4.74304408e-01, 9.54747520e-05
-2.63242269e+00, 0.00000000e+00, 1.23053348e+00, 5.01810689e-07
-2.58827281e+00, 0.00000000e+00, 1.18574321e+00, 1.11461736e-06
-2.57642293e+00, 0.00000000e+00, 1.24790883e+00, 5.05050537e-07
-4.09743977e+00, 0.00000000e+00, -2.00032687e+00, 1.39394229e-09
-3.76034904e+00, 0.00000000e+00, -2.57795262e+00, 7.72980069e-10
-3.46109128e+00, 0.00000000e+00, -1.84652519e+00, 1.81486811e-07
-2.56940031e+00, 0.00000000e+00, 1.62951458e+00, 1.07374643e-08
2.72082472e+00, 0.00000000e+00, 3.23218918e+00, 6.16693264e-15
4.61161470e+00, 0.00000000e+00, -8.78256440e-01, 7.65528266e-11
5.18424129e+00, 0.00000000e+00, -1.72806099e-01, 8.78328747e-12
4.55399370e+00, 0.00000000e+00, -1.83965755e+00, 1.46833084e-11
5.26982117e+00, 0.00000000e+00, -1.51508594e+00, 1.16109130e-12
5.28149462e+00, 0.00000000e+00, -2.26612043e+00, 1.43267139e-13
-2.51446843e+00, 0.00000000e+00, 1.59948063e+00, 2.73060596e-08
-2.53335953e+00, 0.00000000e+00, 1.63159442e+00, 1.65173528e-08
-2.50881720e+00, 0.00000000e+00, 1.67549372e+00, 1.67324519e-08
-2.52072072e+00, 0.00000000e+00, 1.14575207e+00, 2.13601425e-06
-2.60571170e+00, 0.00000000e+00, 1.10469270e+00, 2.26226143e-06
-2.35275769e+00, 0.00000000e+00, 1.62527665e-01, 3.58536490e-05
-2.12691045e+00, 0.00000000e+00, 3.62664759e-01, 2.00840532e-05
-2.86788511e+00, 0.00000000e+00, 1.32225800e+00, 3.85889223e-08
-2.88367558e+00, 0.00000000e+00, 1.24392366e+00, 1.19169478e-07
-2.75367785e+00, 0.00000000e+00, 1.44798982e+00, 6.48672360e-09
-2.79372787e+00, 0.00000000e+00, 1.42733479e+00, 7.41517647e-09
-2.75664330e+00, 0.00000000e+00, 1.40377915e+00, 1.30297968e-08
-3.28328967e+00, 0.00000000e+00, 1.80847394e+00, 2.66059809e-12
-2.53172803e+00, 0.00000000e+00, 1.57588446e+00, 2.17369998e-08
-2.46210361e+00, 0.00000000e+00, 1.76423514e+00, 1.01396278e-08
-2.40799880e+00, 0.00000000e+00, 1.73319733e+00, 2.39908946e-08
-2.39487076e+00, 0.00000000e+00, 1.79682231e+00, 1.22114772e-08
-4.36230564e+00, 0.00000000e+00, -8.72070968e-01, 4.13877430e-08
-5.24295092e+00, 0.00000000e+00, -8.68014634e-01, 1.59486022e-10
-4.74281883e+00, 0.00000000e+00, -1.70209789e+00, 4.80139095e-10
6.99794054e-01, 0.00000000e+00, -1.71824431e+00, 1.45885593e-07
-2.59312177e+00, 0.00000000e+00, 1.35200894e+00, 9.75819887e-08
-2.60219264e+00, 0.00000000e+00, 1.31808460e+00, 1.67367446e-07
-2.62975192e+00, 0.00000000e+00, 9.89928067e-01, 8.57366012e-06
-2.64618087e+00, 0.00000000e+00, 8.35917890e-01, 3.05695503e-05
-2.72247052e+00, 0.00000000e+00, 1.07508183e+00, 2.28060821e-06
-4.60675049e+00, 0.00000000e+00, 2.74839187e+00, 9.75351408e-19
-4.65077782e+00, 0.00000000e+00, 3.24777126e+00, 2.69697917e-21
-5.28724146e+00, 0.00000000e+00, 2.87247729e+00, 7.79000702e-20
-2.24057388e+00, 0.00000000e+00, -1.24403930e+00, 6.16446705e-05
2.02245879e+00, 0.00000000e+00, -2.80292010e+00, 2.42603351e-11
2.79766893e+00, 0.00000000e+00, -2.59575486e+00, 5.59274502e-12
-2.58375406e+00, 0.00000000e+00, 1.75244069e+00, 4.37879111e-09
-2.63026476e+00, 0.00000000e+00, 1.78512669e+00, 2.14591345e-09
-2.60409474e+00, 0.00000000e+00, 1.40364921e+00, 3.07834753e-08
-1.14927959e+00, 0.00000000e+00, 2.80250120e+00, 2.57043414e-10
-1.52717710e+00, 0.00000000e+00, 3.13294244e+00, 8.17501535e-12
-1.64233339e+00, 0.00000000e+00, 2.74537945e+00, 1.11709385e-10
-3.38017464e+00, 0.00000000e+00, -3.28897619e+00, 1.16464838e-10
-2.42770743e+00, 0.00000000e+00, 1.96460927e+00, 9.73594538e-10
-2.47561026e+00, 0.00000000e+00, 1.84521317e+00, 3.83516285e-09
1.91734743e+00, 0.00000000e+00, 3.24311781e+00, 1.30963965e-14
-2.61134005e+00, 0.00000000e+00, 1.59269142e+00, 7.39036121e-09
-2.62717557e+00, 0.00000000e+00, 1.57410836e+00, 6.89175161e-09
-2.61013341e+00, 0.00000000e+00, 1.57178247e+00, 7.87602072e-09
-1.06015205e+00, 0.00000000e+00, 2.39337993e+00, 4.57765070e-09
-6.93093419e-01, 0.00000000e+00, 2.58023238e+00, 1.29399935e-09
-2.65294862e+00, 0.00000000e+00, 1.64707470e+00, 4.23128199e-09
-2.63439465e+00, 0.00000000e+00, 1.62050867e+00, 5.44525181e-09
-4.10172653e+00, 0.00000000e+00, -2.66612709e-01, 5.20861363e-07
-2.32004189e+00, 0.00000000e+00, 1.51247287e+00, 7.78287188e-07
-2.33754420e+00, 0.00000000e+00, 1.56632793e+00, 3.33757612e-07
-2.38116169e+00, 0.00000000e+00, 1.52230585e+00, 5.05593391e-07
-2.65476441e+00, 0.00000000e+00, 1.59734368e+00, 5.12268095e-09
-2.67564845e+00, 0.00000000e+00, 1.61681938e+00, 3.99211153e-09
4.17668724e+00, 0.00000000e+00, 3.30137467e+00, 2.59687067e-16
-4.88865757e+00, 0.00000000e+00, 9.12491858e-01, 1.20761465e-11
-4.55212641e+00, 0.00000000e+00, 6.01381481e-01, 1.16610965e-09
-4.34662008e+00, 0.00000000e+00, 1.95913389e-01, 4.82156359e-08
-4.16875410e+00, 0.00000000e+00, 5.90196550e-01, 4.15893346e-08
-2.04639530e+00, 0.00000000e+00, 7.75872171e-01, 1.71029405e-05
-1.96799636e+00, 0.00000000e+00, 9.70991492e-01, 8.04261981e-06
-2.15226340e+00, 0.00000000e+00, 9.59549010e-01, 1.82293934e-05
-2.43497014e+00, 0.00000000e+00, 1.39824104e+00, 4.62243361e-06
-2.44847727e+00, 0.00000000e+00, 1.35419965e+00, 4.02512887e-06
-2.38886762e+00, 0.00000000e+00, 1.42107618e+00, 3.02961280e-06
-2.66185760e+00, 0.00000000e+00, 1.50393212e+00, 7.29323757e-09
-2.68344164e+00, 0.00000000e+00, 1.49382818e+00, 6.67673206e-09
-2.66826057e+00, 0.00000000e+00, 1.48451102e+00, 7.58893126e-09
-2.49803829e+00, 0.00000000e+00, 1.63223827e+00, 2.80123444e-08
-2.45926857e+00, 0.00000000e+00, 1.65009940e+00, 3.52846428e-08
-2.07720447e+00, 0.00000000e+00, 1.90841556e+00, 1.26986990e-08
-2.21138763e+00, 0.00000000e+00, 1.87360108e+00, 9.10186770e-09
-2.14828253e+00, 0.00000000e+00, 1.79662716e+00, 3.60023691e-08
-2.02418900e+00, 0.00000000e+00, 1.64298010e+00, 4.16932494e-07
-2.09457731e+00, 0.00000000e+00, 1.50728154e+00, 1.12186785e-06
-1.98803353e+00, 0.00000000e+00, 1.48135221e+00, 1.78560140e-06
-9.49510098e-01, 0.00000000e+00, 1.46668220e+00, 1.31482665e-07
-1.25321007e+00, 0.00000000e+00, 1.50947261e+00, 4.24439719e-07
-1.11649704e+00, 0.00000000e+00, 1.17548513e+00, 1.51930834e-07
-2.13374782e+00, 0.00000000e+00, 2.24412632e+00, 1.19257867e-10
-2.28146887e+00, 0.00000000e+00, 2.35774803e+00, -1.17332507e-11
-2.28822637e+00, 0.00000000e+00, 2.18441224e+00, -2.53082000e-11
-2.40788484e+00, 0.00000000e+00, 1.47533798e+00, 1.12616783e-06
-2.35236001e+00, 0.00000000e+00, 1.45740688e+00, 1.49891957e-06
-1.94385648e+00, 0.00000000e+00, 1.32576025e+00, 4.80369090e-06
-2.09225416e+00, 0.00000000e+00, 1.24931037e+00, 7.50138952e-06
-1.97023678e+00, 0.00000000e+00, 1.16061378e+00, 8.10312758e-06
5.80159605e-01, 0.00000000e+00, 2.50809336e+00, 1.56420418e-10
4.28199619e-02, 0.00000000e+00, 2.08183050e+00, 2.25075403e-09
-2.67668152e+00, 0.00000000e+00, 1.39669168e+00, 2.06731574e-08
-2.64021158e+00, 0.00000000e+00, 1.55260694e+00, 6.79577683e-09
-2.64772248e+00, 0.00000000e+00, 1.57402241e+00, 5.90781468e-09
-3.49682617e+00, 0.00000000e+00, 1.71799994e+00, 5.64460804e-12
-3.32934785e+00, 0.00000000e+00, 1.64039588e+00, 2.45170707e-11
-2.10723209e+00, 0.00000000e+00, 1.10302031e+00, 1.37618108e-05
-2.19227409e+00, 0.00000000e+00, 1.19427049e+00, 9.83022892e-06
-2.54619789e+00, 0.00000000e+00, 1.71527505e+00, 8.52642668e-09
-2.53627801e+00, 0.00000000e+00, 2.03602815e+00, 2.54790827e-10
-2.57026172e+00, 0.00000000e+00, -3.30315256e+00, 2.15789012e-10
-3.00105858e+00, 0.00000000e+00, 2.62592882e-02, 1.34130096e-04
-2.78798461e+00, 0.00000000e+00, -3.39181274e-01, 1.72092259e-04
-2.65755200e+00, 0.00000000e+00, 4.26559895e-02, 1.01752827e-04
-2.65835333e+00, 0.00000000e+00, 1.46919215e+00, 8.53705107e-09
3.47198272e+00, 0.00000000e+00, 5.41330040e-01, 9.29249455e-10
3.48364687e+00, 0.00000000e+00, 1.34163713e+00, 8.22794749e-11
-1.44824672e+00, 0.00000000e+00, 1.80550754e+00, 4.07928354e-07
4.64701986e+00, 0.00000000e+00, 1.98433614e+00, 9.06245294e-14
5.27951527e+00, 0.00000000e+00, 1.50253570e+00, 5.01062713e-14
5.29743719e+00, 0.00000000e+00, 2.24508762e+00, 6.63395103e-15
-3.97283840e+00, 0.00000000e+00, 9.58629191e-01, 6.27434948e-09
-3.73115754e+00, 0.00000000e+00, 1.23244703e+00, 4.85687091e-09
-4.92271662e+00, 0.00000000e+00, 1.92015731e+00, 3.10398336e-15
-5.44088221e+00, 0.00000000e+00, 2.24616241e+00, 3.21181063e-17
-5.32748747e+00, 0.00000000e+00, 1.43939781e+00, 2.53785962e-14
-2.51559019e+00, 0.00000000e+00, 1.37770021e+00, 1.12303587e-06
2.01384306e+00, 0.00000000e+00, -2.91495491e-02, 2.89106588e-08
2.06363940e+00, 0.00000000e+00, 8.50651681e-01, 4.34674918e-09
1.42066598e+00, 0.00000000e+00, 6.46683812e-01, 9.50728207e-09
-2.45192623e+00, 0.00000000e+00, 1.48562145e+00, 7.30145644e-07
-2.43847275e+00, 0.00000000e+00, 1.44538164e+00, 2.14518445e-06
-2.50620174e+00, 0.00000000e+00, 1.46517217e+00, 6.74273110e-07
-2.48210478e+00, 0.00000000e+00, 1.48061359e+00, 4.82587780e-07
-2.50106907e+00, 0.00000000e+00, 1.49401021e+00, 1.56870044e-07
-3.42396426e+00, 0.00000000e+00, 1.50703001e+00, 2.07863629e-10
-3.62740469e+00, 0.00000000e+00, 1.50027752e+00, 2.09527867e-10
-2.08396935e+00, 0.00000000e+00, 2.45922399e+00, 5.97211655e-11
3.01242303e-02, 0.00000000e+00, 2.50578642e-01, 6.32341198e-07
6.96835458e-01, 0.00000000e+00, 4.37934279e-01, 6.59021993e-08
-4.12844992e+00, 0.00000000e+00, -3.27953053e+00, 2.51035217e-12
-2.41994262e+00, 0.00000000e+00, 2.73729682e+00, 6.51388990e-13
-2.70022678e+00, 0.00000000e+00, 2.63368535e+00, 9.45407015e-14
-2.48378062e+00, 0.00000000e+00, 2.46823215e+00, -1.25054819e-13
-2.66725230e+00, 0.00000000e+00, 1.57322609e+00, 5.13501908e-09
-4.50689936e+00, 0.00000000e+00, -2.55906129e+00, 6.47337435e-12
-5.25344992e+00, 0.00000000e+00, -2.54016995e+00, 5.92487973e-13
-4.87672472e+00, 0.00000000e+00, -3.27008486e+00, 3.25549761e-14
1.32744408e+00, 0.00000000e+00, 2.54004312e+00, 2.96683142e-12
1.11387026e+00, 0.00000000e+00, 3.25404668e+00, 1.07300250e-13
-2.23017406e+00, 0.00000000e+00, 1.64564812e+00, 1.92048887e-07
-2.19800305e+00, 0.00000000e+00, 1.53712904e+00, 6.64182323e-07
-2.12879896e+00, 0.00000000e+00, 1.63184738e+00, 3.58448375e-07
-1.10461164e+00, 0.00000000e+00, -9.84265685e-01, 2.33589617e-05
-1.22507083e+00, 0.00000000e+00, -4.02380615e-01, 7.21553124e-06
-2.23537135e+00, 0.00000000e+00, 8.21186602e-01, 3.23099121e-05
-2.43815827e+00, 0.00000000e+00, 1.16778207e+00, 2.85955684e-06
-2.48193860e+00, 0.00000000e+00, 1.21859896e+00, 1.39178655e-06
-2.51942897e+00, 0.00000000e+00, 1.44215488e+00, 1.53855058e-06
-2.49754786e+00, 0.00000000e+00, 1.43222404e+00, 2.36940741e-06
-2.87698555e+00, 0.00000000e+00, 1.78317893e+00, 2.34188391e-10
-2.98833847e+00, 0.00000000e+00, 1.79853511e+00, 6.29839098e-11
-2.95315433e+00, 0.00000000e+00, 1.72371292e+00, 1.62711872e-10
-5.39068270e+00, 0.00000000e+00, 7.12373435e-01, 1.34014414e-12
-2.81055045e+00, 0.00000000e+00, 1.85153198e+00, 2.57998650e-10
-2.91627908e+00, 0.00000000e+00, 1.89237475e+00, 6.91447941e-11
-2.58604813e+00, 0.00000000e+00, 3.05506468e-01, 8.76345075e-05
-2.06536937e+00, 0.00000000e+00, 2.74456644e+00, 1.44844015e-11
-2.32970119e+00, 0.00000000e+00, 3.00168896e+00, 3.27000959e-13
-2.70682073e+00, 0.00000000e+00, 6.63052022e-01, 6.55904732e-05
-2.52545333e+00, 0.00000000e+00, 6.86582208e-01, 6.56122647e-05
-2.74982953e+00, 0.00000000e+00, 9.36355054e-01, 1.21109560e-05
-2.34111810e+00, 0.00000000e+00, 5.52942395e-01, 4.32272100e-05
-2.15779138e+00, 0.00000000e+00, 6.08844280e-01, 3.35628392e-05
-1.92342627e+00, 0.00000000e+00, 5.49402356e-01, 8.96968686e-06
7.00592697e-01, 0.00000000e+00, -2.49210000e+00, 4.99446084e-09
1.30477035e+00, 0.00000000e+00, -3.01244140e+00, 3.26350266e-11
5.99943817e-01, 0.00000000e+00, -3.17935586e+00, 9.05570008e-10
-2.46452904e+00, 0.00000000e+00, 1.71035528e+00, 1.94025400e-08
-7.29694188e-01, 0.00000000e+00, 5.44745505e-01, 5.54843439e-07
-7.10208356e-01, 0.00000000e+00, 1.04167747e+00, 7.41898276e-08
-1.84727347e+00, 0.00000000e+00, -3.37540007e+00, 9.53371049e-10
-2.66686559e+00, 0.00000000e+00, 2.22939610e+00, 4.71780384e-12
-2.80992961e+00, 0.00000000e+00, -1.59678614e+00, 5.49696733e-06
-2.95400667e+00, 0.00000000e+00, 1.64710474e+00, 2.59467031e-10
4.03993797e+00, 0.00000000e+00, 1.65710986e+00, 3.19644333e-12
-2.51334524e+00, 0.00000000e+00, 1.57407522e+00, 2.97846778e-08
-1.61137211e+00, 0.00000000e+00, -1.46006584e+00, 4.72920547e-05
-1.92901528e+00, 0.00000000e+00, 1.96901691e+00, 2.39491325e-08
-2.78956461e+00, 0.00000000e+00, -9.18577969e-01, 7.61320698e-05
-1.93600976e+00, 0.00000000e+00, 3.51569557e+00, 1.14236908e-13
-1.38292897e+00, 0.00000000e+00, 3.56205082e+00, 4.04331055e-13
-3.41888309e+00, 0.00000000e+00, 2.89152789e+00, 1.13882442e-16
-3.78669095e+00, 0.00000000e+00, 2.72908974e+00, 6.79856685e-18
-3.49773860e+00, 0.00000000e+00, 2.52481604e+00, 6.89930358e-16
1.64977539e+00, 0.00000000e+00, -7.17423618e-01, 5.39371214e-08
9.36943769e-01, 0.00000000e+00, -8.94962847e-01, 2.13119435e-07
-1.20369375e-01, 0.00000000e+00, 2.73865557e+00, 3.03161468e-10
-1.75744247e+00, 0.00000000e+00, 1.38390481e+00, 3.08971130e-06
-2.22952604e+00, 0.00000000e+00, 1.39040661e+00, 2.46489230e-06
-2.25889206e+00, 0.00000000e+00, 1.46660578e+00, 1.18803098e-06
-2.03426671e+00, 0.00000000e+00, 2.09313822e+00, 3.34674000e-09
-4.66452503e+00, 0.00000000e+00, -2.46890128e-01, 3.84348109e-09
-3.21827126e+00, 0.00000000e+00, 2.43306947e+00, 1.46472630e-14
-3.34941101e+00, 0.00000000e+00, 2.20030022e+00, 3.84173284e-14
-3.60354614e+00, 0.00000000e+00, 2.22689295e+00, 2.69286195e-15
-2.16629267e+00, 0.00000000e+00, 1.34201264e+00, 3.65087249e-06
-2.16782498e+00, 0.00000000e+00, 1.43188107e+00, 1.75740490e-06
-1.63976717e+00, 0.00000000e+00, 2.36765599e+00, 4.61541516e-09
-1.92818904e+00, 0.00000000e+00, 2.30444503e+00, 1.26868516e-09
-1.81682551e+00, 0.00000000e+00, 2.12802219e+00, 1.13415366e-08
-2.71672654e+00, 0.00000000e+00, 1.31895816e+00, 8.24384827e-08
-2.66966653e+00, 0.00000000e+00, 1.27961993e+00, 1.88209057e-07
-2.67097926e+00, 0.00000000e+00, 1.33578205e+00, 7.99382889e-08
-2.88657618e+00, 0.00000000e+00, 1.63011682e+00, 5.95418159e-10
-2.84377599e+00, 0.00000000e+00, 1.57908392e+00, 1.14225029e-09
-2.83283067e+00, 0.00000000e+00, 1.65120530e+00, 8.86686780e-10
-2.35809660e+00, 0.00000000e+00, 1.10662866e+00, 1.04711125e-05
-2.29983377e+00, 0.00000000e+00, 9.84041572e-01, 2.24761388e-05
-2.75836611e+00, 0.00000000e+00, 1.73380446e+00, 1.00836717e-09
-2.73674273e+00, 0.00000000e+00, 1.81176925e+00, 7.48368645e-10
-2.82164335e+00, 0.00000000e+00, 1.71605372e+00, 6.54710675e-10
-2.77368879e+00, 0.00000000e+00, 1.67261708e+00, 1.29931921e-09
-2.60025859e+00, 0.00000000e+00, 1.61793518e+00, 7.67691510e-09
-2.29227924e+00, 0.00000000e+00, 1.18650925e+00, 8.04983210e-06
-2.37232471e+00, 0.00000000e+00, 1.19290888e+00, 4.43052477e-06
-2.42439461e+00, 0.00000000e+00, 3.59166670e+00, 1.18639522e-15
-2.30468869e+00, 0.00000000e+00, 1.93551779e+00, 2.81814994e-09
-2.32597804e+00, 0.00000000e+00, 2.04748368e+00, 3.06325576e-10
-2.31305766e+00, 0.00000000e+00, 1.80803466e+00, 1.45746961e-08
-3.18849540e+00, 0.00000000e+00, 1.21283519e+00, 7.01540870e-08
-2.40215376e-01, 0.00000000e+00, 3.42032123e+00, 1.31250228e-11
4.59972858e-01, 0.00000000e+00, 3.29433060e+00, 5.36496628e-12
-1.34299994e+00, 0.00000000e+00, 2.01072598e+00, 7.20330888e-08
-1.15980840e+00, 0.00000000e+00, 1.79510128e+00, 1.86510746e-07
-2.30598760e+00, 0.00000000e+00, 1.70597982e+00, 5.98406658e-08
-2.31260586e+00, 0.00000000e+00, 1.62614322e+00, 1.60596173e-07
-2.36742878e+00, 0.00000000e+00, 1.61555767e+00, 1.26785423e-07
-2.80341220e+00, 0.00000000e+00, 1.33052683e+00, 4.16094892e-08
-2.62804246e+00, 0.00000000e+00, 1.34370220e+00, 7.74088917e-08
-3.22407603e-01, 0.00000000e+00, 7.14103580e-01, 1.82638118e-07
-2.85011649e-01, 0.00000000e+00, 1.25216138e+00, 1.23605410e-08
-2.45493889e+00, 0.00000000e+00, 1.52369869e+00, 2.24362282e-07
-2.48002577e+00, 0.00000000e+00, 1.50787914e+00, 1.85271205e-07
-2.73151684e+00, 0.00000000e+00, 1.50288343e+00, 4.49972681e-09
-2.74490666e+00, 0.00000000e+00, 1.53902233e+00, 3.16250204e-09
-2.76517677e+00, 0.00000000e+00, 1.50482011e+00, 3.44153550e-09
-2.78680325e+00, 0.00000000e+00, 1.54620564e+00, 2.16597718e-09
-2.80530310e+00, 0.00000000e+00, 1.49840212e+00, 2.76082135e-09
-3.01817942e+00, 0.00000000e+00, 1.98356664e+00, 8.43367130e-12
-3.14865661e+00, 0.00000000e+00, 2.07209563e+00, 7.67957095e-13
-3.15008664e+00, 0.00000000e+00, 1.91966236e+00, 3.63082828e-12
-3.96532059e+00, 0.00000000e+00, -1.37678611e+00, 2.14409141e-07
-2.61974764e+00, 0.00000000e+00, 1.55826581e+00, 7.58781482e-09
-2.83013725e+00, 0.00000000e+00, 1.45182514e+00, 4.26518731e-09
-2.61777139e+00, 0.00000000e+00, 1.42149854e+00, 1.82038189e-08
-2.59811711e+00, 0.00000000e+00, 1.42435741e+00, 2.81095609e-08
-2.58248496e+00, 0.00000000e+00, 1.43075466e+00, 8.57842295e-08
-2.56820846e+00, 0.00000000e+00, 1.43811762e+00, 2.55776939e-07
-1.65410316e+00, 0.00000000e+00, 5.08893132e-01, 2.42101169e-06
-2.24437332e+00, 0.00000000e+00, 1.32722509e+00, 4.12334111e-06
-2.69984341e+00, 0.00000000e+00, 1.51578701e+00, 5.24168220e-09
-3.17459774e+00, 0.00000000e+00, 2.68897319e+00, 2.07048501e-15
-4.00813580e+00, 0.00000000e+00, 1.60857618e+00, 7.50637486e-12
-4.23860580e-01, 0.00000000e+00, 1.81353629e+00, 1.18412551e-08
-7.48022556e-01, 0.00000000e+00, 2.17689943e+00, 1.48754413e-08
-8.36337268e-01, 0.00000000e+00, 1.80623138e+00, 7.75920128e-08
-1.37659109e+00, 0.00000000e+00, 2.51342058e+00, 1.21317334e-09
-2.69029331e+00, 0.00000000e+00, 1.57060659e+00, 4.27094937e-09
-2.66140199e+00, 0.00000000e+00, 1.16810763e+00, 9.15212524e-07
-2.22984171e+00, 0.00000000e+00, 1.75295472e+00, 5.07249247e-08
-2.35881186e+00, 0.00000000e+00, 7.28831828e-01, 4.79193768e-05
-2.26690626e+00, 0.00000000e+00, 2.55341339e+00, 2.71940391e-12
-3.75472617e+00, 0.00000000e+00, 1.67952836e+00, 6.47690235e-12
-3.91871572e+00, 0.00000000e+00, 1.88123512e+00, 2.78328982e-13
-2.39741397e+00, 0.00000000e+00, 1.58099174e+00, 1.69396174e-07
-2.42594910e+00, 0.00000000e+00, 1.54447901e+00, 2.61808822e-07
-1.53583848e+00, 0.00000000e+00, 1.34042299e+00, 1.31941601e-06
-2.52023625e+00, 0.00000000e+00, 1.26847255e+00, 6.92149229e-07
-2.53746748e+00, 0.00000000e+00, 1.21526396e+00, 9.95597475e-07
-3.49986219e+00, 0.00000000e+00, 1.13730776e+00, 2.63760338e-08
-3.47217965e+00, 0.00000000e+00, 9.30972695e-01, 2.95087602e-07
-3.34064913e+00, 0.00000000e+00, 1.10430872e+00, 9.97925937e-08
-3.35027504e+00, 0.00000000e+00, 1.26014245e+00, 8.73945627e-09
-2.52943945e+00, 0.00000000e+00, 1.04645455e+00, 6.48982405e-06
-2.72768331e+00, 0.00000000e+00, 1.42755556e+00, 9.77229586e-09
-2.82218146e+00, 0.00000000e+00, 2.57717401e-01, 1.19536351e-04
-3.28902745e+00, 0.00000000e+00, 1.41262919e-01, 6.03714652e-05
-3.02778602e+00, 0.00000000e+00, 1.57651925e+00, 2.78663898e-10
-3.02745008e+00, 0.00000000e+00, 1.46000171e+00, 1.65814140e-09
-2.55674195e+00, 0.00000000e+00, 1.55752146e+00, 1.36438070e-08
-2.57395387e+00, 0.00000000e+00, 1.56046951e+00, 1.11309122e-08
-3.94207168e+00, 0.00000000e+00, 2.30693281e-01, 1.41020428e-06
-2.88745070e+00, 0.00000000e+00, 1.69530821e+00, 3.79652004e-10
-1.82155228e+00, 0.00000000e+00, 7.63951123e-01, 3.80773849e-06
-2.27513003e+00, 0.00000000e+00, 1.55024505e+00, 4.74492055e-07
-2.53358746e+00, 0.00000000e+00, 2.17567205e+00, 1.44121633e-11
-2.66048431e+00, 0.00000000e+00, 2.08938098e+00, 6.25299881e-11
-2.75902629e+00, 0.00000000e+00, 2.00855756e+00, 7.76352177e-11
-2.51962686e+00, 0.00000000e+00, 1.48258567e+00, 2.24073787e-07
-2.52058291e+00, 0.00000000e+00, 1.50104475e+00, 7.39751158e-08
-2.52960610e+00, 0.00000000e+00, 1.46906340e+00, 4.92294930e-07
-2.50104189e+00, 0.00000000e+00, 1.51612592e+00, 6.91733888e-08
-2.52417469e+00, 0.00000000e+00, 1.52049983e+00, 3.33466836e-08
-2.48425460e+00, 0.00000000e+00, 1.57714200e+00, 5.52422463e-08
-2.06210136e+00, 0.00000000e+00, 1.75564313e+00, 9.41251344e-08
2.56784487e+00, 0.00000000e+00, -3.38902926e+00, 6.57022493e-15
-2.68523192e+00, 0.00000000e+00, 1.22245979e+00, 4.17422569e-07
-2.23363876e+00, 0.00000000e+00, 1.09205091e+00, 1.54531517e-05
-2.72531891e+00, 0.00000000e+00, 1.46872211e+00, 6.24597440e-09
-2.54789782e+00, 0.00000000e+00, 5.02139151e-01, 7.74679356e-05
-2.66700459e+00, 0.00000000e+00, 1.53384244e+00, 6.14042683e-09
-2.65929294e+00, 0.00000000e+00, 1.52191329e+00, 6.94641455e-09
-2.65173101e+00, 0.00000000e+00, 1.53471625e+00, 6.84133994e-09
-2.83116436e+00, 0.00000000e+00, 1.19320273e+00, 3.53567316e-07
-2.34187150e+00, 0.00000000e+00, -1.58951536e-01, 4.07507578e-05
-8.91639888e-01, 0.00000000e+00, 8.60335752e-02, 2.72657326e-06
-4.78211224e-01, 0.00000000e+00, 1.22756422e-01, 1.07727510e-06
-2.60623717e+00, 0.00000000e+00, 1.43831563e+00, 1.91047356e-08
-4.73731327e+00, 0.00000000e+00, 1.42273068e+00, 1.53529945e-12
-3.33352590e+00, 0.00000000e+00, 7.49014437e-01, 3.16785190e-06
-2.42324042e+00, 0.00000000e+00, 1.51005483e+00, 5.61485137e-07
-2.07182479e+00, 0.00000000e+00, 1.37947667e+00, 3.15911484e-06
-2.74990773e+00, 0.00000000e+00, 1.35254753e+00, 3.52769014e-08
-2.78893185e+00, 0.00000000e+00, 1.38097394e+00, 1.83360189e-08
-2.40404773e+00, 0.00000000e+00, 2.25960612e+00, -1.25264426e-11
-2.53668451e+00, 0.00000000e+00, 1.48787999e+00, 1.59533357e-07
-2.78144264e+00, 0.00000000e+00, 1.46986914e+00, 4.36566072e-09
-2.88626838e+00, 0.00000000e+00, 2.00576091e+00, 2.38170404e-11
-2.63410568e+00, 0.00000000e+00, 1.43247080e+00, 1.29486164e-08
-2.63654804e+00, 0.00000000e+00, 1.41612506e+00, 1.71425967e-08
-4.13240719e+00, 0.00000000e+00, 2.54238009e+00, 1.25768618e-17
-4.15711355e+00, 0.00000000e+00, 2.97030449e+00, 1.99701381e-19
-4.08527851e+00, 0.00000000e+00, 3.45903158e+00, 3.47255333e-20
-3.80783606e+00, 0.00000000e+00, 2.11253238e+00, 6.03927588e-15
-4.14086533e+00, 0.00000000e+00, 2.11361408e+00, 2.14048614e-15
-3.49277258e+00, 0.00000000e+00, 1.34260428e+00, 1.84647708e-09
-1.86345637e+00, 0.00000000e+00, 2.53220892e+00, 2.71217715e-10
-2.65191817e+00, 0.00000000e+00, 1.42712367e+00, 1.34461633e-08
-2.65107036e+00, 0.00000000e+00, 1.44307280e+00, 1.07881641e-08
-2.63274050e+00, 0.00000000e+00, 1.68254244e+00, 4.35890790e-09
3.74826717e+00, 0.00000000e+00, -2.68360376e-01, 9.15298337e-10
3.27690625e+00, 0.00000000e+00, -5.57599485e-01, 3.48403861e-09
-2.62413526e+00, 0.00000000e+00, 1.72762263e+00, 3.56705265e-09
-2.70365143e+00, 0.00000000e+00, 1.59176207e+00, 3.48073237e-09
-2.71101809e+00, 0.00000000e+00, 1.61743164e+00, 2.90996294e-09
-2.37381029e+00, 0.00000000e+00, 1.67756724e+00, 5.71206442e-08
-2.40849781e+00, 0.00000000e+00, 1.63972914e+00, 6.77900047e-08
-2.43805504e+00, 0.00000000e+00, 1.61098409e+00, 7.31173770e-08
-2.54899240e+00, 0.00000000e+00, 1.54139447e+00, 1.50621240e-08
-2.53933191e+00, 0.00000000e+00, 1.55717385e+00, 1.81684392e-08
-7.43676424e-01, 0.00000000e+00, -4.27603573e-01, 3.68494466e-06
-2.61353922e+00, 0.00000000e+00, 1.27936161e+00, 2.75290290e-07
-2.91921449e+00, 0.00000000e+00, 1.03899825e+00, 1.82031329e-06
-2.91314125e+00, 0.00000000e+00, 1.14946449e+00, 4.11257986e-07
2.78965378e+00, 0.00000000e+00, 1.11665273e+00, 8.11790524e-10
-7.52620995e-02, 0.00000000e+00, -1.62487304e+00, 3.18452180e-06
-1.94720685e+00, 0.00000000e+00, 3.07494926e+00, 2.10224698e-12
-3.67745185e+00, 0.00000000e+00, 9.30300534e-01, 1.02579214e-07
-3.44909024e+00, 0.00000000e+00, 1.96165454e+00, 1.54719797e-13
1.05725861e+00, 0.00000000e+00, 1.83703756e+00, 6.12389237e-11
-2.66966009e+00, 0.00000000e+00, 2.90465641e+00, 3.01263327e-14
-3.71570468e+00, 0.00000000e+00, 3.13077593e+00, 2.92907964e-18
-3.54570985e+00, 0.00000000e+00, 3.52270675e+00, 7.80256518e-19
-2.41930413e+00, 0.00000000e+00, 2.11130190e+00, 6.24251345e-11
5.41313553e+00, 0.00000000e+00, -8.04138780e-01, 1.82742254e-12
-2.52701235e+00, 0.00000000e+00, 1.77301574e+00, 5.96638472e-09
6.72993995e-03, 0.00000000e+00, 1.57075012e+00, 3.03907521e-09
-2.65627575e+00, 0.00000000e+00, 1.49132800e+00, 7.78873588e-09
-2.71926022e+00, 0.00000000e+00, 1.53344691e+00, 4.11043688e-09
-1.85439849e+00, 0.00000000e+00, 3.29395354e-01, 7.09035749e-06
-2.80061221e+00, 0.00000000e+00, 1.77791655e+00, 5.31897415e-10
-2.56735229e+00, 0.00000000e+00, 1.29190874e+00, 3.24402777e-07
-3.71657342e-01, 0.00000000e+00, 2.28822303e+00, 3.67825659e-09
-2.37726760e+00, 0.00000000e+00, 1.29888272e+00, 5.06843753e-06
-2.42850327e+00, 0.00000000e+00, 1.30747104e+00, 3.26344571e-06
-2.48543763e+00, 0.00000000e+00, 1.31516206e+00, 1.22513393e-06
-2.73727751e+00, 0.00000000e+00, 1.91382623e+00, 3.09773540e-10
3.48055625e+00, 0.00000000e+00, 1.96877885e+00, 3.08428478e-12
5.40031624e+00, 0.00000000e+00, 2.94026637e+00, 3.33559391e-17
5.50870419e+00, 0.00000000e+00, 3.47004175e+00, 8.36531760e-20
4.87620258e+00, 0.00000000e+00, 3.39769125e+00, 2.96397756e-18
1.83122194e+00, 0.00000000e+00, -3.49876881e+00, 3.14697914e-14
2.88496518e+00, 0.00000000e+00, 1.82445657e+00, 3.70737781e-11
-1.85527527e+00, 0.00000000e+00, 1.09860826e+00, 6.76782793e-06
4.82540995e-01, 0.00000000e+00, -2.93561786e-01, 4.63426716e-07
-2.62039256e+00, 0.00000000e+00, 1.43892908e+00, 1.39158054e-08
-1.30122232e+00, 0.00000000e+00, 1.02060473e+00, 3.68110648e-07
-2.67729950e+00, 0.00000000e+00, 1.59100473e+00, 4.39932535e-09
-2.25205803e+00, 0.00000000e+00, 3.28165603e+00, 5.24997932e-14
-2.75909066e+00, 0.00000000e+00, 1.30503523e+00, 8.52738467e-08
-2.37978387e+00, 0.00000000e+00, 1.86872053e+00, 5.32991429e-09
-2.74035621e+00, 0.00000000e+00, 1.58691847e+00, 2.58246247e-09
-2.73553205e+00, 0.00000000e+00, 1.63646138e+00, 2.12563012e-09
-5.35213041e+00, 0.00000000e+00, 1.04070995e-02, 7.00694971e-12
1.54323840e+00, 0.00000000e+00, 1.32013190e+00, 8.53980497e-10
-1.06750083e+00, 0.00000000e+00, 3.90931934e-01, 1.57899456e-06
-2.54965401e+00, 0.00000000e+00, 2.30552912e+00, 8.68882060e-13
-2.58940935e+00, 0.00000000e+00, 1.55837309e+00, 9.47128243e-09
-2.81131172e+00, 0.00000000e+00, 2.11646605e+00, 1.27371169e-11
3.16178203e+00, 0.00000000e+00, -4.65167547e-03, 3.11356829e-09
2.74454451e+00, 0.00000000e+00, -3.45353514e-01, 8.49419912e-09
-4.86579037e+00, 0.00000000e+00, 3.64279509e-01, 3.30739186e-10
-1.54613948e+00, 0.00000000e+00, -2.71386713e-01, 6.45558703e-06
-2.94750142e+00, 0.00000000e+00, 1.30082202e+00, 3.47131426e-08
4.08486557e+00, 0.00000000e+00, -3.52641797e+00, 2.15409637e-16
4.65225220e+00, 0.00000000e+00, -3.37647915e+00, 1.48945037e-15
-2.69982290e+00, 0.00000000e+00, 1.38489127e+00, 2.31899762e-08
-3.10796070e+00, 0.00000000e+00, 2.26021361e+00, 2.05178200e-13
-2.52090931e+00, 0.00000000e+00, 1.40842998e+00, 1.74755633e-06
-1.12347829e+00, 0.00000000e+00, 3.19519234e+00, 1.64878094e-11
-8.39785516e-01, 0.00000000e+00, 3.52847528e+00, 1.49954604e-12
-1.78092289e+00, 0.00000000e+00, 1.95005882e+00, 9.19743215e-08
-2.90722680e+00, 0.00000000e+00, 2.75630546e+00, 1.00227681e-14
-2.69171405e+00, 0.00000000e+00, 1.64742362e+00, 3.07727666e-09
-4.49859619e+00, 0.00000000e+00, 1.80379677e+00, 6.24042647e-14
-4.55321693e+00, 0.00000000e+00, 2.25493860e+00, 4.37652104e-16
-2.96965027e+00, 0.00000000e+00, 1.20983267e+00, 1.28341227e-07
-3.05064702e+00, 0.00000000e+00, 1.25317788e+00, 6.16674427e-08
-3.67179012e+00, 0.00000000e+00, 1.92997384e+00, 1.66762342e-13
-2.47222829e+00, 0.00000000e+00, 1.45377445e+00, 1.48972265e-06
-8.21542203e-01, 0.00000000e+00, -1.71772873e+00, 9.90981789e-06
-2.81923115e-01, 0.00000000e+00, -2.10736060e+00, 2.18892342e-06
-2.58543038e+00, 0.00000000e+00, 1.41222477e+00, 5.55074813e-08
-2.19195318e+00, 0.00000000e+00, 1.27377629e+00, 5.71934834e-06
-3.34699154e+00, 0.00000000e+00, 1.40045345e+00, 1.05481579e-09
-3.23287964e+00, 0.00000000e+00, 1.36334515e+00, 4.71638817e-09
-3.10650659e+00, 0.00000000e+00, 1.35988069e+00, 8.75007267e-09
-4.96991825e+00, 0.00000000e+00, 2.43787766e+00, 1.09863962e-17
-1.35437143e+00, 0.00000000e+00, 2.24012637e+00, 1.84993603e-08
-2.60241175e+00, 0.00000000e+00, 1.56055367e+00, 8.44041903e-09
-2.54564500e+00, 0.00000000e+00, 1.47093189e+00, 4.91915728e-07
-2.54300523e+00, 0.00000000e+00, 1.45657361e+00, 7.75114870e-07
-2.50260139e+00, 0.00000000e+00, 1.72680724e+00, 1.08863558e-08
-2.78432274e+00, 0.00000000e+00, 1.60924304e+00, 1.62621838e-09
-2.53686786e+00, 0.00000000e+00, 1.50829625e+00, 4.24539834e-08
-2.54126430e+00, 0.00000000e+00, 1.52561963e+00, 2.09073932e-08
-1.85480630e+00, 0.00000000e+00, 1.21599185e+00, 5.83500150e-06
-2.16085052e+00, 0.00000000e+00, 1.71523786e+00, 1.12915359e-07
-2.53134394e+00, 0.00000000e+00, 1.30895650e+00, 4.85812848e-07
2.02758169e+00, 0.00000000e+00, -1.27211428e+00, 8.86705109e-09
-2.45370460e+00, 0.00000000e+00, 1.09254014e+00, 5.60222406e-06
-2.72544384e+00, 0.00000000e+00, 1.38603950e+00, 2.08721485e-08
-2.70810771e+00, 0.00000000e+00, 1.35749304e+00, 4.02252063e-08
-2.98527431e+00, 0.00000000e+00, 2.11445642e+00, 3.04286674e-12
-2.46514511e+00, 0.00000000e+00, 1.27202165e+00, 1.21068706e-06
-2.53055644e+00, 0.00000000e+00, 1.53848195e+00, 2.27354047e-08
-2.63120961e+00, 0.00000000e+00, 1.44741821e+00, 1.11595586e-08
-2.64571595e+00, 0.00000000e+00, 1.45858288e+00, 9.51847756e-09
-2.98460221e+00, 0.00000000e+00, 7.92304933e-01, 1.94430067e-05
-2.88253832e+00, 0.00000000e+00, 9.12696362e-01, 1.32217174e-05
-2.26739740e+00, 0.00000000e+00, 1.26242399e+00, 6.23991809e-06
-2.66257429e+00, 0.00000000e+00, 1.45378184e+00, 9.40189260e-09
-4.20183849e+00, 0.00000000e+00, 1.76835680e+00, 3.74271713e-13
-2.65861535e+00, 0.00000000e+00, 1.55325115e+00, 5.88784621e-09
-2.81357217e+00, 0.00000000e+00, 7.96865761e-01, 3.10618634e-05
-5.43663454e+00, 0.00000000e+00, -1.73627925e+00, 1.62660705e-12
-2.68165684e+00, 0.00000000e+00, 1.79377902e+00, 1.36967504e-09
-2.82043958e+00, 0.00000000e+00, 1.93517625e+00, 1.11117782e-10
-2.63578463e+00, 0.00000000e+00, 1.59222043e+00, 6.08768236e-09
-2.33977747e+00, 0.00000000e+00, 1.25336790e+00, 5.43233728e-06
-3.00107741e+00, 0.00000000e+00, 1.36599338e+00, 1.06311884e-08
-2.59268379e+00, 0.00000000e+00, 1.43970156e+00, 4.58864235e-08
-2.47427797e+00, 0.00000000e+00, 1.60452342e+00, 5.03724209e-08
-2.44198275e+00, 0.00000000e+00, 1.57556701e+00, 1.21099305e-07
-2.84632564e+00, 0.00000000e+00, 1.49150550e+00, 2.35529307e-09
4.60500622e+00, 0.00000000e+00, -2.65413642e+00, 2.38851744e-13
-2.75054741e+00, 0.00000000e+00, 1.47967017e+00, 4.78136553e-09
-3.30055165e+00, 0.00000000e+00, 3.21199465e+00, 1.65034411e-17
-2.42373395e+00, 0.00000000e+00, 1.68604398e+00, 3.38556561e-08
-2.49494886e+00, 0.00000000e+00, 8.16261649e-01, 3.79152189e-05
-5.43836260e+00, 0.00000000e+00, -3.26538563e+00, 6.70484070e-16
-2.71659803e+00, 0.00000000e+00, 1.56113255e+00, 3.55547325e-09
-2.67392945e+00, 0.00000000e+00, 1.51724565e+00, 6.37401154e-09
-2.55524778e+00, 0.00000000e+00, 1.44728124e+00, 5.97470148e-07
-2.55495405e+00, 0.00000000e+00, 1.45953822e+00, 5.97843211e-07
1.23894083e+00, 0.00000000e+00, -1.16811603e-01, 7.50686979e-08
-2.95521665e+00, 0.00000000e+00, 1.43614113e+00, 2.96244851e-09
-3.15025735e+00, 0.00000000e+00, -2.03390270e-01, 1.87621816e-04
-1.87665176e+00, 0.00000000e+00, 1.46817839e+00, 2.75226284e-06
2.50870085e+00, 0.00000000e+00, -1.37835455e+00, 3.53888296e-09
2.31828904e+00, 0.00000000e+00, -7.94070542e-01, 1.42731356e-08
4.64109802e+00, 0.00000000e+00, 1.32381058e+00, 4.08279617e-12
1.15832758e+00, 0.00000000e+00, -3.54996300e+00, 3.80218643e-12
-3.84378529e+00, 0.00000000e+00, 2.41743422e+00, 1.06314831e-16
-1.91699183e+00, 0.00000000e+00, 1.59528613e+00, 8.52788332e-07
-6.43213868e-01, 0.00000000e+00, 1.48319900e+00, 1.71967507e-08
-2.63884997e+00, 0.00000000e+00, 1.31160963e+00, 1.38872565e-07
-1.58615577e+00, 0.00000000e+00, 2.05410838e+00, 6.50739551e-08
-1.27850211e+00, 0.00000000e+00, 6.89814985e-02, 3.66029440e-06
-2.82873845e+00, 0.00000000e+00, 1.10779130e+00, 1.15536716e-06
-2.53989363e+00, 0.00000000e+00, 1.44259584e+00, 1.02979652e-06
2.24416062e-01, 0.00000000e+00, -2.09471893e+00, 2.00401445e-07
3.54331769e-02, 0.00000000e+00, -2.57100439e+00, 6.20117575e-08
-2.76206493e-01, 0.00000000e+00, -3.20972824e+00, 9.13478448e-09
-1.00986469e+00, 0.00000000e+00, -3.26592231e+00, 4.24094182e-09
-7.49988437e-01, 0.00000000e+00, -2.52599311e+00, 4.26963936e-07
-3.29954481e+00, 0.00000000e+00, 9.29342151e-01, 6.14573651e-07
-2.48692846e+00, 0.00000000e+00, 1.35486758e+00, 1.92010134e-06
-2.48466277e+00, 0.00000000e+00, 1.53393006e+00, 8.40111980e-08
-2.36207700e+00, 0.00000000e+00, 1.74286747e+00, 2.88766628e-08
5.30091524e+00, 0.00000000e+00, -3.05303907e+00, 1.52312639e-15
-3.27773786e+00, 0.00000000e+00, 1.98112202e+00, 4.83628708e-13
-2.65475488e+00, 0.00000000e+00, 1.48045123e+00, 8.18597723e-09
-2.66965485e+00, 0.00000000e+00, 1.67163897e+00, 3.13990789e-09
-5.29841137e+00, 0.00000000e+00, 3.48631024e+00, -2.95876577e-23
-2.66423273e+00, 0.00000000e+00, 1.75257671e+00, 2.13494200e-09
-2.55321550e+00, 0.00000000e+00, 1.43260217e+00, 5.35938511e-07
-2.92332268e+00, 0.00000000e+00, 1.57626617e+00, 5.95016314e-10
-3.83859468e+00, 0.00000000e+00, 1.46002030e+00, 1.70915962e-10
-2.82892084e+00, 0.00000000e+00, 1.52637839e+00, 1.76500858e-09
-3.13495564e+00, 0.00000000e+00, 6.34558320e-01, 3.10562500e-05
-2.82199812e+00, 0.00000000e+00, 1.01099992e+00, 3.95416328e-06
-2.46377754e+00, 0.00000000e+00, 1.55134559e+00, 1.10972636e-07
4.71955299e+00, 0.00000000e+00, 2.71059537e+00, 1.16741776e-15
-1.43081605e+00, 0.00000000e+00, -2.86080384e+00, 7.26749505e-08
-2.68088794e+00, 0.00000000e+00, 1.36802208e+00, 3.86210104e-08
-2.19525075e+00, 0.00000000e+00, 2.04005647e+00, 7.61966379e-10
-1.34527326e+00, 0.00000000e+00, 1.22946846e+00, 5.10086352e-07
-2.37663865e+00, 0.00000000e+00, 3.58223706e-01, 4.06408290e-05
-3.80722141e+00, 0.00000000e+00, 6.26507640e-01, 2.57623100e-07
2.70588183e+00, 0.00000000e+00, 3.56297523e-01, 6.21699403e-09
2.96528912e+00, 0.00000000e+00, -1.02202761e+00, 4.42975878e-09
-7.11509049e-01, 0.00000000e+00, 3.02206397e+00, 6.74801950e-11
-2.41787124e+00, 0.00000000e+00, 1.24249172e+00, 2.44811076e-06
-1.09360802e+00, 0.00000000e+00, 2.10197043e+00, 4.02260802e-08
-2.52812958e+00, 0.00000000e+00, 1.45502985e+00, 9.63191269e-07
-2.55028105e+00, 0.00000000e+00, 1.57453191e+00, 1.57529243e-08
-3.03563023e+00, 0.00000000e+00, 1.87889600e+00, 1.88768411e-11
-2.64806557e+00, 0.00000000e+00, 1.50102937e+00, 7.63811325e-09
-2.64529300e+00, 0.00000000e+00, 1.51644886e+00, 7.40510631e-09
-2.63788176e+00, 0.00000000e+00, 1.53025734e+00, 7.31941219e-09
-2.62653613e+00, 0.00000000e+00, 1.54111004e+00, 7.49926699e-09
-2.61231804e+00, 0.00000000e+00, 1.54792881e+00, 7.99694089e-09
-2.58332562e+00, 0.00000000e+00, 1.45222533e+00, 1.44849636e-07
-2.56921124e+00, 0.00000000e+00, 1.45917344e+00, 4.33368427e-07
-2.58261371e+00, 0.00000000e+00, 1.54754901e+00, 1.02459738e-08
-2.56856680e+00, 0.00000000e+00, 1.54036331e+00, 1.21719985e-08
-2.59885216e+00, 0.00000000e+00, 1.45000601e+00, 2.91528686e-08
-2.61429405e+00, 0.00000000e+00, 1.45270324e+00, 1.34864084e-08
-2.54807782e+00, 0.00000000e+00, 1.49959445e+00, 8.01500804e-08
-2.55067396e+00, 0.00000000e+00, 1.48409283e+00, 2.90346122e-07
-2.62818980e+00, 0.00000000e+00, 1.46008539e+00, 1.02272040e-08
-2.63908958e+00, 0.00000000e+00, 1.47140098e+00, 8.98430308e-09
-2.55749345e+00, 0.00000000e+00, 1.52920687e+00, 1.51510093e-08
-2.55042315e+00, 0.00000000e+00, 1.51513886e+00, 2.82212493e-08
-2.64593053e+00, 0.00000000e+00, 1.48550975e+00, 8.17302936e-09
-2.59807611e+00, 0.00000000e+00, 1.54999995e+00, 8.80455175e-09
-2.55795598e+00, 0.00000000e+00, 1.47016096e+00, 5.49310926e-07
-2.56529236e+00, 1.59339294e-01, 1.47546172e+00, 1.96610287e-01
-2.55064392e+00, 1.44565731e-01, 1.47128642e+00, 1.96648240e-01
-2.55195546e+00, 1.54190198e-01, 1.48826396e+00, 1.96603000e-01
-2.56396365e+00, 1.49859443e-01, 1.45880377e+00, 1.96621910e-01
-2.54427361e+00, 1.33061215e-01, 1.45931125e+00, 1.96618229e-01
-2.53519011e+00, 1.32089108e-01, 1.47310019e+00, 1.96630910e-01
-2.57634974e+00, 1.62832141e-01, 1.46329582e+00, 1.95163220e-01
-2.56542611e+00, 1.67003483e-01, 1.49055874e+00, 1.94256797e-01
-2.53935719e+00, 1.23227037e-01, 1.44815826e+00, 1.95701271e-01
-2.55110407e+00, 1.32014081e-01, 1.44538629e+00, 1.96595207e-01
-2.53242517e+00, 1.23633541e-01, 1.46097827e+00, 1.96598262e-01
-2.56285095e+00, 1.40801117e-01, 1.44261432e+00, 1.96236730e-01
-2.57475948e+00, 1.53540358e-01, 1.44746661e+00, 1.94768772e-01
-2.54057336e+00, 1.51343584e-01, 1.50228500e+00, 1.96243465e-01
-2.55290008e+00, 1.61273167e-01, 1.50079381e+00, 1.95082799e-01
-2.52894139e+00, 1.15192287e-01, 1.45012951e+00, 1.95699111e-01
-2.54566479e+00, 1.22730605e-01, 1.43624055e+00, 1.93324760e-01
-2.55600595e+00, 1.30901322e-01, 1.43467069e+00, 1.95537865e-01
-2.52256155e+00, 1.20791540e-01, 1.47237837e+00, 1.96355522e-01
-2.52164912e+00, 1.14396147e-01, 1.46116805e+00, 1.91489220e-01
-2.53689647e+00, 1.41615927e-01, 1.48919809e+00, 1.96628779e-01
-2.55455637e+00, 1.39893070e-01, 1.45516455e+00, 1.96653694e-01
-2.52433968e+00, 1.28866687e-01, 1.48544884e+00, 1.96176216e-01
-2.52994609e+00, 1.42849877e-01, 1.50370455e+00, 1.94887802e-01
-2.52194786e+00, 1.33053720e-01, 1.49796557e+00, 1.95058584e-01
-2.56607294e+00, 1.34704053e-01, 1.42483950e+00, 1.33656368e-01
-2.57590342e+00, 1.45746306e-01, 1.42989707e+00, 1.39882877e-01
-2.54100418e+00, 1.59099028e-01, 1.51704955e+00, 1.40114605e-01
-2.52920747e+00, 1.48722544e-01, 1.51672912e+00, 1.45201519e-01
-2.50824428e+00, 1.17609508e-01, 1.49081242e+00, 1.51910067e-01
-2.50837731e+00, 1.10672317e-01, 1.47670782e+00, 1.38987064e-01
-2.58652544e+00, 1.65602311e-01, 1.45121121e+00, 1.33514225e-01
-2.58622742e+00, 1.72387764e-01, 1.46529841e+00, 1.17054507e-01
-2.58214211e+00, 1.76137775e-01, 1.47987413e+00, 1.54363975e-01
-2.57455778e+00, 1.76493004e-01, 1.49372101e+00, 1.24145009e-01
-2.56436634e+00, 1.73395157e-01, 1.50517774e+00, 1.41051769e-01
-2.58296347e+00, 1.56400844e-01, 1.43897772e+00, 1.23481810e-01
-2.55250263e+00, 1.67163804e-01, 1.51326334e+00, 1.21519007e-01
-2.51978707e+00, 1.06297985e-01, 1.44819689e+00, 1.25089526e-01
-2.53010011e+00, 1.09352991e-01, 1.43644381e+00, 1.45538479e-01
-2.51915479e+00, 1.37564749e-01, 1.51182520e+00, 1.36157885e-01
-2.51193357e+00, 1.26822621e-01, 1.50284874e+00, 1.30487859e-01
-2.54196882e+00, 1.15543313e-01, 1.42826760e+00, 1.28401056e-01
-2.55433679e+00, 1.24256760e-01, 1.42427254e+00, 1.33448973e-01
-2.51233864e+00, 1.06783010e-01, 1.46206772e+00, 1.28881514e-01
-2.60523701e+00, 1.37169715e-02, 1.54922867e+00, 8.68983019e-09
-2.55519462e+00, 1.53503835e-01, 1.52027822e+00, 5.16802631e-03
-2.61995792e+00, 1.31378155e-02, 1.54462695e+00, 7.96031063e-09
-2.61140275e+00, 2.71060951e-02, 1.54701889e+00, 9.40536093e-09
-2.58984756e+00, 1.31422402e-02, 1.54917598e+00, 9.87599424e-09
-2.59726596e+00, 2.50637867e-02, 1.54929936e+00, 1.03283506e-08
-2.57521200e+00, 1.32792378e-02, 1.54444027e+00, 1.16728920e-08
-2.58279753e+00, 2.86199041e-02, 1.54714572e+00, 1.29679725e-08
-2.56262016e+00, 1.35851465e-02, 1.53543210e+00, 1.41434988e-08
-2.56724405e+00, 2.64831576e-02, 1.53963578e+00, 1.60204792e-08
-2.63251305e+00, 1.32397609e-02, 1.53578031e+00, 7.57477281e-09
-2.62591672e+00, 2.68960316e-02, 1.53990638e+00, 8.56227800e-09
-2.64179468e+00, 1.33907450e-02, 1.52351487e+00, 7.53355245e-09
-2.63667107e+00, 2.69922279e-02, 1.52945065e+00, 8.30716296e-09
-2.64660811e+00, 1.24838855e-02, 1.51071107e+00, 7.62701546e-09
-2.64448810e+00, 2.69207302e-02, 1.51433325e+00, 8.35786995e-09
-2.56699300e+00, 1.61303580e-01, 1.51388180e+00, 4.57896246e-03
-2.56982255e+00, 1.47821620e-01, 1.52148056e+00, 2.95029371e-04
-2.54278207e+00, 1.44385934e-01, 1.52201009e+00, 4.54646908e-03
-2.55697012e+00, 1.39010474e-01, 1.52601039e+00, 2.95052858e-04
-2.59275794e+00, 1.64751813e-01, 1.47743654e+00, 3.26764584e-03
-2.51787257e+00, 1.13323748e-01, 1.50301683e+00, 5.65013383e-03
-2.57920909e+00, 1.28398672e-01, 1.43147659e+00, 4.43935534e-03
-2.53199482e+00, 1.33702636e-01, 1.51949072e+00, 5.51453186e-03
-2.54567003e+00, 1.29494503e-01, 1.52586007e+00, 3.03229783e-04
-2.52349949e+00, 1.22518681e-01, 1.51282001e+00, 4.92705218e-03
-2.53590822e+00, 1.18620880e-01, 1.52172339e+00, 2.85985705e-04
-2.59501791e+00, 1.59464806e-01, 1.46302950e+00, 4.81125573e-03
-2.57787776e+00, 1.65884674e-01, 1.50401735e+00, 4.86878259e-03
-2.58073664e+00, 1.53622106e-01, 1.51347518e+00, 3.38396581e-04
-2.58669686e+00, 1.67130589e-01, 1.49147868e+00, 3.99430469e-03
-2.59034848e+00, 1.56475708e-01, 1.50242078e+00, 3.19787941e-04
-2.59725261e+00, 1.56901851e-01, 1.48818791e+00, 2.32365084e-04
-2.55399561e+00, 1.07065715e-01, 1.43159950e+00, 4.23811376e-03
-2.55961609e+00, 1.24346092e-01, 1.53051579e+00, 2.47876251e-05
-2.57159328e+00, 1.33831173e-01, 1.52786255e+00, 2.57260072e-05
-2.57271242e+00, 1.19046085e-01, 1.53310120e+00, 3.59545243e-06
-2.54797602e+00, 1.14148423e-01, 1.52846324e+00, 2.55907853e-05
-2.56056261e+00, 1.09771095e-01, 1.53358865e+00, 3.59218097e-06
-2.58364296e+00, 1.40733436e-01, 1.52115881e+00, 3.29634058e-05
-2.58563566e+00, 1.26789242e-01, 1.52810097e+00, 3.79684843e-06
-2.59378552e+00, 1.45656317e-01, 1.51060009e+00, 3.77687065e-05
-2.59580183e+00, 1.32759005e-01, 1.51958776e+00, 4.71235717e-06
-2.60149121e+00, 1.47296160e-01, 1.49775362e+00, 3.41793020e-05
-2.60532808e+00, 1.35542795e-01, 1.50739002e+00, 4.94109145e-06
-2.60665870e+00, 1.45224810e-01, 1.48055196e+00, 3.53998985e-05
-2.61130023e+00, 1.35616347e-01, 1.49351513e+00, 4.70454006e-06
-2.59971023e+00, 1.55417830e-01, 1.47432661e+00, 3.97810392e-04
-2.60292721e+00, 1.46847829e-01, 1.46429431e+00, 2.43326707e-04
-2.59423351e+00, 1.50762871e-01, 1.45046341e+00, 3.87997460e-03
-2.60053515e+00, 1.37787759e-01, 1.45139432e+00, 2.77430168e-04
-2.61009789e+00, 1.33740485e-01, 1.46576941e+00, 2.31408976e-05
-2.61492944e+00, 1.24042638e-01, 1.50443649e+00, 8.55278472e-07
-2.61904240e+00, 1.23230219e-01, 1.48965061e+00, 1.10408564e-06
-2.60646987e+00, 1.23661220e-01, 1.51729882e+00, 7.75851163e-07
-2.62336946e+00, 1.11828074e-01, 1.49946439e+00, 2.22134389e-07
-2.61723208e+00, 1.10161103e-01, 1.51535332e+00, 1.97891069e-07
-2.61402726e+00, 1.32671282e-01, 1.48077643e+00, 5.18895467e-06
-2.59701324e+00, 1.19265981e-01, 1.52717543e+00, 1.08020799e-06
-2.60698080e+00, 1.11964010e-01, 1.52487981e+00, 3.04276881e-07
-2.58473182e+00, 1.13113128e-01, 1.53403926e+00, 9.83984933e-07
-2.59847927e+00, 1.05778612e-01, 1.53289866e+00, 2.47436788e-07
-2.57279944e+00, 1.04852453e-01, 1.53682292e+00, 9.71994268e-07
-2.58684278e+00, 9.83442888e-02, 1.53842568e+00, 2.32120087e-07
-2.56237793e+00, 9.44027603e-02, 1.53605545e+00, 8.24739914e-07
-2.57673287e+00, 9.02511328e-02, 1.54014337e+00, 2.26744518e-07
-2.54974937e+00, 1.00780234e-01, 1.52983272e+00, 3.85087969e-06
-2.53775978e+00, 1.05394810e-01, 1.52186060e+00, 2.02040974e-05
-2.52765250e+00, 1.08930439e-01, 1.51312256e+00, 8.94086406e-05
-2.52356601e+00, 9.96907279e-02, 1.50245118e+00, 3.45068256e-05
-2.54073381e+00, 9.38105062e-02, 1.52260983e+00, 3.26095551e-06
-2.53214407e+00, 9.52788293e-02, 1.51341915e+00, 1.19934184e-05
-2.52974129e+00, 8.47980902e-02, 1.50208807e+00, 2.14591255e-05
-2.53738379e+00, 8.33662376e-02, 1.51579118e+00, 4.86556200e-06
-2.52307963e+00, 9.17373970e-02, 1.48998368e+00, 1.97200920e-04
-2.51562738e+00, 1.05056226e-01, 1.49041939e+00, 6.36456721e-03
-2.54956532e+00, 8.48009214e-02, 1.52902365e+00, 4.30653472e-07
-2.53010941e+00, 7.77730569e-02, 1.48816276e+00, 2.16560802e-05
-2.59041095e+00, 8.40333328e-02, 1.54167962e+00, 8.47356958e-08
-2.57793331e+00, 7.49555454e-02, 1.54258525e+00, 8.20487074e-08
-2.60127640e+00, 9.34927985e-02, 1.53650951e+00, 9.62391269e-08
-2.60498142e+00, 7.86607340e-02, 1.53982878e+00, 4.09168770e-08
-2.61109209e+00, 1.00488722e-01, 1.52809918e+00, 1.17476503e-07
-2.61419892e+00, 8.56123716e-02, 1.53270292e+00, 4.54839864e-08
-2.59219241e+00, 6.87358528e-02, 1.54458177e+00, 3.72961111e-08
-2.56437325e+00, 7.98254907e-02, 1.53787887e+00, 1.83829798e-07
-2.56750989e+00, 6.42703399e-02, 1.53991342e+00, 6.53910277e-08
-2.58031249e+00, 6.00784160e-02, 1.54464185e+00, 3.43544606e-08
-2.55373359e+00, 6.92130998e-02, 1.53100085e+00, 1.39032878e-07
-2.55754447e+00, 5.44149764e-02, 1.53302014e+00, 5.35679092e-08
-2.53588605e+00, 7.05549195e-02, 1.50456452e+00, 1.58288299e-06
-2.62201262e+00, 9.33075249e-02, 1.52146173e+00, 6.05265171e-08
-2.62566924e+00, 7.72071630e-02, 1.52611697e+00, 2.64088591e-08
-2.58988643e+00, 1.40057132e-01, 1.44015849e+00, 3.38161597e-03
-2.59506035e+00, 1.25248596e-01, 1.44162297e+00, 1.44507329e-04
-2.61758256e+00, 7.09991306e-02, 1.53576207e+00, 2.26401795e-08
-2.60618258e+00, 6.34505972e-02, 1.54318631e+00, 2.14269189e-08
-2.62878227e+00, 6.34844229e-02, 1.52858222e+00, 1.63619358e-08
-2.62038016e+00, 5.45639656e-02, 1.53858733e+00, 1.38444411e-08
-2.63476920e+00, 6.89601973e-02, 1.51673853e+00, 1.88959586e-08
-2.63758731e+00, 5.37804104e-02, 1.51971054e+00, 1.24193473e-08
-2.63123155e+00, 8.37556645e-02, 1.51309443e+00, 3.46725493e-08
-2.60744381e+00, 4.99857962e-02, 1.54532361e+00, 1.43566510e-08
-2.61623597e+00, 3.98875959e-02, 1.54369533e+00, 1.07179661e-08
-2.62734675e+00, 9.85886827e-02, 1.50725031e+00, 7.53011236e-08
-2.63370895e+00, 8.75849649e-02, 1.49838901e+00, 4.50146516e-08
-2.63766670e+00, 7.32042417e-02, 1.50337172e+00, 2.28122854e-08
-2.62939262e+00, 1.00243397e-01, 1.49214721e+00, 1.05716637e-07
-2.62436295e+00, 1.11719467e-01, 1.48401546e+00, 3.57739111e-07
-2.61801314e+00, 1.22666687e-01, 1.47487187e+00, 2.07780568e-06
-2.62193012e+00, 1.08574770e-01, 1.46992111e+00, 5.98900670e-07
-2.62781096e+00, 9.95350257e-02, 1.47789025e+00, 1.67148997e-07
-2.63279271e+00, 8.94645080e-02, 1.48573542e+00, 6.10627282e-08
-2.62329364e+00, 9.45650265e-02, 1.46452117e+00, 1.82736670e-07
-2.63082552e+00, 8.47260728e-02, 1.47400761e+00, 6.49253238e-08
-2.61491203e+00, 1.05027415e-01, 1.45662105e+00, 7.04309116e-07
-2.61381841e+00, 1.18196934e-01, 1.46057034e+00, 3.08837275e-06
-2.60540032e+00, 1.13968231e-01, 1.44867778e+00, 9.31984505e-06
-2.60554814e+00, 1.27008855e-01, 1.45285606e+00, 3.52275165e-05
-2.60515118e+00, 9.85699072e-02, 1.44660795e+00, 5.56092743e-07
-2.61559343e+00, 8.95613059e-02, 1.45408094e+00, 1.58250074e-07
-2.59413242e+00, 1.07602865e-01, 1.44002056e+00, 1.33870628e-06
-2.62444639e+00, 7.94800520e-02, 1.46164143e+00, 6.92516906e-08
-2.61394739e+00, 7.42592216e-02, 1.45157480e+00, 8.93026026e-08
-2.63250065e+00, 6.95857108e-02, 1.47063184e+00, 3.38843584e-08
-2.62471557e+00, 6.50870726e-02, 1.45965672e+00, 3.40707516e-08
-2.60359979e+00, 8.44361335e-02, 1.44558537e+00, 2.63066426e-07
-2.59232736e+00, 9.33938920e-02, 1.44018483e+00, 1.89846173e-06
-2.58064270e+00, 1.02173701e-01, 1.43537796e+00, -2.61660807e-05
-2.58395910e+00, 1.15536086e-01, 1.43462110e+00, 2.36872744e-04
-2.59008384e+00, 7.80252740e-02, 1.44172060e+00, 9.00036753e-07
-2.57841611e+00, 8.71114656e-02, 1.43841743e+00, 1.25616443e-05
-2.57583332e+00, 7.23551661e-02, 1.44248617e+00, 3.09720872e-06
-2.58737159e+00, 6.02948777e-02, 1.44462252e+00, 2.77713866e-07
-2.60211539e+00, 6.87644333e-02, 1.44591427e+00, 1.45942025e-07
-2.56392598e+00, 8.23855251e-02, 1.44109607e+00, 1.50765836e-05
-2.56647873e+00, 9.67056155e-02, 1.43525290e+00, 1.25984894e-04
-2.56933212e+00, 1.13989227e-01, 1.43015409e+00, 2.13396084e-03
-2.63679528e+00, 7.58526176e-02, 1.48622692e+00, 3.07389385e-08
-2.63903475e+00, 5.96619770e-02, 1.48102450e+00, 1.85130400e-08
-2.59445524e+00, 5.48320971e-02, 1.54658866e+00, 2.05932889e-08
-2.58275270e+00, 4.50141802e-02, 1.54634547e+00, 1.86397724e-08
-2.59897351e+00, 3.91816497e-02, 1.54815888e+00, 1.27196920e-08
-2.56954741e+00, 4.98189032e-02, 1.54121137e+00, 3.10786739e-08
-2.56130648e+00, 3.94791141e-02, 1.53533244e+00, 2.58901256e-08
-2.57188463e+00, 3.71881127e-02, 1.54256463e+00, 1.94852241e-08
-2.55132556e+00, 4.33568209e-02, 1.52430642e+00, 4.34210037e-08
-2.55568004e+00, 2.67825183e-02, 1.52810121e+00, 2.20403287e-08
-2.54727793e+00, 5.82912751e-02, 1.52181602e+00, 1.26388130e-07
-2.51709437e+00, 9.91811752e-02, 1.47636247e+00, 3.68303899e-03
-2.56121373e+00, 6.65879548e-02, 1.44876730e+00, 5.51159837e-06
-2.57247519e+00, 5.57073131e-02, 1.44804192e+00, 1.07113806e-06
-2.52640533e+00, 8.69899392e-02, 1.47174180e+00, 2.62650283e-04
-2.64086938e+00, 5.85119911e-02, 1.50708115e+00, 1.44494425e-08
-2.64334750e+00, 4.35688682e-02, 1.50976896e+00, 1.03942099e-08
-2.63841414e+00, 4.05002199e-02, 1.52352726e+00, 9.74110748e-09
-2.64370561e+00, 4.89261895e-02, 1.49535620e+00, 1.23730617e-08
-2.64603567e+00, 3.36860567e-02, 1.49796486e+00, 9.63175051e-09
-2.64071083e+00, 6.35673851e-02, 1.49425757e+00, 1.84276754e-08
-2.62946773e+00, 4.03296053e-02, 1.53477407e+00, 9.93583882e-09
-2.63178062e+00, 5.08904755e-02, 1.52957368e+00, 1.18557795e-08
-2.64307308e+00, 3.87818329e-02, 1.48370957e+00, 1.14000338e-08
-2.64526320e+00, 2.34710779e-02, 1.48613250e+00, 9.10804321e-09
-2.64752865e+00, 1.75287370e-02, 1.49984097e+00, 8.10353828e-09
-2.64672446e+00, 1.00100543e-02, 1.48914790e+00, 8.15759194e-09
-2.63907862e+00, 2.84533091e-02, 1.47287500e+00, 1.07041247e-08
-2.64222598e+00, 1.33218067e-02, 1.47698390e+00, 8.86713813e-09
-2.63619351e+00, 4.37262021e-02, 1.47050703e+00, 1.45421524e-08
-2.63276958e+00, 1.54088344e-02, 1.46418822e+00, 1.00905471e-08
-2.62936282e+00, 3.34266983e-02, 1.46163630e+00, 1.33473739e-08
-2.54766560e+00, 3.27406339e-02, 1.51369655e+00, 4.13893311e-08
-2.54980254e+00, 1.55413924e-02, 1.51480508e+00, 2.91874951e-08
-2.54414940e+00, 4.78149205e-02, 1.51105344e+00, 1.06401110e-07
-2.54699087e+00, 2.02465057e-02, 1.50145280e+00, 8.29966922e-08
-2.54410768e+00, 3.78362313e-02, 1.49928784e+00, 1.48598573e-07
-2.62484527e+00, 5.00037484e-02, 1.45857084e+00, 2.08724078e-08
-2.63247514e+00, 5.79234511e-02, 1.46763921e+00, 2.18196909e-08
-2.61705923e+00, 3.77336144e-02, 1.45334578e+00, 1.84152125e-08
-2.62020016e+00, 2.23980639e-02, 1.45508564e+00, 1.32721230e-08
-2.61305141e+00, 4.91947755e-02, 1.45121360e+00, 2.92486195e-08
-2.55043674e+00, 7.91925192e-02, 1.44818282e+00, 1.94224085e-05
-2.54998732e+00, 9.31243226e-02, 1.43994117e+00, 2.83016241e-04
-2.54113674e+00, 6.05795756e-02, 1.51104879e+00, 3.48777263e-07
-2.53970003e+00, 5.47414310e-02, 1.49803698e+00, 3.55756129e-07
-2.54306579e+00, 7.10125118e-02, 1.51948941e+00, 5.19450907e-07
-2.54391026e+00, 4.37166505e-02, 1.48506439e+00, 6.66005633e-07
-2.54711080e+00, 2.85365414e-02, 1.48700798e+00, 3.60231269e-07
-2.53936672e+00, 5.84588274e-02, 1.48234916e+00, 2.31426066e-06
-2.55055475e+00, 3.56134176e-02, 1.47375357e+00, 9.73198325e-07
-2.55327129e+00, 1.77303236e-02, 1.47553062e+00, 5.72114232e-07
-2.54679942e+00, 5.05994782e-02, 1.47124135e+00, 2.24450741e-06
-2.55984902e+00, 2.83473451e-02, 1.46387029e+00, 9.15657665e-07
-2.55686784e+00, 4.35870290e-02, 1.46175587e+00, 1.75961713e-06
-2.56208563e+00, 1.28613422e-02, 1.46453428e+00, 5.99912198e-07
-2.55296683e+00, 5.70510551e-02, 1.45918238e+00, 4.36882738e-06
-2.57033467e+00, 2.06333846e-02, 1.45694733e+00, 4.76324772e-07
-2.56877756e+00, 3.92512381e-02, 1.45418549e+00, 8.68853363e-07
-2.54154420e+00, 6.51305318e-02, 1.46817183e+00, 8.19449542e-06
-2.56382084e+00, 5.22999838e-02, 1.45303941e+00, 1.85793999e-06
-2.60671759e+00, 1.36579238e-02, 1.45057702e+00, 1.86497395e-08
-2.60234714e+00, 5.30704446e-02, 1.44734013e+00, 6.38794830e-08
-2.59152436e+00, 1.48043679e-02, 1.45003748e+00, 6.93780109e-08
-2.54258347e+00, 1.03563838e-01, 1.43588924e+00, 6.47964934e-03
-2.54888439e+00, 1.30129252e-02, 1.48843253e+00, 2.08397253e-07
-2.61397028e+00, 6.03020117e-02, 1.45145655e+00, 4.58447893e-08
-2.60501504e+00, 3.93385701e-02, 1.44901991e+00, 3.61469539e-08
-2.59118819e+00, 4.27073985e-02, 1.44737482e+00, 1.02878609e-07
-2.60942984e+00, 2.82097384e-02, 1.45070672e+00, 1.98911341e-08
-2.59722090e+00, 2.80545838e-02, 1.44888651e+00, 4.30239631e-08
-2.58271337e+00, 2.93488074e-02, 1.45042133e+00, 1.98819507e-07
-2.57864881e+00, 4.54165675e-02, 1.44875503e+00, 3.99005160e-07
-2.58118916e+00, 1.43971490e-02, 1.45242274e+00, 2.04545614e-07
-2.62271810e+00, 9.41452477e-03, 1.45649242e+00, 1.14101546e-08
-2.55518579e+00, 1.16401762e-02, 1.52605414e+00, 1.73877321e-08
-2.53544831e+00, 6.58978000e-02, 1.49099100e+00, 2.23257985e-06
-2.53426290e+00, 9.81119871e-02, 1.44450152e+00, 5.35452319e-03
-2.53971028e+00, 8.83944482e-02, 1.44908047e+00, 4.67896782e-04
-2.52942777e+00, 9.19796675e-02, 1.45620990e+00, 2.15961458e-03
-2.53849316e+00, 7.90455192e-02, 1.45894885e+00, 1.04567873e-04
-2.54886222e+00, 6.80720061e-02, 1.45647585e+00, 1.24635362e-05
-2.52049685e+00, 9.78175625e-02, 1.46301711e+00, 7.12115597e-03
-2.53534007e+00, 6.85535595e-02, 1.48004353e+00, 6.94884693e-06
-2.53362346e+00, 7.52913952e-02, 1.47288620e+00, 2.98561044e-05
