0.741818488,0.791966915,1.48964429,0.000240197158
0.740177214,0.591637313,1.75193703,0.000161815071
0.752306879,0.577896953,2.01701784,0.000131234687
0.999629676,0.669946551,1.62314487,0.00113266939
1.04616416,0.831257164,1.30957603,0.000208703423
0.789565921,0.898817956,1.73112273,0.00143540045
0.921356142,0.697980106,1.88408613,0.00211115135
1.13363802,0.646725595,1.45440328,0.000273058977
1.11925924,0.552196205,1.85883236,0.0021361683
0.919174612,0.502459705,1.95690262,0.000445199577
1.5662055,0.887446642,1.62689435,0.000137281299
1.5476141,0.744020462,1.71300685,0.000104539955
1.0235213,0.662665069,2.02816987,0.00378934527
1.36479819,0.562467873,1.93795788,0.00222767214
1.2907666,0.656971872,1.75797248,0.00163234351
1.2989881,0.896153569,1.40919411,0.000447083556
0.74219507,0.765526414,1.90987778,0.000596020895
0.906132162,0.566266894,2.14971972,0.000289942487
1.06373143,0.527822495,2.08208466,0.00325322826
1.04363227,0.550284088,2.27378082,0.00102883216
0.85482657,0.771705627,2.12324262,0.000767207996
1.3077873,0.785993695,1.60471356,0.00127496745
1.2040199,0.667465627,1.98914683,0.00704475585
1.10481262,0.827706814,1.8249383,0.00441160006
1.45537055,0.699249744,1.88256657,0.0007162572
1.58769405,0.968121111,1.84379852,0.000102282444
1.17887247,0.50304085,2.1948998,0.00853460003
1.2929194,0.832847416,1.89749873,0.00400512479
1.42135525,0.679099739,2.05887461,0.00301894033
1.07718432,0.938115358,1.58794212,0.00220510713
0.993443847,0.72331512,2.20809531,0.00111227855
1.5477525,0.583987296,2.09341359,0.000199344679
1.27224147,0.799383044,2.11557436,0.00509996386
1.17592251,0.66611439,2.15015531,0.00822564214
1.03129625,0.868330836,2.08389044,0.00377352582
1.28492522,0.568957686,2.08921003,0.00917545427
1.45891154,0.855558634,2.01241326,0.00101020467
1.43110275,0.867682099,1.81534123,0.000995358452
1.32830346,0.671792507,2.22330952,0.00636913441
0.947334945,0.880988061,2.30144119,0.00018093556
1.1347928,0.826998293,2.26592994,0.00115602266
1.18770385,0.594768047,2.30114484,0.00502269715
1.41700602,0.550610423,2.07839274,0.00304811425
1.07720923,0.540744483,2.38118505,0.000131265013
1.4071188,0.553632081,2.19961596,0.00622179126
1.19138849,0.736021936,2.43076253,0.000156446098
1.26766407,0.510192513,2.31764245,0.010325863
1.44616532,0.803558528,2.20078564,0.000752031163
1.51212585,0.657634318,2.21408987,0.000584248279
1.30650187,0.850319207,2.30339122,0.000539959932
1.30227971,0.522904098,2.20846152,0.0132382317
1.2921592,0.611944377,2.37797165,0.00211059535
1.19776964,0.550465405,2.40636182,0.000927489367
1.23856664,0.722784758,2.29410934,0.00258531398
1.37015903,0.701809108,2.38270402,0.000370511494
1.45597517,0.565630317,2.35157824,0.000867246243
1.36536372,0.55514437,2.38601494,0.00327933137
1.39920104,0.620129526,2.29656506,0.00383740035
1.43882811,0.527339101,2.42371368,0.000369007699
1.10378242,0.657738626,2.25898027,0.00282258959
1.10833263,0.6092273,2.37791657,0.000288430485
0.801180407625,0.99414993,1.6793971487500001,0.001030492261875
0.71838310375,0.8362624635,1.648760585,0.00048835701025
0.7301007958750001,0.81411468925,1.5692024375,0.000364277084125
0.7256478071666667,0.7547207466666667,1.6831527333333334,0.00027066238408333335
0.7329125105833334,0.6731790298333333,1.7175448816666665,0.00037950969716666667
0.6795789998333334,0.9117175323333333,1.6399531533333334,0.00024012924475
0.6407748959166667,0.9871726011666666,1.631145721666667,0.0003642431275
0.8517700300000001,0.95085556725,1.4626193324999999,0.00025091024150000003
0.7967942590000001,0.871411241125,1.47613181125,0.00024555369975000005
0.9165680733333335,0.9109894328333334,1.4116048983333331,0.0002227723625
0.9813661166666667,0.8711232984166668,1.3605904641666666,0.00023684130200000004
0.7685036173333334,0.9881129348333333,1.515858985,0.00016098032183333333
0.78762047025,0.96774576525,1.5680060075,0.00055758449825
0.764719479125,0.879856340125,1.52882514875,0.00039889082812500005
0.7885931956250001,0.933281860625,1.6495643687500001,0.000996492474125
0.86268223825,0.7145954815,1.74757269,0.00121025906525
0.931155957125,0.69227101625,1.68535878,0.0011714642276250001
0.8014297261250001,0.65311639725,1.74975486,0.000686037068125
0.826124079625,0.80670671875,1.73934771,0.001322829757625
0.81779782475,0.7380921837500001,1.64896223,0.00074252051725
0.908713750375,0.704019367375,1.63605355,0.000937594953625
0.779808156375,0.7650295493750001,1.5693032599999999,0.000491358837625
0.778987519375,0.6648647483750001,1.70044963,0.000452167794125
0.8036818728749999,0.818455069875,1.69004248,0.001088960483625
0.882773042,0.552616462,1.8368084425,0.00070582578175
0.902064592,0.6252982840000001,1.8604472862499999,0.001408488565875
0.811475128,0.5721268875000001,1.79437273625,0.000433820426375
0.902886808,0.5944881735,1.753369005,0.0008776932350000001
0.926635504,0.50643844875,1.7538384974999999,0.0004914151820000001
0.951258242,0.63221736225,1.6882569374999998,0.0010051813125
0.912121475,0.64623413975,1.8187275674999999,0.0014944222925
0.821532011,0.59306274325,1.7526530175,0.000519754153
0.8580023944999999,0.61798487575,1.654758545,0.000409954687
0.90419329725,0.518186799875,1.7045332675,0.000257545908
0.9288160352499999,0.6439657133750001,1.6389517075,0.0007713120385
0.8192744256666666,0.6759788888333333,1.59972046,0.000296783001
0.7805464568333333,0.7339729019166668,1.5446823749999998,0.000353368844
0.79908980425,0.604811094375,1.7033477874999998,0.000285884879
1.4143341775,0.740556605,1.5958271299999998,0.00020204624375
1.375885485,0.7924222596666666,1.5336161233333332,0.00036540445191666663
1.3374367925000001,0.8442879143333333,1.4714051166666666,0.0002837253478333333
1.4809741387500002,0.7422885335,1.6544169899999999,0.000153293099375
1.371882885625,0.6640688905,1.6054236499999996,0.0001399716846875
1.3294315937499999,0.587581176,1.6150201699999998,0.000160663204375
1.286980301875,0.5110934615,1.6246166899999999,0.0001813547240625
1.49026983875,0.8140016235,1.6113607399999998,0.000169663771375
1.43014875,0.828403592,1.5884522175,0.000490968065
1.364568425,0.8622785805,1.49882316375,0.0004690258105
1.4888814250000002,0.786212027,1.6507295337499999,0.00029775401
1.498177125,0.857925117,1.60767328375,0.00031412468200000003
1.2747904433333332,0.9636024734166666,1.4528070975,0.0006124869646666666
1.3313264674999998,0.9685614408750001,1.499360545,0.000533455647
1.43117839,0.9897950891666667,1.6019827699999998,0.00029813011200000006
1.4986919449999998,0.9386208655833334,1.61443856,0.00045897892500000007
1.3743204475,0.902574659,1.5806455899999998,0.0008526586437500001
1.3493106687499998,0.9716396945000001,1.631212965,0.0012019804568750001
1.33665427375,0.8993641139999999,1.49491985,0.000649871099875
1.47026297375,0.8950106505,1.6037699699999999,0.000494969971375
1.53689427625,0.965308733875,1.69172987125,0.000305642378375
1.5197872508333332,0.9703089698333334,1.6531547475,0.0004019896353333333
1.0820452265,0.54241665425,1.6165173375,0.00040753641525
1.1078416232500001,0.5945711246250001,1.5354603087499998,0.000340297696125
1.04083745125,0.606181602625,1.61983110375,0.000770102902625
0.9803125859999999,0.7349740562500001,1.4691921175,0.000463657237
1.056975303,0.6908498256250001,1.4617976987499999,0.000368358107
0.9899711309999999,0.7024603036250001,1.54616849375,0.0007981633135
0.861065537,0.7634704856250001,1.4794182037499999,0.0003519271975
1.013238373,0.7831156101250001,1.38938407375,0.00033618033
0.9680012170000001,0.6720845995000001,1.5019828975,0.00020677417175000003
1.0508196185,0.6594050972500001,1.4781930887499999,0.00023991657437500002
0.9635969627500001,0.6086606306250001,1.5650641706250001,0.0001305463896875
0.9591927085,0.5452366617500001,1.62814544375,0.00015595565037500002
0.8926069740000001,0.7120453713333335,1.4978700283333333,0.00022905616258333335
0.8172127310000001,0.7520061431666667,1.4937571591666665,0.0002179151671666667
0.9940555313333335,0.7251421210000001,1.437847275,0.00020806033925
1.0201098456666666,0.7781996425000001,1.3737116525,0.0002074172555
0.956367596,0.63175694625,1.5803751075,0.00043776566349999996
1.045002808,0.639241270625,1.5173891937500001,0.00035541232024999996
0.9543731306666667,0.5606342055,1.6383527350000002,0.00021601330716666665
0.8848512266666667,0.6851602691666667,1.5501315016666668,0.00030605332650000003
0.8133348573333334,0.7385635920833333,1.5198878958333335,0.000371909495
1.3083921075,0.65283637475,1.6015842249999999,0.00044296163675
1.22101506375,0.649780984875,1.5279937525,0.000358010306875
1.3881327716666667,0.6832310705,1.6387250999999998,0.00021734718224999998
1.4678734358333334,0.7136257662500001,1.675865975,0.0003301544095
1.27646055875,0.543721060875,1.6178987175,0.000281120900875
1.3061923075,0.68037634325,1.5527043625,0.00023599066325000003
1.21991516375,0.663550969125,1.5035538212500001,0.00025452482012500003
1.303790905,0.7523020851666666,1.5048676116666668,0.00037671925841666667
1.3013895025,0.8242278270833333,1.4570308608333336,0.00030635496083333336
1.3866662383333332,0.7015910495,1.606138525,0.00014835685775
1.4671401691666666,0.7228057557500001,1.6595726875,0.00019217376050000002
1.285637875,0.5984528111666667,1.5798739783333335,0.00015818366441666668
1.2650834425,0.5165292790833333,1.6070435941666668,0.00019708716383333335
1.32200688,0.76822333025,1.5453294499999999,0.0005249124845
1.2278224500000001,0.707474462625,1.499866365,0.00039898573075000004
1.31049749,0.832188449625,1.47726178,0.00048599802025
1.3972092866666666,0.7601557075,1.6012219166666668,0.0002446641315
1.4724116933333333,0.75208808475,1.6571143833333335,0.00038478830799999996
0.970573412,0.91972748925,1.4540202899999999,0.0007731831834999999
1.023878866,0.9289214236250001,1.520981205,0.00148914515675
0.8943217706666667,0.8771406311666667,1.4658949566666666,0.00041785916649999996
0.8180701293333335,0.8345537730833334,1.4777696233333333,0.0005955211749999998
1.0083687860000001,0.8754923266250001,1.3817981599999998,0.00049094330325
0.966199161,0.807821497,1.5025768275,0.0009466692752499999
1.0216917405000001,0.8729684275,1.5452594737499998,0.0015758882026249998
0.9829144185,0.7388840240000001,1.56286084875,0.001039669332625
0.8540088245,0.799894206,1.4961105587499999,0.0005934332166249999
1.0061816605,0.8195393305,1.40607642875,0.000577686349125
1.109865815,0.9457741527500001,1.4339077449999997,0.0008249047829999999
1.0935250675,0.941944755375,1.5109249324999998,0.0015150059565
1.2044269575,0.920963860875,1.4215509274999998,0.0006359941694999999
1.0780149875,0.888515658375,1.3717418874999998,0.000516804103
1.064154044,0.7715111670000001,1.4937665749999998,0.0009548847299999999
1.070669182,0.8548132625,1.5408543474999998,0.00157999593
1.03189186,0.720728859,1.5584557224999998,0.0010437770599999998
1.055159102,0.8013841655,1.4016713024999998,0.0005817940765
1.129559829,0.7601952997500001,1.5675509575,0.00122145073675
1.1033720745,0.849155328875,1.57774653875,0.001713278933375
1.1315989245,0.7034604473750001,1.51097711875,0.000747254856875
1.2186735645,0.773094497375,1.58613225875,0.0012482090933750001
1.0645947525,0.715070925375,1.59534791375,0.0011770600633749999
0.90642385225,0.93661768725,1.559406965,0.00107985744025
0.9918040861249999,0.9373665226250001,1.5736745425,0.0016424822851249998
0.824121170125,0.8642923011250001,1.5245256275,0.0006600272991249999
0.847994886625,0.917717821625,1.6452648475,0.001257628945125
0.90204960125,0.824711695,1.6079635025,0.001253343532
0.989616960625,0.8814135265,1.5979528112499999,0.001729225331
0.950839638625,0.747329123,1.61555418625,0.0011930064609999998
0.8219340446250001,0.8083393050000001,1.54880389625,0.0007467703449999999
0.845807761125,0.8617648255,1.66954311625,0.001344371991
1.13899365,0.8280629215,1.440278885,0.0007834882714999999
1.108088985,0.88308913975,1.5141105025,0.00149429770075
1.136315835,0.73739425825,1.4473410825,0.00052827362425
1.218990875,0.86210824525,1.4247364975,0.00061528591375
1.0925789049999999,0.82966004275,1.3749274575,0.00049609584725
1.204399435,0.81674705425,1.5140632675,0.00105005427825
1.1407918774999999,0.877431206125,1.55100269375,0.001627580704125
1.1690187275000001,0.731736324625,1.4842332737500001,0.000661556627625
1.2516937675,0.856450311625,1.46162868875,0.000748568917125
1.1793999975,0.99813604425,1.5269588225000001,0.00116055449475
1.23919404875,0.947144806625,1.46807646625,0.000803819025375
1.2520651525,0.915241838,1.5709075325000001,0.0013696151014999998
1.16462473625,0.9266785980000001,1.57942482625,0.0017873611157499998
1.28818302125,0.977973284,1.62634393625,0.00146045868575
1.27552662625,0.9056977035,1.49005082125,0.0009083493287499999
1.004391298125,0.998234592,1.6035073225,0.0016764820728749998
0.860582098625,0.978585891,1.6750976275,0.001291628732875
1.0784505315000001,0.51878430675,1.7176246075,0.000873313746
1.0988548857500002,0.535490255875,1.78822848375,0.0015047410229999999
1.03904010375,0.594365428875,1.67038473875,0.0010029915679999999
0.9976573145000001,0.5846278965,1.7800928375,0.00137128154225
0.97402075725,0.50150831025,1.76720041375,0.000738209335625
0.9986434952500001,0.62728722375,1.7016188537499999,0.001251975466125
0.95950672825,0.64130400125,1.83208948375,0.0017412164461249999
0.9775435485,0.542756185,1.863532275,0.0011994140889999999
0.94944984525,0.6203681455000001,1.8738092025,0.0016552827194999998
1.2035212825,0.89813014925,1.67484358,0.0023607442275000003
1.15416695125,0.862918481625,1.74989094,0.00338617214375
1.14035280125,0.9181227536250001,1.6313928500000001,0.00228292567875
1.2639110862499998,0.969417439625,1.67831196,0.00195602324875
1.25565429125,0.8420619221250001,1.63977857,0.0018178558387500002
1.0362644195000001,0.6869574190000001,1.7977504149999999,0.002447897275
1.07053851975,0.7573321165,1.8113443575,0.0034297486674999995
1.07776182975,0.619576812,1.8282913875,0.0022920327875
1.0179470477500001,0.678451985,1.7104476425,0.0017902833325
1.1223534789999998,0.8054406045,1.6601847124999998,0.0022560860074999998
1.1135830494999999,0.8165737092500001,1.74256150625,0.0033338430337499997
1.0997688995,0.87177798125,1.6240634162499998,0.00223059656875
1.2150703895,0.79571714975,1.63244913625,0.00176552672875
1.0609915774999998,0.73769357775,1.6416647912499998,0.0016943776987499999
0.9538410897499999,0.77361285675,1.7658230075,0.0022727053125
1.0293268548749999,0.8006598353750001,1.79538065375,0.0033421526862499997
0.976735382875,0.721779703875,1.69448393875,0.00170268735125
0.871703505375,0.836215406375,1.74847286875,0.0018540528812500002
0.99279813425,0.83364666975,1.691787005,0.0022961942575
1.0488053771249999,0.8306767418750001,1.7583626524999998,0.00335389715875
1.034991227125,0.885881013875,1.6398645625,0.00225065069375
0.996213905125,0.751796610375,1.6574659375,0.00171443182375
0.891182027625,0.866232312875,1.7114548675,0.00186579735375
0.71847724925,0.82965233825,1.7538189575,0.0005773129445
0.730336159625,0.7975893761249999,1.83184836875,0.0005866669197499999
0.729327231625,0.710644825625,1.7528779937499999,0.00036956400775
0.6796417635,0.9073107821666666,1.7099920683333334,0.00026978122283333335
0.64080627775,0.9849692260833334,1.6661651791666667,0.00042354708366666667
0.7983235867499999,0.73849044725,1.8192559175,0.0010760969415
0.769250400375,0.665063880125,1.78559647375,0.00061895600625
0.793944753875,0.818654201625,1.77518932375,0.00125574869575
1.557581425,0.6897398499999999,2.168007585,0.00014508962724999998
1.555283308,0.6130179798,2.22189348,0.00021594107185
1.5529851909999999,0.5362961096,2.275779375,0.00019822821069999998
1.5553860275,0.60949937,2.2261740541666666,0.000140243532875
1.55319063,0.5292588899999999,2.2843405233333334,0.00014121275174999997
1.5568029028571426,0.7735499885714284,2.125976267142857,0.00011085379075
1.5560243807142857,0.857360127142857,2.083944949285714,0.0001165597635
1.5552458585714284,0.9411702657142857,2.0419136314285713,0.00012226573625
1.5651095812499998,0.7593351652499999,2.08695531875,0.00011298423981249999
1.5726377375,0.8289304805,2.0059030525,0.000123686035625
1.5801658937500003,0.89852579575,1.92485078625,0.00013438783143749998
1.5650249339285713,0.5736876274285714,2.190339052142857,0.00012154818492857142
1.569558757142857,0.6525743241428572,2.1210309457142857,0.00013118105539285715
1.574092580357143,0.7314610208571428,2.0517228392857145,0.00014081392585714285
1.5786264035714286,0.8103477175714285,1.9824147328571429,0.00015044679632142857
1.5831602267857143,0.8892344142857144,1.9131066264285714,0.0001600796667857143
1.2399486925,0.50838302075,1.9070954924999999,0.00209642077925
1.4138402675,0.6141796185,1.8403519975,0.0008431845155
1.3507092487499999,0.53258000675,1.83411434375,0.00058372664125
1.48072718375,0.67910004025,1.77667942375,0.00047386223525
1.4787048562499998,0.946011878875,1.9637116025,0.000788363389
1.4537728641666665,0.9432212513333333,1.9963092583333335,0.0007469572783333333
1.1653953499999998,0.9949494005000001,1.72913155,0.00257489676
1.1351039849999998,0.9113281072500001,1.777034925,0.00349324841
1.1212898349999998,0.96653237925,1.658536835,0.0023900019450000002
0.70916248875,0.7494220875,1.8252927349999999,0.00025127150375
0.7235439521666667,0.6922470426666667,1.8892011033333334,0.00017124695925000002
0.7379254155833334,0.6350719978333333,1.9531094716666666,0.00021125923150000001
0.7246698513750001,0.6705297002499999,1.7886148825,0.000206543287375
0.6823645645624999,0.8277234831249999,1.77455412375,0.0001498293974375
0.655566640375,0.9060248787499999,1.7238155124999999,0.000183643432875
0.6287687161875001,0.9843262743749999,1.67307690125,0.0002174574683125
0.840469390875,0.521295219875,2.00755593,0.0001893434675
0.8332537117500001,0.59249351925,1.902485905,0.00071235017125
0.786715462875,0.5920654161250001,1.8272114675,0.000437082621125
0.78900882625,0.6582601965,1.8907296949999999,0.00075005550075
0.7706578526250001,0.6180785747499999,1.9538737674999997,0.000440645093875
0.764593020125,0.62494875475,1.8213333624999999,0.000455935285875
0.8254696279375001,0.522604176125,2.0375279925000003,0.00012224179681250003
0.84051072625,0.52259567375,1.87004137,0.00021084661600000003
0.796408802625,0.550246313375,1.943529605,0.00017104065150000001
0.790343970125,0.557116493375,1.8109891999999999,0.0001863308435
0.8297912108750001,0.525733959125,1.96771866,0.000184406431
0.8265868325833334,0.5225530020833333,2.0087381691666666,0.00015113107300000002
0.8337056192500001,0.5195938425833333,2.0352963491666665,0.00015771378833333332
0.9597857894999999,0.9989328283333334,1.6944586999999998,0.0020291966275
1.01848505475,0.9685240931666668,1.6412004099999997,0.001853286125
0.845326222625,0.96407975975,1.73941986,0.00155638803625
1.0489615255,0.9913951551666667,1.6487623024999998,0.0019693156466666665
0.9277035887499999,0.8565065865000001,1.845910935,0.0026287378275000003
0.911391630375,0.92901402825,1.8947037574999999,0.0025927686387500004
1.0162581043749999,0.84210670025,1.8354246175,0.0035201689437499998
0.924529865375,0.7772433462500001,1.8649985325,0.00236994458875
0.858634754875,0.8776622712500001,1.7885168325,0.0020320691387500003
0.83704920125,0.8409614864999999,1.867145805,0.0016748430362499998
0.8660644366250001,0.9212414782499999,1.9053211925,0.002115821243125
0.8792026716250001,0.76947079625,1.8756159675,0.001892997193125
0.813307561125,0.86988972125,1.7991342675,0.001555121743125
0.96666063325,0.9165403995000001,1.7718749325,0.0026522267725
0.9308701526250001,0.95903093475,1.85768575625,0.00260451311125
1.0357366266249999,0.87212360675,1.7984066162499999,0.00353191341625
1.021922476625,0.9273278787500001,1.67990852625,0.00242866695125
0.878113277125,0.9076791777500001,1.7514988312500002,0.00204381361125
1.0580900455,0.9851535855,1.79456061,0.0028262710549999998
0.97658485875,0.99333752775,1.869028595,0.0026915352525
1.08145133275,0.9064301997499999,1.809749455,0.0036189355574999995
1.06763718275,0.96163447175,1.6912513649999998,0.0025156890924999996
1.54504636,0.520385553,2.32907045,0.00014817574825
1.5458336277777778,0.6043883604444444,2.2784835511111114,0.00010992869913888888
1.5466208955555554,0.6883911678888888,2.2278966522222223,0.00011470958027777779
1.5474081633333334,0.7723939753333333,2.1773097533333337,0.00011949046141666666
1.548195431111111,0.8563967827777778,2.1267228544444445,0.00012427134255555555
1.5489826988888886,0.9403995902222221,2.0761359555555554,0.00012905222369444445
1.5603702375,0.73445416975,1.8705940525,0.00012108504625
1.5569697479166666,0.668416552125,1.9419411254166667,0.00013704458020833332
1.5535692583333334,0.6023789345,2.0132881983333335,0.00013385267341666667
1.5501687687499999,0.536341316875,2.0846352712500003,0.000130660766625
1.55399216875,0.7392373158750001,1.7918004512499999,0.00011281250062500001
1.5623153249999997,0.7854516604999999,1.7893608183333334,0.00013188254808333333
1.5642604125,0.83644915125,1.7081275841666665,0.00012648379716666665
1.57403214375,0.851287640375,1.85719628625,0.000111683745125
1.4631774125,0.8212857245,1.6899889975,0.000628036789
1.38548235625,0.8036397097500001,1.64735127875,0.0009515021195000001
1.40734911,0.8954567915,1.6821823699999998,0.0009897273677499999
1.365825,0.96808076075,1.681981355,0.0012705148188749999
1.357568205,0.8407252432500001,1.643447965,0.001132347408875
1.486777305,0.89145171675,1.6545383599999999,0.000563504333375
1.5054453625000002,0.8197683539999999,1.8136782925000001,0.00047960951275
1.5465697062500001,0.8939447325,1.82873840625,0.00029094597837499997
1.434588255,0.9805694675,1.8177399324999999,0.0009243491665
1.5111411525,0.97434528925,1.83076922625,0.00051331580525
1.5331541,0.8668175785,1.7497602374999999,0.00033486553749999997
1.4773257974999998,0.9409886454999999,1.74195361,0.0006965561162499999
1.4008133437499999,0.99084668775,1.711866975,0.001123929193125
1.5217656487499998,0.91421764375,1.68442398,0.000416918707625
1.53250992375,0.95455487825,1.792876065,0.00039941928012499994
1.4832697224999998,0.8476528969999999,1.888529895,0.0007060256915
1.46932013625,0.7734513205,1.8855482325000001,0.00071114144575
1.53548188625,0.907887004,1.8661642075,0.00040415406775000005
1.4682409174999997,0.9342829435,1.9003981625000002,0.0007890747664999999
1.2574550525,0.8718131637500001,1.7522327325,0.0028107486425000003
1.27518722625,0.852330289875,1.82486573125,0.00340793671625
1.18113383625,0.849759988875,1.78858551625,0.00361117435125
1.29087797125,0.956258946875,1.71700653625,0.00218102545625
1.28262117625,0.8289034293750001,1.67847314625,0.00204285804625
1.339027585,0.8818069850000001,1.749833465,0.0019566882405
1.3159734925,0.8573272005000001,1.8236660974999999,0.00298090651525
1.3316642375,0.9612558575000001,1.7158069025,0.00175399525525
1.3234074425,0.83390034,1.6772735125,0.00161582784525
1.4095760599999998,0.8138344732499999,1.9019549475000002,0.0016817362779999998
1.3608945924999998,0.94675104375,1.831164985,0.001900059753
1.3425977412499999,0.993727886875,1.7564726625,0.0017256810115
1.3945472549999998,0.90046451975,1.9138232150000003,0.001764785353
1.2868305150000001,0.51026686275,2.0044542549999997,0.0042741919175
1.5346077999999999,0.7488446532499999,1.8831963825,0.00028060606949999997
1.5389893666666665,0.6938922008333333,1.953268785,0.00022643180916666667
1.5433709333333332,0.6389397484166667,2.0233411875,0.00025351893933333333
1.54111095,0.7464325576249999,1.7981016162499999,0.00019257301224999998
1.561150925,0.8584828821249999,1.86349745125,0.00019144425674999998
1.5557569875000001,0.65858933325,1.9872238625,0.00013660089125
1.551809565625,0.5784991159375,2.065087019375,0.0001393275880625
1.5530426916666666,0.6870663761666667,1.8958181916666668,0.00011522693375
1.5503283958333334,0.7155434190833334,1.8044125208333335,0.0001259139125
1.566402675,0.7617665925,1.939415415,0.00011372192641666666
1.5770483625,0.86494385175,1.8916069675,0.00012516140883333333
1.51243216,0.7767291962499999,1.9580479849999999,0.00050702224825
1.53009233,0.680358246125,2.0257307874999997,0.000353183463625
1.550063105,0.872425153625,1.9009232525,0.00030465234612499995
1.5553761725,0.5491168425,2.168331415,0.00016887938575
1.561839748,0.6329176962,2.103424836,0.00011560183234999999
1.5683033235,0.7167185499,2.038518257,0.0001289212207
1.574766899,0.8005194036000001,1.973611678,0.00014224060905000002
1.5812304744999999,0.8843202573,1.908705099,0.0001555599974
1.3953323700000002,0.6378056182499999,1.7953556475,0.0006943523580000001
1.3414553000000002,0.544393006625,1.81161616875,0.0005093105625
1.4714732350000002,0.690913040125,1.7541812487500001,0.00039944615650000005
1.3943176875,0.763667032,1.72275853,0.00100180234175
1.34254214375,0.710319452,1.740365505,0.001317072925875
1.47096589375,0.753843747,1.71788269,0.000553171148375
1.4312135000000001,0.74198104425,1.7922217825,0.0008621247792500001
1.36099005,0.6994764581249999,1.77509713125,0.001247234144625
1.3476742524999998,0.655397944,1.6774765249999999,0.0007827827700000001
1.32773077625,0.7206958195,1.6410950425,0.00102887511
1.4476441762499999,0.6997092030000001,1.6952416874999998,0.00044366136250000005
1.29610163125,0.5450018455,1.6558448675,0.00045103146750000004
1.3426219849999999,0.571644619,1.7332673075000002,0.00054510809925
1.3151001075,0.511312507,1.7805719987500002,0.000434688433125
1.4109526899999998,0.6291032333333333,1.726513821666667,0.0002513960030833333
1.479283395,0.6865618476666667,1.7197603358333335,0.00039825205116666664
1.2935754975,0.503125183,1.68374025875,0.000332194132125
1.3496283925,0.592417471,1.851593405,0.00122513540425
1.31860331125,0.5216989329999999,1.8397350475,0.000774702085625
1.40249947125,0.6458336075,1.8670799875,0.000970696302125
1.3306440125,0.7858737705000001,1.7688815,0.0019769485505
1.31921565625,0.78593373275,1.68679753,0.00162595800025
1.3675398250000002,0.76418778275,1.8383447524999998,0.001837270988
1.3291532125,0.7105798273749999,1.7981586162499998,0.001734807249
1.23553327,0.52368855475,1.7697236850000002,0.0010530151855000002
1.350963685,0.68788422625,1.868998915,0.00214534941
1.3219415424999998,0.760365821125,1.8832488225,0.0030752371000000002
1.265600565,0.55565408625,1.8456598525,0.00158011317925
1.1635461315,0.57843009375,1.71854073,0.00125511534125
1.22715636575,0.617700982875,1.7382566050000001,0.001443729425625
1.08158790375,0.624188322375,1.6708428,0.0011938923656250001
1.20403757075,0.506517920375,1.67637697,0.000687197753125
1.1671408264999998,0.60206244125,1.61743346,0.0007893380105000001
1.22895371325,0.629517156625,1.6877029700000001,0.00121084076025
1.15038942325,0.6243940181250001,1.53591837,0.0005311984937500001
1.08338525125,0.636004496125,1.620289165,0.00096100370025
1.2058349182499999,0.518334094125,1.625823335,0.00045430908775000005
1.2441802325,0.6310742272500001,1.6128256324999999,0.0008249125255
1.26747341625,0.644023049625,1.68539905625,0.00122862801775
1.18890912625,0.638899911125,1.53361445625,0.00054898575125
1.27598376625,0.7085339611250001,1.60876959625,0.00104993998775
1.2443546212499998,0.532839987125,1.62351942125,0.00047209634525
1.182955399,0.68990942825,1.6100585475,0.0010782598317499999
1.2368609995,0.673440650125,1.68401551375,0.0013553016708749998
1.1582967095,0.668317511625,1.5322309137499999,0.000675659404375
1.2453713495,0.7379515616250001,1.60738605375,0.001176613640875
1.0912925375,0.679927989625,1.61660170875,0.001105464610875
1.175749049,0.7351547330000001,1.7026923024999998,0.0021128951025
1.1402808345,0.7814307735000001,1.7638153012499997,0.0032622475812499998
1.2417681745,0.760574214,1.6537029312499998,0.00169393127625
1.0876893625,0.7025506420000001,1.66291858625,0.00162278224625
1.128617034,0.6767053605,1.7662220025,0.002328195315
1.209691817,0.66683861625,1.76209724125,0.0019802694125
1.116714827,0.75220608725,1.7955801512499998,0.0033698976875
1.1239381370000001,0.61445078275,1.8125271812500001,0.0022321818074999998
1.064123355,0.67332595575,1.69468343625,0.0017304323525
1.24907148,0.77587994925,1.7712807675,0.0028310089525
1.17694205,0.801793381625,1.79810953375,0.00362130450625
1.2784293899999999,0.780936822125,1.68799716375,0.00205298820125
1.2523461275,0.5014613045,2.1600125425,0.0095514871775
1.55943948,0.58982518675,2.0685639374999996,0.000150838405
1.5568480783333334,0.5191050772916666,2.1412843462499995,0.00021143422583333333
1.5529487533333333,0.5059596125,2.1452681216666663,0.00014377045966666667
1.560792684,0.6493494778,1.9802300199999996,0.0001399927202
1.5621458879999999,0.70887376885,1.8918961024999996,0.0001427041414
1.563499092,0.7683980599,1.8035621849999997,0.00014541556259999998
1.564852296,0.82792235095,1.7152282675,0.00014812698379999999
1.5665031225,0.6843991678125,2.012372583125,0.00011442143425
1.573566765,0.778973148875,1.9561812287499998,0.0001265604245
1.5806304075000002,0.8735471299374999,1.8999898743749999,0.00013869941475
1.5494194925,0.5338000245000001,2.03586602,0.00015140278275
1.5489681443749999,0.586355133875,1.9551512274999998,0.0001162556619375
1.54851679625,0.63891024325,1.8744364349999998,0.000127971368875
1.548065448125,0.6914653526250001,1.7937216425,0.0001396870758125
1.5527766939999998,0.604529348,1.9540716859999998,0.00014010559575
1.5561338955,0.6752586715000001,1.8722773519999998,0.00014292989249999998
1.559491097,0.7459879950000001,1.7904830179999998,0.00014575418925
1.5628482985,0.8167173185000001,1.708688684,0.000148578486
1.52961331625,0.531230598875,2.1625882075,0.00049304397175
1.41825995,0.5417209715,2.270201745,0.0057644378874999996
1.3732541825,0.54753080025,2.25279224,0.0086836181025
1.4516467425,0.50926624225,2.3281438375,0.0037832674032500005
1.4304740424999998,0.5447205305,2.3081923149999994,0.00442580163325
0.6856961252499999,0.88210949175,1.8758866175,0.0002794381145
0.6725680034999999,0.9622019711666666,1.9020285983333334,0.0002761337141666667
0.7078997098333333,0.7807053121666666,1.9229303583333333,0.0001806358295
0.7301032944166667,0.6793011325833334,1.9699740991666665,0.000230036972
0.6577876808333333,0.9422822178333332,1.7913705083333333,0.00017048961283333333
0.7361180635,0.87846377425,2.0232524875,0.00033555894724999997
0.706182629,0.9597714928333333,2.000272511666667,0.00029484065841666666
0.7415143353333333,0.7782748338333333,2.0211742716666667,0.00019934277374999997
0.7469106071666667,0.6780858934166667,2.0190960558333333,0.00026745086049999995
0.7586315573333333,0.9349907828333333,2.086102248333334,0.00033885211108333334
0.7811450511666667,0.9915177914166666,2.148952009166667,0.00033720552916666663
0.73915656675,0.821995094125,1.96656513375,0.00046578992112499993
0.7718112617500001,0.9843699035,2.0048721725,0.0009419501380000001
0.757003165875,0.87494815875,1.95737497625,0.0007689855165
0.6950108857499999,0.9623397425,1.80441284,0.00060547955525
0.7186029778749999,0.86393307825,1.85714531,0.000600750225125
0.7682881057500001,0.9470631924999999,1.8847024125,0.00121567557725
0.831683888875,0.9742923312499999,1.91409949625,0.001886237513625
0.7552415878750001,0.85629480325,1.89729009625,0.000905848236125
0.778927013375,0.92294057425,1.8079125712500002,0.001325538013625
0.754828542625,0.99475198125,1.74507137875,0.00100996182325
0.791467152625,0.9871137062500001,1.785216165,0.0013150598342500002
0.9033558232500001,0.5073755905,2.0491615824999996,0.000252752543
0.8278313511250001,0.54263627175,2.0330897112499997,0.000191993615
1.5330185,0.53023806975,2.181082665,0.00043830016875000006
1.5531363200000001,0.5677827075,2.1893021175,0.00017749632424999997
1.55137495,0.502369655375,2.251335853125,0.0002196145308125
1.5600478660000001,0.6478503882000001,2.120201398,0.00011732522005
1.566959412,0.7279180689,2.0511006785,0.0001323679961
1.573870958,0.8079857496,1.981999959,0.00014741077214999997
1.580782504,0.8880534303000001,1.9128992395000002,0.0001624535482
1.5455698775000002,0.5260947125833333,2.16328293,0.000191104783
1.5542311375,0.7408885885,2.13439581,0.00015394710899999998
1.5484253256249998,0.658889422375,2.1964366825,0.000169514958
1.54261951375,0.57689025625,2.258477555,0.000164325675
1.5526030780000002,0.6539369706,2.19500406,0.0002177125682
1.5509750185,0.5669853527,2.25561231,0.00020177120339999997
1.5538812429166668,0.8301422937499999,2.090961235,0.00011328103316666667
1.5535313483333333,0.919395999,2.04752666,0.00012141424833333333
1.5625968656249998,0.797696719125,2.0617464875,0.00011519861024999999
1.57096259375,0.85450484975,1.989097165,0.0001281147765
1.5793283218750003,0.911312980375,1.9164478425,0.00014103094274999997
1.535701455,0.5203839915,2.1756456775,0.000319693146875
1.53918801375,0.511486128125,2.1728634225,0.0002405398485
1.534209075,0.5894640987499999,2.299930335,0.00015790921875
1.5326084825,0.501178011375,2.3412448175,0.000166306729875
1.53504525375,0.5147740548124999,2.34696024625,0.0001254475006875
1.528187,0.5189259751666666,2.3517281233333334,0.00021074166491666667
1.536449411875,0.6753324389062499,2.246662588125,0.00011174299309375
1.53868974875,0.7612007790624999,2.19339484125,0.00011833816818750001
1.540930085625,0.8470691192187499,2.140127094375,0.00012493334328124997
1.5431704224999998,0.9329374593749999,2.0868593475,0.000131528518375
1.5416960725,0.5715342914999999,2.2954586750000003,0.00015703323
1.5430005346874998,0.6596438575624999,2.2427498856250003,0.00011163349450000001
1.544304996875,0.7477534236249999,2.1900410962500003,0.000118119171
1.5456094590624998,0.8358629896875,2.1373323068750003,0.0001246048475
1.5469139212499998,0.9239725557499999,2.0846235175000003,0.00013109052400000001
1.5284823665000005,0.5419111937000001,1.971651319,0.00017070377219999998
1.534859611,0.6092809498,1.885436496,0.00020378568079999998
1.5412368555000002,0.6766507059,1.7992216730000001,0.00023686758939999998
1.488134612,0.53242413095,1.9017234475,0.000183608065
1.507961108,0.6029562413,1.838817915,0.00022314211999999997
1.5277876040000002,0.67348835165,1.7759123825,0.000262676175
1.2190591100000001,0.56250432875,1.9474130275000001,0.00377654255
1.260475605,0.566694699,2.005007445,0.0055363640425
1.2447109825,0.60977539425,1.8859773874999999,0.0032602349499999995
1.2881260225,0.679938197,1.89564398,0.0037274740724999996
1.29052271125,0.7563928065000001,1.8965713549999998,0.00386629943125
1.32927701,0.690507665,1.9267925025,0.0034984524949999997
1.17971459,0.6760851295,1.8577224925,0.0038062169299999996
1.235240595,0.6665285007499999,1.80784748625,0.0027192802199999997
1.142263605,0.75189597175,1.84133039625,0.004108908495
1.2231296299999999,0.74624793225,1.8673890850000001,0.004273456052499999
1.256948115,0.701609902125,1.8126807825000002,0.0029528997812499997
1.4076570300000002,0.54597633325,1.8854196950000002,0.0008853683932499999
1.4543093866666668,0.6119910428333333,1.8279487466666668,0.00036481610108333334
1.5009617433333333,0.6780057524166667,1.7704777983333333,0.0006250922471666666
1.4496051100000003,0.6080436705,1.899092165,0.0009833655015
1.440121355,0.51724013675,1.9809647625000002,0.00093417910625
1.4822747733333335,0.6533692676666667,1.837063726666667,0.0003974818038333334
1.5149444366666667,0.6986948648333333,1.7750352883333336,0.0006904236526666667
1.4953436875000001,0.61342352625,1.9379560925000001,0.00047628363625000004
1.46299064375,0.519930064625,2.00039672625,0.000680638173625
1.52154809375,0.598705411125,2.01568484125,0.00033781415762500005
1.5127671583333333,0.6569558381666667,1.862973011666667,0.00022845451541666665
1.5301906291666667,0.7004881500833333,1.7879899308333336,0.0003523690758333333
1.44963971,0.568035379,1.99419385,0.0010070666825000001
1.45250513,0.6336425615,1.93838021,0.0008616619412500001
1.4645947033333333,0.5713701098333334,1.8386388400000002,0.0001918742535
1.5061044016666667,0.6576952859166667,1.775822845,0.000279208552
1.3775897350000001,0.51401080175,1.8094835274999999,0.00035827039949999997
1.4342645233333333,0.5906806885,1.7773246349999998,0.00018911676983333333
1.4909393116666667,0.6673505752500001,1.7451657425,0.0002736935846666666
1.4400485775000003,0.53087554875,2.0431503925000003,0.0015900309449999998
1.5448042514285714,0.5178562828571429,2.0235977828571428,0.00013011796389285715
1.5455067135714287,0.5743973276428571,1.945950049642857,0.00013864396685714288
1.546209175714286,0.6309383724285715,1.8683023164285715,0.00014716996982142857
1.5469116378571428,0.6874794172142857,1.7906545832142855,0.0001556959727857143
1.5457398900000001,0.82876454325,2.0785590125,0.00024159569549999998
1.5289328700000002,0.743199430625,2.14632444125,0.00041292198724999997
1.5427934900000002,0.7455900194,2.1393590700000003,0.00018808253190000002
1.5398470899999999,0.66241549555,2.2001591275,0.0002014608228
1.53690069,0.5792409717,2.260959185,0.00021483911369999997
1.5470182660000003,0.9182937985999999,2.037604882,0.0001324373935
1.55972461,0.8752167325,2.000305515,0.0001487201945
1.57370933,0.92166892175,1.9220520175,0.000195157945
1.526620985,0.76632533975,2.04092881,0.00047402001799999995
1.5193734175000002,0.711979828875,2.12750934,0.0005291341485
1.5371867425,0.675156317875,2.0671711999999998,0.00033668234849999995
1.5469786733333333,0.8335905968333333,1.9752187133333332,0.00022619496866666666
1.5673363616666667,0.9008558539166667,1.9095086166666666,0.0003501074933333333
1.5446450724999998,0.65565866225,2.13346532,0.00026514491075
1.5400993449999998,0.5747364161666667,2.2164966466666667,0.00020485113091666665
1.5554073168749998,0.7337742744375,2.06104862,0.00014299806068749998
1.56616956125,0.811889886625,1.98863192,0.00018371367737499998
1.5769318056250001,0.8900054988125,1.91621522,0.0002244292940625
1.5278520899999999,0.6811966975,2.2314403075,0.0002753145565
1.5289040233333333,0.591761773,2.281813305,0.00020824101283333334
1.5299559566666665,0.5023268485,2.3321863025000003,0.00024177778466666667
1.52492478,0.6053599551250001,2.2874111556250005,0.000246697055125
1.52199747,0.52952321275,2.3433820037500004,0.00025623622225
1.5313206157142856,0.7662272864285714,2.1803471721428576,0.00012945735207142857
1.5347891414285713,0.8512578753571428,2.1292540367857145,0.00015376688614285715
1.5382576671428572,0.9362884642857143,2.0781609014285713,0.00017807642021428573
1.46240121,0.585764736,2.2850831775,0.0017126014279999998
1.5182972549999998,0.5385445802500001,2.242040575,0.00062995200975
1.5330248775,0.561265938125,2.1677270825,0.00041464834437499997
1.4710007925000002,0.5864660295,2.14637804,0.002513374617
1.4501871174999998,0.5827651770000001,2.2470926075,0.00305123768225
1.48357391,0.55031044775,2.3050347,0.001070067198
1.50233209,0.5121258495000001,2.3127799650000003,0.0008969316974999999
1.50722897,0.5848800837500001,2.2634349175,0.0007405899882499999
1.4957501875,0.5286172330000001,2.33114964,0.00072336554825
1.50393801875,0.5931257755000001,2.272619755,0.0006538069136249999
1.3380627925000002,0.6067385144999999,2.4601427325,0.0001316528505
1.26472564125,0.67138022525,2.4454526312500002,0.00014404947425
1.3181168264285714,0.6950898224285714,2.427301475,0.0001389997755
1.2981708603571431,0.7834411303571428,2.3944602175,0.00013777528800000002
1.2782248942857142,0.8717924382857143,2.36161896,0.00013655080049999998
1.2582789282142857,0.9601437462142857,2.3287777025,0.00013532631299999998
1.3721645093750001,0.510602635625,2.494135709375,0.000127896382875
1.375535091875,0.5159387491249999,2.490967006875,0.000110385823125
1.14379242,0.55384298425,1.9834447224999998,0.004032931579999999
1.1789220575,0.51692716025,2.0924773825,0.0061652141175
1.185208915,0.5580333545,2.0410391399999996,0.0057927530725
1.41727909625,0.9545794575,2.02771675375,0.000887099357875
0.988136171,0.8488848065,1.9341028625,0.0032132691699999997
1.0097162105,0.85860782125,2.00899665125,0.003493397495
0.9416079215,0.9252031382499999,1.93879972125,0.00288503431
1.0464743955,0.83829581025,1.87952058125,0.0038124346149999997
0.9547461564999999,0.77343245625,1.90909449625,0.0026622102599999998
0.94127368925,0.991410434,2.1043043425,0.0019226737357500002
0.986284969625,0.929870635,2.09409739125,0.0028480997778750003
0.918176680625,0.9964659519999999,2.02390046125,0.002239736592875
1.1582620424999999,0.79908767325,1.9488685749999997,0.00480875163
1.09477914625,0.833709254625,2.0163795075,0.004291138725
1.4574130193750001,0.514320320375,1.8922661893750001,0.000151912183
1.48748004625,0.59088703425,1.8325130762500002,0.000199284411
1.517547073125,0.667453748125,1.772759963125,0.000246656639
1.480884959,0.5416909418,1.8823818235,0.0001923659606
1.5031280059999998,0.6091341152,1.825923499,0.0002362789634
1.5253710530000002,0.6765772886,1.7694651745,0.0002801919662
1.5109756600000002,0.5026284133333334,1.9947927166666668,0.00019756816016666668
1.52013527,0.5629764255,1.9243462500000001,0.00024408226275
1.5292948800000001,0.6233244376666667,1.8538997833333335,0.0002905963653333333
1.5384544900000001,0.6836724498333333,1.7834533166666666,0.0003371104679166667
1.5388397437499999,0.5597298312500001,1.9545866075,0.000174968647125
1.5417645291666666,0.6211600415,1.8740600216666667,0.00019844487783333335
1.5446893145833336,0.68259025175,1.7935334358333332,0.00022192110854166668
1.5430327674999997,0.551462113875,1.9721760575,0.000138830533625
1.5445598783333332,0.6156482299166667,1.8857863216666666,0.0001502607265
1.5460869891666669,0.6798343459583334,1.7993965858333334,0.00016169091937500002
1.3613859725,0.65207074575,1.9671364725,0.00325190638
1.28270293625,0.659768186375,1.97814165125,0.005148331115
1.31877464,0.6194977312500001,2.0187973374999997,0.0053667056475
1.37202117,0.59028393025,2.0411088150000003,0.0043675452475
1.4473191225000002,0.631201163,1.9932031625,0.00154055358725
1.43772799,0.5940413327499999,2.042159705,0.00212351784975
1.407139185,0.76668888325,1.9628382924999999,0.0021876317475
1.343416275,0.7196656315,1.957021685,0.0036962695425
1.2737180875,0.69356562925,1.9730842575,0.0053705126962499995
1.47084746,0.7044738532499999,2.0118170075,0.0012361867197499998
1.5092999800000002,0.6442305746249999,2.05261529875,0.000717765699375
1.4648795,0.780016243625,2.01211513375,0.001123195694875
1.4850362849999998,0.69406999675,2.0946978325,0.0012031844895
1.4719739124999998,0.774814315375,2.05355554625,0.0011066945797499998
1.474559905,0.6178329440000001,2.1111927025000004,0.0017126618845
1.4394014800000001,0.6102441402500001,2.137743295,0.0032182735297499997
1.504544148125,0.5597115811250001,1.94730467125,0.0002144524743125
1.51890079875,0.6211478747500001,1.8692053975,0.000324364993625
1.533257449375,0.682584168375,1.79110612375,0.00043427751293749993
1.509735795,0.56049288075,1.9998168625,0.00050468655925
1.5223618966666668,0.6216687411666667,1.9042135249999999,0.00023792215641666668
1.5349879983333334,0.6828446015833334,1.8086101875,0.0003713043578333333
1.523538758,0.5297826946,2.010092352,0.00015523215925
1.5295575935,0.58334213645,1.9358209765,0.0002059243635
1.5355764289999998,0.6369015783,1.8615496009999999,0.00025661656775
1.5415952645000002,0.69046102015,1.7872782255000002,0.000307308772
1.53706822,0.538440846,2.058776645,0.00031849750325
1.5397046900000002,0.58983575,1.97233419625,0.0001580293420625
1.54234116,0.641230654,1.8858917475,0.000211518729125
1.54497763,0.692625558,1.79944929875,0.0002650081161875
1.5369294,0.5208155328749999,2.14129471625,0.000322435429875
1.477083775,0.5121403710000001,2.091163335,0.0012405801330000001
1.471204075,0.5439392405,2.125357985,0.00257477977025
1.4949840325,0.57069521425,2.1592822675,0.0019588132774999998
1.4786216024999999,0.549614586,2.2054537549999997,0.00229935481775
1.5137800274999997,0.55720338975,2.1789031625,0.0007937431725
1.5419757007142858,0.558397274,1.9528376307142858,0.000159162263
1.5438551671428573,0.62027167,1.8728940371428573,0.00017281784
1.5457346335714284,0.682146066,1.7929504435714283,0.00018647341700000003
1.490867927,0.52265782355,1.915953175,0.00016066856850000002
1.5097833179999998,0.5964453697000001,1.8483044,0.00018873287525000002
1.5286987090000002,0.67023291585,1.780655625,0.00021679718200000002
1.5308903814285713,0.501301063,2.0112412628571423,0.00020307591382142856
1.5350713110714287,0.5619809127500001,1.936682659642857,0.00023592123342857144
1.539252240714286,0.6226607625,1.8621240564285713,0.0002687665530357143
1.5434331703571427,0.6833406122500001,1.7875654532142855,0.00030161187264285714
1.535304207142857,0.5059716978571429,2.0126789957142854,0.00017648221185714283
1.538381680357143,0.5654838888928572,1.9377609592857143,0.00020046296414285712
1.5414591535714288,0.6249960799285715,1.8628429228571428,0.00022444371642857137
1.5445366267857141,0.6845082709642858,1.7879248864285713,0.00024842446871428566
0.822304976625,0.5259454482916666,2.0706853358333333,0.00013785690116666668
0.8272703556500001,0.5224233742,2.0679102885,0.0001449247692
0.9958278235000001,0.6038252712500001,1.931997745,0.00212046612425
1.0575435317500002,0.578010738125,1.8954150525000002,0.002128317212125
1.0314216455,0.5612858685000001,1.9814973775000002,0.00240598535175
1.07534044275,0.5567410367500001,1.9201648687500001,0.002271076825875
0.9781398760000001,0.56480354075,2.0542192175,0.0019444288985
1.1026329675000002,0.602537349,1.9895584300000002,0.00405587442
0.90408973325,0.61025045825,1.9715441150000002,0.0016192327210000001
0.828198306125,0.5940737056250001,1.9942809774999999,0.000875233704
0.90028373825,0.57732215525,2.0379525124999995,0.0011639305052500001
0.961902519125,0.619993612125,2.03306119125,0.0024766378876250003
1.0422373255,0.6851370485,1.899006665,0.003112066245
1.07352497275,0.75642193125,1.8619724825,0.0037618331524999996
1.0807482827500001,0.6186666267500001,1.8789195125,0.0026241172725
1.112903265,0.67750842875,1.92527184,0.00434546737
1.1088579424999998,0.7526076213749999,1.87510507,0.004378533715
1.020246578,0.76417070625,1.955271185,0.0035214056249999997
1.025771414,0.816250771125,2.0195808125,0.0036474657225
1.0625295989999999,0.7959387601250001,1.8901047425,0.0039665028425
1.0909125175,0.7565420865,1.9815363600000002,0.00475480675
1.06110438375,0.81243646125,2.0327134,0.004264166285
1.09786256875,0.79212445025,1.90323733,0.004583203405
1.361356915,0.79172220825,2.02109024,0.0032835584125
1.297634005,0.7446989565,2.0152736325,0.0047921962075
1.200119255,0.7920067307499999,2.02152759,0.00498084258
1.1157077525,0.830168783375,2.0527090149999996,0.0043771842
1.2465193275,0.812427073375,1.9595131599999998,0.004492983685
1.29563546,0.678726524,2.0632014575,0.0060847785775
0.89512739975,0.7619185742500001,2.2278614625,0.00019598348825
0.9558213431666667,0.6881938771666667,2.278969325,0.00015283783808333332
1.0165152865833333,0.6144691800833333,2.3300771874999997,0.00017441066316666666
0.8475205595,0.7005780338333334,2.157580255,0.00015281762074999998
0.7999137192500001,0.6392374934166667,2.0872990475,0.0001744005545
0.8646377815,0.8572939828333335,2.2225082316666667,0.00029232695808333335
0.8341481632500001,0.9526693914166667,2.2171550008333334,0.00024415522316666665
0.9207458040000001,0.64147409775,2.2123409499999998,0.00018334443675000001
0.929608851,0.7213120855,2.2420410299999998,0.00018173851891666666
0.9384718980000001,0.8011500732500001,2.27174111,0.00018254147783333335
0.9729002793333335,0.6078975595,2.2686223166666664,0.00014862482091666668
1.0250547546666668,0.57432102125,2.324903683333333,0.00016598462883333335
0.8645994956666667,0.6202817161666667,2.1472332466666666,0.00014860460358333334
0.8084531873333334,0.5990893345833334,2.0821255433333334,0.00016597452016666668
0.9543375075,0.96127708175,2.193790495,0.00132870776325
0.99281687875,0.9148039588750001,2.1388404674999997,0.002551116791625
0.97172932375,0.965740925625,2.26591127875,0.000300658967
1.0352057525,0.9725631167500001,2.2935648549999996,0.0002045261535
1.087266665,0.8937160565000001,2.339297413333333,0.00017247278316666667
1.1393275775,0.81486899625,2.3850299716666665,0.00018849946833333334
0.95802335,0.9977236778333334,2.266310493333333,0.00029517451316666665
1.1345946800000002,0.9869836865,2.1115252074999997,0.00212557498775
1.082945465,0.92765726125,2.0977078237499995,0.002949550403875
1.0381805155000001,0.983207554,2.0500332699999997,0.0025898274325000005
1.1147331827500002,0.999220417,2.0223753749999998,0.0027994704562500005
0.9666300937500001,0.992364512,1.996764925,0.0025733134412500003
1.0957140239999998,0.9160699399999999,1.8605963749999999,0.00371943635125
1.0556185980000001,0.9281980999999999,1.9617606999999997,0.0034377597025000003
1.1234522240000002,0.9717156899999999,1.9782390899999998,0.00322343659125
0.9753491350000001,0.9648597849999999,1.95262864,0.0029972795762500002
1.0802156090000001,0.8779524569999999,1.8933494999999998,0.00392467988125
1.15507853,0.8860295865,1.9502612375,0.0037998410375
1.09318739,0.87718021125,2.01707583875,0.00378668342875
1.2239989649999998,0.85943850125,1.92387998375,0.00390248291375
1.3009403675,0.9836388389999999,1.8760090474999997,0.00240349851
1.24611310875,0.9994360594999999,1.9353632637499998,0.002706305995
1.2969298837499998,0.9082431275,1.88675388875,0.00320431165
1.1969357425,0.878948644,2.0229202525,0.0039719319875
1.11411599625,0.87363974,2.05340534625,0.00387272890375
1.2449275712499999,0.85589803,1.96020949125,0.00398852838875
1.193889975,0.92489329,2.0959116525,0.00314559820775
1.1125931125,0.8966120630000001,2.0899010462499996,0.003459562013875
1.2373131525,0.970759645,2.14268799125,0.001922693939375
1.1493666762499999,0.9209678475,1.8278818449999998,0.0035937492037499998
1.22832969,0.92912306,1.8497337125,0.0032442851500000002
1.20980777,0.97217817,1.9222255962500001,0.003126699315
1.166571155,0.8784149370000001,1.83733600625,0.0038279426049999997
1.2763152899999999,0.984913895,1.76575702625,0.0023977937100000003
1.33459303,0.9373523149999999,1.9586672775,0.00226822411
1.26293944,0.9762927975,1.9766923787500001,0.002638668795
1.3967522849999998,0.8964554745,1.9855402687500001,0.0016392143900000001
1.3038395649999999,0.8757555935,2.0050509575,0.0032811017
1.2475627075,0.94549443675,1.99988421875,0.00314510759
1.3813755524999998,0.86565711375,2.0087321087500003,0.002145653185
1.3315472625,0.983296961,2.0316586775000003,0.00144189033025
1.30614179625,0.9999614805,2.11056150375,0.001070840000625
1.39522940125,0.9194277975,2.02203596875,0.001226047500125
1.3007937975,0.9217002394999999,2.0780423575,0.00245476792025
1.2460398237499999,0.9684667597499999,2.0363799187500002,0.002731940700125
1.37985266875,0.88862943675,2.04522780875,0.001732486295125
1.5648591892857142,0.5762018790357143,2.1796521521428573,0.00012555838928571427
1.5694261614285714,0.6545857254285714,2.112481425714286,0.00013719636192857142
1.5739931335714288,0.7329695718214285,2.0453106992857144,0.00014883433457142856
1.5785601057142857,0.8113534182142856,1.978139972857143,0.00016047230721428569
1.583127077857143,0.8897372646071429,1.9109692464285715,0.00017211027985714286
1.559077662857143,0.5314866272142857,2.1999151807142856,0.00011165602482142857
1.5638470607142856,0.6042590411785714,2.1405624039285716,0.00012102960564285714
1.5686164585714286,0.6770314551428571,2.081209627142857,0.0001304031864642857
1.5733858564285716,0.7498038691071429,2.021856850357143,0.00013977676728571428
1.5781552542857142,0.8225762830714285,1.9625040735714285,0.00014915034810714285
1.5829246521428573,0.8953486970357143,1.9031512967857143,0.00015852392892857142
1.5633049893749997,0.5302385482499999,2.2090915831249998,0.00012201761218749999
1.5673698328125,0.603218975375,2.1482094059375,0.00013188519628124998
1.57143467625,0.6761994025,2.08732722875,0.00014175278037499998
1.5754995196875,0.749179829625,2.0264450515625,0.00015162036446874998
1.5795643631250003,0.82216025675,1.965562874375,0.00016148794856249996
1.5836292065625002,0.8951406838749999,1.9046806971875,0.00017135553265624996
1.5586062835714283,0.501352491,2.2143686085714287,0.00011129529114285713
1.563454244642857,0.5791472609999999,2.1526069271428576,0.00012030813828571427
1.5683022057142857,0.656942031,2.0908452457142856,0.0001293209854285714
1.5731501667857142,0.734736801,2.0290835642857146,0.00013833383257142855
1.5779981278571427,0.812531571,1.967321882857143,0.0001473466797142857
1.5828460889285716,0.8903263410000001,1.9055602014285715,0.00015635952685714283
1.3553131225000001,0.5425092205000001,2.0543166675,0.005310645677500001
1.3284215025000001,0.5152951852500001,2.031452,0.005047633952500001
1.3614417025,0.5107083695,2.0287476775,0.0035157989475000004
1.3372116975,0.53337369125,2.1522483825,0.00885670482
1.3658932750000001,0.5403002725,2.1197311875000002,0.0063091754575
1.422896715,0.5199426415,2.1299310924999997,0.004222779112999999
0.8395633450833333,0.5201921266666667,2.0607412441666666,0.00020175044983333331
0.847625673375,0.530168544625,2.06982541,0.00020296382737500002
0.9634663837499999,0.5180942078749999,2.1443097024999997,0.0006725669240000001
1.4343652725,0.63630081725,2.3112342974999995,0.0014148515915
1.4442720400000002,0.613103211,2.3430214525,0.0005477534287499999
1.4781989450000002,0.6353687645,2.27855566125,0.0005660008538749999
1.266622605,0.8783369802500001,2.336777925,0.00030178544675
1.3183908175,0.790073044125,2.3597409725,0.000336148470375
1.2290055475,0.807179458125,2.3837702275,0.000229115772375
1.2495772112499999,0.9650521526875,2.31014692625,0.0001806145589375
1.51032914375,0.5656130985000001,2.2952527700000003,0.000497308730875
1.46338707,0.50431833425,2.4013382200000004,0.00078722092375
1.4489915375000002,0.58319351825,2.3685493450000004,0.00049228344875
1.4619223487500002,0.514592532125,2.4111195775,0.000568824885875
1.4805586937500002,0.620413918125,2.2913196075,0.000538265863875
1.4934905175000002,0.52053702625,2.3504793050000004,0.0005678912715000001
1.50280818375,0.589085672125,2.2822845875000004,0.0005760697752500001
1.4704455725,0.5491488205,2.3607679000000004,0.000616467136
1.4912857112500002,0.60339156925,2.287428885,0.0006003577074999999
1.5138134075,0.689471603,2.249222935,0.000392980077
1.5008266583333334,0.608311584,2.3173785600000003,0.0005612375743333333
1.4878399091666668,0.527151565,2.385534185,0.0004771088256666666
1.514395768125,0.6115661342500001,2.3007481262500002,0.00027611343524999997
1.5149781287500002,0.5336606655,2.3522733175,0.0003150689825
1.5192874592857144,0.7733200625714286,2.195589424285714,0.00014626671214285715
1.5247615110714285,0.8571685221428571,2.1419559135714286,0.00018738560628571427
1.530235562857143,0.9410169817142857,2.088322402857143,0.00022850450042857142
1.4412068425,0.9301645084999999,2.1875864875,0.00035463849425
1.4468145620833335,0.8494690147499999,2.2319370412499997,0.0005969116848749999
1.4524222816666668,0.768773521,2.276287595,0.00054845704675
1.45803000125,0.6880780272499999,2.32063814875,0.000500002408625
1.4636377208333333,0.6073825335,2.3649887025,0.0004515477705
1.4692454404166668,0.5266870397500001,2.40933925625,0.000403093132375
1.4175242383333333,0.8540460416666665,2.252625665,0.0003652204940833333
1.3938416341666666,0.7779275748333332,2.3176648425,0.0003599294941666666
1.4633918279999998,0.9994137707999999,2.124826862,0.00015504595325000002
0.9967071847500001,0.6200173945,2.11701739,0.0021111986417500003
0.981030046,0.6778286395,2.2601103174999997,0.0004286054025
0.9641824955,0.77940835025,2.2807757537499995,0.00030477048125
1.029119638,0.60928656125,2.32064768375,0.00027993520775
0.943581104,0.62204776675,2.2049150187499995,0.00035927394475000003
1.364513665,0.8687815515,2.1295593975,0.0018904973409999998
1.3226249975000002,0.9427037757500001,2.1595118637499997,0.0012951435059999998
1.4117126025,0.86217009275,2.07098632875,0.0014503510054999999
1.3264112474999998,0.8674716947500001,2.2023038875,0.0017729361565
1.30357378875,0.942048847375,2.1958841087499996,0.0012363629137499999
1.45963949,0.74896280475,2.121540845,0.0013413561105
1.4592755149999999,0.802260719375,2.0669770525000004,0.0011757803902499998
1.399668395,0.7843999862500001,2.0969119675,0.0024702850057500003
1.51122567,0.97591227325,1.982696445,0.00049241652375
1.4895388866666668,0.9184610248333334,2.0553928433333333,0.0006654929499166667
1.4678521033333334,0.8610097764166667,2.128089241666667,0.0005789547368333333
1.54945986,0.972016692125,1.9132474825,0.000297349483875
1.5245292474999999,0.92643119425,2.0331155975,0.000385927426
1.48534728375,0.864994861125,2.11695061875,0.0005689792945
1.5203947816666665,0.8368322355,2.0934403550000003,0.000518141328
1.5162603158333334,0.7472332767500001,2.1537651125000004,0.00045203437700000004
1.55611164875,0.947276152625,1.93845705875,0.000244104935
1.5012241899999998,0.82121814775,2.0677718225,0.0006121916389999999
1.5066750199999999,0.7394262328750001,2.14093084625,0.000598219959
1.5300474766666667,0.8701858021666666,1.993114055,0.00027225217566666666
1.5588707633333332,0.9191534565833333,1.9184562875,0.00044222190733333327
1.4528704466666666,0.973181933,2.088120383333333,0.0006817634414166667
1.4495178833333333,0.8883702305000001,2.1444530116666667,0.0006114957198333334
1.457567275,0.9567761347499999,2.0221005075000003,0.000775716334125
1.38837415,0.9930474304999999,2.1107067475,0.0006898884615
1.417269735,0.8983029792499999,2.1557461937499998,0.0007209598122500001
1.4236428449999998,0.9243030322499999,2.0615600037500004,0.0008500465657499999
1.3642261216666667,0.991490969,2.1770398233333332,0.0006588185619166667
1.4051957208333334,0.8975247485000001,2.1889127316666666,0.0005656059608333333
1.3079611375,0.97392535125,2.23097378,0.0005330012572499999
1.37706322875,0.888741939625,2.21587971,0.000642516210125
1.43191281,0.6957828699999999,2.2735361474999998,0.0013860478215
1.4401001012499999,0.9115573909999999,2.1625730425,0.000566667933625
1.4180659193749998,0.9401194674999999,2.1889463387499997,0.0003732097965625
1.4020969562499999,0.8606826809999999,2.2535322324999996,0.000375908099125
1.386127993125,0.7812458944999999,2.31811812625,0.0003786064016875
1.39588875875,0.90515574725,2.2071312387499997,0.00057105248925
1.353794475,0.9051050136666665,2.2698858983333334,0.00037703226783333333
1.3619767525,0.8034570608333332,2.326294959166667,0.00038355304166666666
1.3303168125,0.89522112825,2.2792837025,0.000450681713
1.38824106625,0.8493898281250001,2.24003467125,0.000601356438
1.35023792125,0.798515118125,2.3309938612499996,0.0004105966035
1.297347866875,0.9777152636875,2.267026259375,0.00021783862549999998
1.496319025,0.795898803,2.18558842,0.0005216983957500001
1.49095255875,0.7084219887500001,2.2526137675,0.0006144493411875
1.4855860925000002,0.6209451745000001,2.319639115,0.000583532359375
1.48021962625,0.53346836025,2.3866644625,0.0005526153775625
1.5056211491666667,0.8759841391666667,2.1336217433333333,0.0001745729142916667
1.5149232733333333,0.9560694753333333,2.081655066666667,0.00024399801058333335
1.46082732,0.8069425004999999,2.2277419575,0.00046826419950000004
1.46433378,0.716704761875,2.284228920625,0.000601090792125
1.4678402400000001,0.62646702325,2.34071588375,0.00055681526125
1.4713467,0.536229284625,2.3972028468750004,0.0005125397303750001
1.415493175,0.75437580425,2.3052229887499998,0.00041938784675
1.4760447283333333,0.8851872204166666,2.1687496912500004,0.00016566721491666667
1.4912621366666667,0.9634319403333332,2.109757425,0.00022618661183333334
1.45082584,0.652248375,2.312817335,0.00058803931475
1.44849558,0.7279034515,2.2568014874999998,0.000670035238875
1.4588349466666668,0.5834960986666666,2.359774826666667,0.00062625732025
1.4668440533333333,0.5147438223333334,2.4067323183333333,0.0006071483175
1.10868999,0.7161439804999999,2.0628406124999996,0.005708317270000001
1.06999312,0.79223740825,2.07336552625,0.004740921545
1.1708700324999999,0.75032347425,2.084691735,0.006035971917500001
1.10108314125,0.8093271551250001,2.0842910874999996,0.00490474886875
1.0560459767500001,0.73010635375,2.1175777325,0.004225197945
1.1167987849999998,0.6310168952499999,2.0623891674999997,0.005578242880000001
1.06415477175,0.6449792685,2.1171262875,0.004095123555
1.234277275,0.67548018675,2.0860216325,0.00738645403
1.1758629075,0.56648385525,2.12908745,0.007297231175
1.1821497650000001,0.6075900495,2.0776492075,0.006924770130000001
1.2354999775,0.565254256,2.1606816650000003,0.009793482034999999
1.211194635,0.57170684625,2.2136653675,0.008755292755
0.9092790774999999,0.892267331,2.180094005,0.00126554201725
0.97028766375,0.8802990835,2.1319922225,0.002519533918625
0.85646881125,0.9701560655,2.1959478875,0.0008030203551249999
0.82393996425,0.89669957775,2.0471046875,0.0010651317585000002
0.859509818125,0.949110523875,1.9953006337499999,0.0018109656042500002
0.813799254625,0.972372188875,2.12945322875,0.0007028152257500002
0.783067517125,0.831112995875,1.97849123375,0.0008305763267500001
0.8962152592500001,0.9224006832499999,2.0906078525,0.00185950798975
0.875520914625,0.847053155125,2.10692523625,0.0013133579928750001
0.8956474656250001,0.961961076625,2.0170522162499998,0.002208153719875
0.8499369021250001,0.9852227416249999,2.15120481125,0.001100003341375
0.7882467660000001,0.7907934485,2.0654850025,0.00045874056775
0.7702768225000001,0.6843452007499999,2.04125142125,0.000294987627375
0.7933840256666668,0.8765438990000001,2.1142572583333337,0.00037991265125000004
0.7985212853333334,0.9622943495,2.163029514166667,0.00041932660950000003
0.765220918,0.77815993125,1.98768139125,0.000527380731375
0.83953173475,0.81965886025,2.163375855,0.00035496923400000005
0.8934333398750001,0.8503234606250001,2.2324085225,0.00026795239700000005
0.8104567828333333,0.7390715578333333,2.1145898499999998,0.00020581286933333333
0.7813818309166667,0.6584842554166667,2.065803845,0.00028039105166666667
0.821595139875,0.9338518301250001,2.1875888125,0.0003477339635
0.956725403,0.811084911,2.17916739,0.0014584869815
0.8533643635,0.80918340425,1.9651757774999998,0.00150779492275
0.85409546675,0.790444515625,2.04420919875,0.001137501459375
0.87422201775,0.9053524371249999,1.9543361787499998,0.0020322971863750003
0.88736025275,0.753581755125,1.92463095375,0.0018094731363749999
0.9256396585000001,0.83488450975,2.0086789425,0.002302171154
0.9103596652500001,0.9182029898749999,1.97608776125,0.002429485302
0.9234979002500001,0.7664323078749999,1.94638253625,0.002206661252
0.97577199175,0.756504163,2.11084956,0.0023605894090000003
0.9577500655000001,0.7501704095,2.029847265,0.002610307609
0.93955310375,0.72407525775,1.9569666975,0.0023607294795
0.865150139,0.69921438375,2.1478553424999998,0.0003423301825
0.8925450743333334,0.7598056095000001,2.199050625,0.0002347337675
0.9199400096666668,0.8203968352500001,2.2502459074999996,0.00028853197499999997
0.808728509,0.638555668375,2.0824365912499996,0.00023678243475
0.925434381,0.7355689255,2.19562471,0.00058759114825
0.936384663,0.80827849325,2.24853295,0.00038426335412499997
0.9157832715,0.65091790975,2.172672215,0.000438766817625
0.81767116525,0.703277275,1.9835560925000002,0.000901403732
0.836248867625,0.737491451,2.05339935625,0.000834305864
0.88800272275,0.67756193875,2.013129115,0.0016997348257500001
0.820154800875,0.627729445875,2.0150734774999997,0.000915484756375
0.88419672775,0.64463363575,2.0795375125,0.0012444326100000001
0.818251803375,0.611265294375,2.0482776762499997,0.0006878336485000001
0.94448096975,0.6809881775,2.12730688,0.00148969357575
1.5418499814285715,0.5491362241785714,1.9629028878571426,0.00014372686357142859
1.5437713542857145,0.6140976367857144,1.8796042085714286,0.00015352359071428573
1.545692727142857,0.6790590493928572,1.7963055292857142,0.00016332031785714287
1.4953264370000001,0.5145965204,1.9315541545,0.0001250430004
1.512755658,0.5910711676,1.858705053,0.0001352945231
1.530184879,0.6675458148,1.7858559515,0.0001455460458
0.8231397656500001,0.5278504166,2.0681816445,0.0002575552034
1.0227562629999998,0.51177284125,2.1890933525,0.00127624104575
1.0261257129999999,0.51500333825,2.26386845,0.0004957502339999999
0.9661289375,0.540635116125,2.206794085,0.00039284636049999994
1.0017349272499998,0.59192214925,2.1784201275,0.00142107036425
1.00510437725,0.59515264625,2.253195225,0.0006405795524999999
1.0411568036249998,0.567948564625,2.3171901375,0.00038592228275
1.429252505,0.5072882995,2.4507289500000002,0.00045951946224999997
1.3997057675,0.6045487037499999,2.4167164850000002,0.000415015478125
1.2903603325000002,0.5603823755,2.4861317275,0.00019028187112499998
1.24087441125,0.64820215575,2.45844712875,0.00020719975768750001
1.2940667275000002,0.562482196875,2.4845219262500002,0.000183170483
1.24272760875,0.6492520664374999,2.457642228125,0.0001965326755
1.3277378075,0.6396931254999999,2.446816145,0.00021328987700000002
1.3628817783333331,0.5444665646666667,2.478813526666667,0.0003732248476666667
1.2595631487499999,0.6878575307499999,2.4387893375000003,0.0001848679875
1.3061883445833333,0.73727721625,2.4107224425,0.00015240186533333334
1.2846388816666665,0.8348613069999999,2.3746287400000003,0.00016457946766666666
1.26308941875,0.93244539775,2.3385350375,0.00017675707
1.3677913531249999,0.5406547073749999,2.48097206625,0.00013079507975
1.2982895675,0.7542605392499999,2.3966321925000003,0.000280093547
1.332009605625,0.6541987651875,2.433176216875,0.00040991763650000004
1.36572964375,0.5541369911249999,2.46972024125,0.00036664294
1.27831986,0.8484479653999999,2.3633565400000003,0.0001681981198
1.2583501524999998,0.94263539155,2.3300808875000003,0.0001961719766
1.1948960425,0.637990415,2.3719488975000003,0.00189454227075
1.08106632375,0.691745445,2.372826335,0.000189269289
1.014200634375,0.786366753,2.3371337624999997,0.00018510242450000002
1.0791377768750001,0.6162449640000001,2.3770056925,0.000160267151
1.031580163,0.6885687410000001,2.3171595299999996,0.00042822740199999996
0.9894575540000001,0.7847784010000001,2.30930036,0.000304581481
1.0543946965000002,0.6146566120000001,2.34917229,0.00027974620749999997
1.1042194950000002,0.5737559795,2.33350682,0.001617806202
1.0556544942500001,0.60589274775,2.3102444374999997,0.000640201552
1.024549170625,0.664603933875,2.25916987375,0.0008762400509999999
1.0267169605,0.8249080775000001,2.21483922,0.0015556906475
1.03712107125,0.906015455,2.2073225374999996,0.0015325887550000001
1.1204714175000001,0.93992493975,2.1793283225,0.0016623022827500001
1.20060387375,0.978275469875,2.18439632625,0.001181045976875
1.07890726625,0.9952321635,2.2439134099999998,0.00062426336575
1.1068500331250002,0.91111522825,2.254921675,0.000890143012875
1.013121105625,0.93811011225,2.2726773,0.00040259946287499995
1.1797667125,0.8778345432500001,2.1637147674999997,0.0026823255027499998
1.10553148125,0.8730826896250001,2.1238026037499997,0.003227925661375
1.23025152125,0.9472302716250001,2.17658954875,0.001691057586875
1.2485681175,0.8733316360000001,2.2185899625,0.0018739340307499998
1.1535632575,0.7902066407500001,2.1538875125,0.00456378862
1.09242975375,0.8292687383750001,2.11888897625,0.00416865722
1.0838638517499999,0.7711896597500001,2.17701775,0.0035668672925
1.2077810475,0.9096342765000001,2.307584405,0.00049816323825
1.1995847687499999,0.82282810625,2.3691734675,0.000327304668125
1.11798931625,0.91730149,2.3070968975,0.00040840714525
1.0326621306250001,0.8991447755,2.3042690437499997,0.000294671352625
1.154688903125,0.826661713,2.36892971375,0.000282426621625
1.09546221625,0.7633088975,2.3440125575,0.00044545870075
1.101897423125,0.68626809875,2.36096456375,0.000366944592875
1.021398580625,0.82214847925,2.3227268737499998,0.000313197130375
1.14852520625,0.928069970625,2.2409245674999996,0.00095499977675
1.2301180075,0.9797852925,2.247259855,0.0006339991314999999
1.1824554037500001,0.90339179275,2.2565948975,0.0008950108957499999
1.2683099387499999,0.91505224975,2.2753255374999997,0.00058697953175
1.367016375,0.7384584544999999,2.1496360325,0.0038100174407500005
1.4214489175000002,0.68827871975,2.2336875225000004,0.0028857035505
1.4269874700000003,0.703021273,2.17426491,0.0026810885455
1.33830303,0.7812633215,2.210765185,0.00319027234125
1.4116872875000002,0.625797108,2.2333951025,0.00425314357475
1.4172258400000002,0.64053966125,2.1739724899999997,0.00404852856975
1.3267063499999998,0.679808244,2.12174213,0.005915873217499999
1.3859572125000001,0.69932241725,2.2758410600000003,0.00283226935425
1.36278242,0.7568698375,2.2775476,0.00200790924975
1.3306567975,0.579321593,2.1801492575,0.008751152909999999
1.3592257525000002,0.592114553,2.2319880149999998,0.00741663943
1.265348165,0.6765619067499999,2.144562305,0.007217548670000001
1.359338375,0.58624817425,2.1476320624999996,0.0062036235475
1.3934458825000002,0.6137836875,2.1400482075,0.004664495062499999
1.3628974875000002,0.6176150887499999,2.112446725,0.005402910815
1.2728577250000002,0.60744217025,2.167784095,0.00925211563
1.2485523825000002,0.6138947605,2.2207677974999998,0.00821392635
1.3474556825000001,0.6514188795,2.3201375625000003,0.0031719104009999997
0.8248243816875,0.53159595125,2.06459562375,0.0002919535355
0.8327206335625,0.5241462275,2.072571053125,0.00031662699893749997
1.08422005175,0.64374765775,2.1748288875,0.003853434635
1.0511474917499999,0.61479008225,2.205735265,0.00205423214
1.057439460875,0.571306288625,2.1439099625,0.0026537302
1.1305772075,0.58867909025,2.17153001,0.005709015005
1.0975046474999999,0.55972151475,2.2024363874999997,0.00390981251
1.1615703124999999,0.60541547825,2.226295055,0.0061513822275
1.1284977525,0.57645790275,2.2572014324999996,0.0043521797325
1.10198539425,0.71854160725,2.2207902075000003,0.0033291332349999997
1.1108627925,0.60300451525,2.302955625,0.00229063734625
1.06229779175,0.6351412835,2.2796932425,0.00131303269625
1.1345740850000001,0.7074965387500001,2.3333973275,0.00110587220825
1.0382234605,0.7178172767500001,2.286608335,0.00110105854625
1.07327804525,0.663522288375,2.3322624525,0.0006947445156249999
0.99277920275,0.799402668875,2.2940247625,0.000640997053125
1.044838503,0.772260025,2.2586116775,0.00131795659
0.996086724,0.826624043,2.28002643375,0.000749446075
1.07356069875,0.74373807,2.3010669925,0.00111199457375
1.090946664375,0.6764826850000001,2.33949178125,0.000700212529375
1.010447821875,0.8123630655,2.3012540912499997,0.000646465066875
1.4028091125,0.51860102275,2.4559283225,0.00039999897850000004
1.38648407125,0.610205065375,2.41931617125,0.00038525523625
1.3056965775,0.635254465,2.416481375,0.0007612093325000001
1.33738808375,0.5632484520000001,2.4454843375,0.00058424686025
1.24854253375,0.6856382005,2.4236219525,0.00045882771525000005
1.3409492075,0.5707717315,2.4576905350000002,0.00034685857825000004
1.35555411875,0.63629041975,2.4201972775,0.000358685036125
1.26616884875,0.65339683375,2.4442265325,0.000251652338125
1.227454545,0.6663797794999999,2.35099709,0.0024687631444999998
1.2616832875,0.65032242225,2.2991338375,0.0040219352225
1.27306834,0.69314004475,2.3713868849999997,0.0013057167305
1.3072970824999999,0.6770826875,2.3195236324999997,0.0028588888085000004
1.1671325875,0.73588590325,2.31244552,0.0016800930820000002
1.2178124499999998,0.7840310484999999,2.3235482574999997,0.0011094356675
1.2766540075,0.7527337522499999,2.3527417775,0.0009130578760000001
1.31088275,0.736676395,2.300878525,0.002466229954
1.1814979024999999,0.66570051025,2.35098332,0.00201322192825
1.160517545,0.681443155,2.3404421775,0.0014631950382500002
1.159596385,0.64612968275,2.308037755,0.00267975780125
1.238025695,0.7998713255000001,2.244751215,0.0023453151079999997
1.28640336,0.7610698790000001,2.23409611,0.0036485930455000004
1.232624115,0.6638649255000001,2.2421797525000002,0.005550696920000001
1.176493855,0.6603514552499999,2.2510974399999997,0.0046640607149999996
1.1632660925,0.7184090167499999,2.242293715,0.0036973920925
1.205380855,0.75382012125,2.2064422375,0.00426673566
1.2537585199999999,0.71501867475,2.1957871325,0.0055700135975
1.2341300249999998,0.532726377,2.2555371525,0.00928034797
1.2714877725,0.57491429125,2.2626395825000003,0.008738981565
1.268957645,0.597174361,2.305017115,0.0059570724775
1.3383905,0.5366709082500001,2.2822988625000002,0.0097096360375
1.32436207,0.581254661,2.2614946375000002,0.008442657365
1.3218319425,0.60351473075,2.30387217,0.0056607482775
1.522573235,0.56106783525,2.3433179275000002,0.0001613348995
1.5258575166666666,0.6405503891111112,2.291147975555556,0.00011139082705555555
1.5291417983333335,0.7200329429722222,2.238978023611111,0.00011763383611111111
1.53242608,0.7995154968333333,2.186808071666667,0.00012387684516666666
1.5357103616666667,0.8789980506944444,2.134638119722222,0.00013011985422222222
1.5389946433333332,0.9584806045555555,2.082468167777778,0.00013636286327777777
1.41716075,0.5341231971666667,2.4501199716666666,0.00038513075549999993
1.39365989,0.6179661525833333,2.416411995833333,0.00039975001699999997
1.5255789775,0.519173172,2.3684567825,0.00015674673899999998
1.5285292877777779,0.6033106884444445,2.313493624444445,0.00011088103144444444
1.5314795980555556,0.6874482048888888,2.2585304663888888,0.00011661424488888889
1.5344299083333333,0.7715857213333334,2.2035673083333336,0.00012234745833333334
1.5373802186111112,0.8557232377777777,2.148604150277778,0.00012808067177777775
1.5403305288888887,0.9398607542222222,2.0936409922222223,0.0001338138852222222
1.5068980775,0.5998897409999999,2.334727885,0.00029401974825
1.5012896906250002,0.5247440232499999,2.39007333125,0.00021481016006250002
1.49087561875,0.5229406434999999,2.3942088475,0.000469693035625
1.5099796683333335,0.5258764033333333,2.37492649,0.00025611184141666665
1.5125522890625,0.6844548758749999,2.277110444375,0.00012875680928125
1.518206500625,0.7690200107499999,2.2194930037500002,0.0001523658005625
1.5238607121875,0.853585145625,2.161875563125,0.00017597479184374999
1.5295149237499999,0.9381502804999999,2.1042581225,0.000199583783125
1.4242900324999999,0.685888521,2.358166815,0.00037545328075
1.4393336568749997,0.58924310825,2.40765252875,0.00023516854318750003
1.4411444083333333,0.6059228626666666,2.3900078133333333,0.0005553953089166666
1.4579987841666666,0.5259572043333334,2.421848811666667,0.0004654242948333333
1.4162033721428569,0.773111098,2.3127378071428573,0.0003086604761071429
1.408116711785714,0.8603336749999999,2.2673087992857144,0.00031979261021428573
1.4000300514285713,0.947556252,2.2218797914285715,0.00033092474432142857
1.4010068175,0.530514359,2.47815293,0.0002212800935
1.3756860940624998,0.6173497728749999,2.4471655549999998,0.0001503562418125
1.3503653706249998,0.70418518675,2.4161781799999997,0.00016048822062499998
1.3250446471875,0.791020600625,2.3851908049999997,0.0001706201994375
1.2997239237499998,0.8778560145000001,2.35420343,0.00018075217825
1.2744032003124999,0.964691428375,2.3232160549999996,0.0001908841570625
1.3715585774999999,0.64508177275,2.4279689775,0.0002880837635
1.3997850656249997,0.5586380470625,2.460004150625,0.000213326163875
1.392095625,0.5480589961666666,2.4662487483333333,0.00039815614316666666
1.3427056529166665,0.7417677556250001,2.3950164695833336,0.00016486751308333333
1.3138527283333332,0.8384537384999999,2.3620639616666663,0.00018951076316666666
1.28499980375,0.935139721375,2.32911145375,0.00021415401324999998
1.4697832174999999,0.829538949,2.2309379,0.00030911236175
1.4722301029166664,0.7411669358333333,2.2851331950000002,0.00020852453029166667
1.474676988333333,0.6527949226666666,2.3393284899999998,0.00022864209658333336
1.4771238737499996,0.5644229095000001,2.393523785,0.00024875966287500004
1.471050703125,0.7336520982500001,2.2866258774999997,0.0005613028326875
1.47231818875,0.6377652475,2.342313855,0.000477239342375
1.473585674375,0.54187839675,2.3980018325000003,0.00039317585206250004
1.4835079762499999,0.9040175941666666,2.1714129766666668,0.00013914190862500002
1.4972327349999999,0.9784962393333333,2.1118880533333333,0.00017313599925
1.4493632559999998,0.9229204712000001,2.192783072,0.00029984514595
1.355187,0.8806900520000001,2.302307845,0.00024916776575
1.376733255,0.7837928550000001,2.3446081491666666,0.00019853376429166666
1.39827951,0.686895658,2.3869084533333336,0.00020866056458333334
1.4198257649999997,0.589998461,2.4292087575,0.00021878736487500002
1.362673015,0.79124958,2.3425059325,0.000309839629875
1.3160005074999999,0.9668169565,2.28429436625,0.0001674601386875
1.357686282,0.9638413536000001,2.249879028,0.00028785622675
0.824411876625,0.5256245120416666,2.0769277204166663,0.000146484757625
1.2828288283333333,0.573670149,2.473512171666666,0.00019840828091666668
1.2371086591666667,0.6548460425,2.452137350833333,0.00024037046383333335
1.29340002,0.5153233857499999,2.4825174800000003,0.00022243685100000002
1.242394255,0.625672660875,2.456640005,0.0001894414745
1.3109878531249999,0.5037821336875,2.5016991781249995,0.00017247420587499998
1.27112139875,0.581195401125,2.4780536287499997,0.00018850231375
1.231254944375,0.6586086685624999,2.454408079375,0.00020453042162500002
1.194408655,0.5145489050000001,2.2889708300000002,0.006551797554999999
1.138400705,0.52457179875,2.2780054224999997,0.0042275398449999994
1.112984895,0.533997707,2.324576735,0.00212670609075
1.431543765,0.50127750625,2.3586218375,0.00475074950825
1.4451464975000001,0.5097479075,2.3879186525000002,0.001983739158
1.235949875,0.5714645833333334,2.4671516816666665,0.00015614777408333333
1.2136691825,0.6537432596666667,2.4489571058333333,0.00015584945016666667
1.1110836112500002,0.6361117510000001,2.399797795,0.00015209704000000002
1.1501896675000003,0.5529720086666667,2.428466,0.000143860006
1.0565007225000003,0.7177371876666667,2.36701226,0.00017132272
1.00191783375,0.7993626243333334,2.3342267249999997,0.00016170988000000001
1.0141511250000002,0.714117467,2.345057605,0.00019811018875000002
1.0677137887500001,0.63226123125,2.38024380625,0.00015433366393750002
1.1212764525,0.5504049955,2.4154300075,0.000168925838875
0.9807430350000002,0.797552764,2.3232493974999997,0.000189522874375
1.0456801775,0.627430975,2.3631213275,0.00016468760087500002
0.9615279800000001,0.79759930025,2.31174364625,0.0003049015669375
0.9089048350000001,0.8810811335,2.2784296875,0.000269304440875
0.85628169,0.96456296675,2.24511572875,0.0002337073148125
1.1991329474999999,0.52640504375,2.341836335,0.00465001988925
1.1427538375000001,0.57380130875,2.3666520699999998,0.00159247050375
1.1515192375,0.53404303625,2.357721985,0.0021013703925
1.19649133,0.59160128225,2.36584872,0.002087303088
1.23632419,0.5668425855,2.35078019,0.00459666121675
1.2649729525,0.542813748,2.37984246,0.00414136915925
1.19741249,0.6269147545,2.3982531424999998,0.0008707403250000001
1.1436749975000002,0.6091147809999999,2.3990564924999997,0.00037590774075
1.26259923,0.59741853925,2.4223958249999997,0.00090045380075
1.31583941,0.544330489125,2.4484415625,0.0006538690943750001
1.2269938599999999,0.666720237625,2.4265791775,0.000528449949375
1.2627028825000002,0.555764936,2.4512354724999996,0.00042620725075
1.22704568625,0.6458934359999999,2.44099900125,0.00029132667437499997
1.2903268325,0.5380762295,2.4190536724999996,0.00166172450625
1.173692285,0.553481087,2.4260279525,0.00033873549175
1.1825403875,0.6447515115,2.42839524125,0.000247590794875
1.22753343,0.5296274572499999,2.45406425,0.000359321526
1.20946096,0.632824696625,2.44241339,0.000257883812
1.3068714725,0.5439834892500001,2.37475574,0.00472932966
1.3541615024999998,0.54473097625,2.3266872175,0.0072199109550000005
1.3310970075,0.5743526965,2.344548525,0.0048882975175
1.3135606025,0.50011055175,2.3721197849999998,0.007716690597499999
1.4012392774999998,0.55859042725,2.3351711649999998,0.00485525676575
1.3322253525,0.53924597075,2.4139669525,0.002249685007
1.3976747399999998,0.61067833025,2.3542155649999996,0.00208862236425
1.3567207474999998,0.62225684525,2.3608139175,0.002399459641
1.4019117349999999,0.5204855055000001,2.361032785,0.00525376649325
1.4155144675,0.52895590675,2.3903296000000003,0.002486756143
1.4075815075,0.5874807240000001,2.38600272,0.0012215242015
1.3937905725,0.51035893725,2.421056865,0.0023717656792499996
1.35965827,0.50318733625,2.4194769249999997,0.0030798959845
1.3858576125,0.5688837545,2.416729985,0.0011065337377500002
1.349190385,0.5900350735,2.4052944775,0.0015419306505000002
0.8239796279375,0.537794784,2.075533150625,0.00031974188018749994
0.8796172803000001,0.5018139246,2.123403024,0.0003017792123
0.8159620796500001,0.5398554388,2.070210432,0.0003586273874
0.8224639626500001,0.5328094828,2.076931666,0.0002871961044
0.9781979027500001,0.50993147475,2.2437157625,0.00020996265825
1.027703566375,0.525337978875,2.31245040625,0.000170613835625
0.9029008948333334,0.5325866341666667,2.1681497883333334,0.00015747734408333333
0.8276038869166666,0.5552417935833334,2.092583814166667,0.00018372000116666668
0.9029542215,0.5095822016666667,2.1464169816666665,0.00019095203266666666
0.8276305502500001,0.5437395773333333,2.0817174108333334,0.0002506693783333333
0.9828178212500001,0.51620180125,2.2259390375,0.00030016839625
0.8163201737083333,0.5354805895833332,2.0729622829166665,0.00018499898429166667
0.820421082875,0.533573498,2.078153142083333,0.00016542062533333334
1.2494016275000002,0.5028026624999999,2.3929967275,0.004173398041749999
1.26931725625,0.566145688375,2.48410373875,0.000153693757875
1.230352873125,0.6510838121875,2.457433134375,0.00015231758781250002
1.17522181625,0.57294099025,2.442792355,0.00016618282825
1.1182500984375001,0.6499527579375,2.40745456375,0.0001772473770625
1.0612783806250001,0.726964525625,2.3721167725,0.000173559194125
1.0043066628125001,0.8039762933125001,2.3367789812499997,0.00016987101118750002
1.183305153125,0.654481463125,2.4367774425,0.00016131446312500001
1.2428145816666667,0.5452531626666667,2.477123856666667,0.00015398102541666666
1.2171015358333335,0.6406375493333334,2.4539431933333336,0.00015151595283333333
1.07828933,0.6509467062500001,2.3880521650000004,0.000212195977
1.129383874,0.578369653,2.4210743900000002,0.0001925257282
1.1804784179999999,0.50579259975,2.454096615,0.0001974432904
1.1283268133333335,0.5628619788333333,2.4206355800000003,0.000163892985
1.0346378683333335,0.7276271578333334,2.35918184,0.000191355699
0.9909864066666667,0.8043076094166668,2.330311515,0.00020177583800000002
1.023363173,0.7303663250000001,2.352802086,0.0003148381498
0.968437016,0.8097859437500001,2.317552007,0.0002891776066
0.913510859,0.8892055624999999,2.282301928,0.0002635170634
0.858584702,0.9686251812500001,2.247051849,0.0002378565202
1.25374990875,0.573810758125,2.47870937,0.00015712128875000001
1.222569199375,0.6549163470624999,2.45473595,0.00015745888412500001
