2.7000494,1.49669838,2.53467369,0.000872346398
2.80952525,1.22237861,1.97165704,0.000316701451
1.88657904,1.26704001,1.23487604,0.00120884809
2.54259801,1.09573424,2.39743686,0.000281410757
1.88113749,1.15373111,1.56662393,0.000517452369
2.25373697,1.01516783,2.45213366,0.000107415835
1.81457877,1.09034407,1.8835119,0.000279340922
2.11527777,1.27560496,2.56803846,0.000108912667
2.19561768,1.47384715,2.44979668,0.000140616481
2.35593557,1.31280899,2.42485285,0.000217204361
2.57950115,1.31247103,2.23001909,0.000285777729
1.7198494650000002,1.342495045,0.9189680313333335,0.010013075698000001
1.7152392641666667,1.1440153891666667,0.859642997,0.011492658389333334
1.7257385633333335,1.48407072,0.8929518656666668,0.008898195298416667
1.9530269037499999,1.48981308875,0.9035782891249999,0.0014730727075000002
2.0332880668749995,1.437650739375,0.8744259815625,0.00210032115825
2.8353727621875002,1.4769231865624999,0.9552909346249999,0.000245320991375
2.640232265416667,1.4896580129166666,0.9071717048333334,0.00021966736516666668
2.5348956583333333,1.4688240883333332,0.8947920986666666,0.00022075892433333333
2.42955905125,1.4479901637500001,0.8824124924999999,0.0002218504835
2.324222444166667,1.4271562391666666,0.8700328863333333,0.00022294204266666665
2.2188858370833335,1.4063223145833332,0.8576532801666666,0.00022403360183333336
2.833848714,1.3565650219999998,1.1290102496,0.0002199190416
2.7438112785,1.360180443,1.09354317765,0.0002205906594
2.6537738429999997,1.363795864,1.0580761057,0.0002212622772
2.5637364075,1.367411285,1.02260903375,0.000221933895
2.4736989719999998,1.3710267059999999,0.9871419618,0.0002226055128
2.3836615365,1.374642127,0.95167488985,0.0002232771306
2.293624101,1.3782575479999999,0.9162078178999999,0.00022394874839999998
2.2035866654999996,1.3818729689999998,0.88074074595,0.00022462036619999999
2.7835369100000005,1.4399605455555557,1.2663265402222224,0.0002178849598611111
2.6997884500000002,1.433151526111111,1.2136949319444446,0.0002171941137222222
2.61603999,1.4263425066666666,1.1610633236666668,0.00021650326758333336
2.53229153,1.419533487222222,1.108431715388889,0.00021581242144444446
2.4485430700000004,1.4127244677777777,1.0558001071111112,0.00021512157530555556
2.3647946099999997,1.4059154483333334,1.0031684988333334,0.00021443072916666668
2.28104615,1.399106428888889,0.9505368905555556,0.00021373988302777778
2.19729769,1.3922974094444442,0.8979052822777778,0.0002130490368888889
2.110190441875,1.4519525087499998,0.9131309653124999,0.00029290973456249996
1.83546537,1.2788122875,1.0020481652500002,0.0062517343815
1.861022205,1.27292614875,1.1184621026250001,0.00373029123575
1.7412372500000002,1.34083372375,1.0321458726250001,0.00804386645575
1.7885516066666667,1.205830055,0.9566318991666667,0.0112462548605
1.7416378433333335,1.1328478225,0.9112156330833334,0.008748994621000001
1.9281599900000002,1.3143709883333332,0.9497900015,0.0022296286645
2.0208546099999998,1.3499296891666666,0.8975318377500001,0.004240681523
1.8316346700000001,1.43356788,1.093176321,0.0029385440552500003
1.859106855,1.350303945,1.1640261805,0.002073696072625
1.7393219000000002,1.41821152,1.0777099505,0.0063872712926250005
1.9021133100000003,1.4215480075,1.03120065925,0.0008985678683125001
1.97259195,1.409528135,0.9692249975,0.0015785599306250002
2.0430705899999997,1.3975082625,0.90724933575,0.0022585519929375
2.13924417,1.4907749575,1.247996256,0.0005286621570000001
2.05502246,1.4161966416666667,1.2436228506666667,0.0009821194456666668
1.97080075,1.3416183258333334,1.2392494453333334,0.0007553908013333333
2.132820435,1.464453315625,1.1473156105,0.00029609739375
2.1263967,1.43813167375,1.046634965,0.0003736189815
2.1199729649999997,1.411810031875,0.9459543195,0.00045114056925000005
1.7595473825,1.3008857950000001,2.492215395,0.0001311374615
1.848479979375,1.29456558625,2.51117116125,0.00011446886562499999
1.93741257625,1.2882453775,2.5301269275,0.00012002506424999999
2.0263451731249997,1.28192516875,2.54908269375,0.000125581262875
1.8202634580000001,1.359460448,2.5260985380000003,0.00012987046990000002
1.8809795335000001,1.418035101,2.559981681,0.00013018721780000002
2.23385373,1.4966857678571426,0.9497970819285713,0.0002481764854642857
2.1737014799999996,1.4410870789285712,0.8975353779642857,0.0002540966213571428
2.1619448641666668,1.4451028,0.9166453857083332,0.00024069290391666665
2.3259230895,1.481422924,1.02790982335,0.000218100582475
2.255131803,1.4494447459999997,0.9670311068999999,0.00021803269340000002
2.1843405165,1.4174665679999998,0.90615239045,0.000217964804325
2.851685205,1.234804773,1.8966489941666667,0.00033426581650000003
2.5202164135714287,1.0125945886428571,0.9706445296428571,0.00023059317825
2.452438549642857,1.0747435555357143,0.9497493870357141,0.0002426105505
2.3846606857142856,1.1368925224285713,0.9288542444285715,0.00025462792275
2.3168828217857143,1.1990414893214285,0.9079591018214286,0.000266645295
2.249104957857143,1.2611904562142855,0.8870639592142857,0.00027866266725
2.181327093928571,1.3233394231071427,0.8661688166071428,0.0002906800395
2.8537543495454547,1.2479029018636363,0.884230022340909,0.00024091096109090908
2.2825589966666664,1.0300726588333333,0.9184069545,0.00026558157349999996
2.240306555,1.118926591625,0.9001236343749999,0.00028908445725
2.1980541133333333,1.2077805244166666,0.88184031425,0.000312587341
2.1558016716666666,1.2966344572083333,0.863556994125,0.00033609022475
1.7320818900000001,1.2119702075,1.10304145675,0.0076708501975
1.7160486000000001,1.16504513875,1.1761441483750001,0.0067829446337499995
1.809330465,1.23950510875,1.1689587483750001,0.00443984914375
1.7196292866666667,1.1612686683333333,1.0239607601666667,0.011719293465833332
1.7462793175,1.1124046033333332,1.9320195608333335,0.00048796891883333334
1.99251751125,1.4910331425,1.401765786875,0.0010333690420625
1.9572046875,1.416368765,1.34613587125,0.000857889994125
1.92189186375,1.3417043875,1.290505955625,0.0006824109461874999
2.33236116,1.4109394387499998,2.44631439625,0.000223142453625
1.973177465,1.389246015,2.4895457625,0.00013746321000000002
2.0843975725,1.4315465825,2.46967122125,0.00013903984550000002
1.8822793020000002,1.35415139,2.44737997,0.00016410861800000002
1.791381139,1.319056765,2.4052141775,0.000157447266
2.0442276175,1.3324254875,2.52879211125,0.00012318793850000002
2.0031608966666665,1.4574170299999998,2.546907545,0.00013219021800000002
1.861331495,1.4916394350000002,2.2682540125,0.000143148736
1.94490304125,1.4871913637500003,2.313639679375,0.00014124954475000002
2.0284745875,1.4827432925000001,2.35902534625,0.0001418826085
2.11204613375,1.4782952212500002,2.404411013125,0.00014251567224999998
1.77567028375,1.4221727987500001,2.270869709375,0.00016386466150000001
1.9110402175,1.2633922675,2.29501596,0.00017491001
1.982184583125,1.3160059881250001,2.33371114,0.00014918986325
2.05332894875,1.36861970875,2.37240632,0.0001577632455
2.124473314375,1.421233429375,2.4111015,0.00016633662775000001
1.891747928,1.228782628,2.212715148,0.0002584547396
1.8724556385,1.1941729885,2.1304143360000003,0.0002375685572
1.8531633490000001,1.159563349,2.048113524,0.0002166823748
1.8338710594999998,1.1249537095,1.965812712,0.00019579619240000002
1.8129518256250001,1.250987423125,2.29094117,0.00017180498
1.7148634337500002,1.23858257875,2.28686638,0.00017283999
1.9791194016666667,1.267463165,2.38602346,0.00013091178133333334
2.0471985858333333,1.2715340625,2.47703096,0.00015291089566666667
1.7335824975,1.412302375,2.071293325,0.00036576632050000003
1.81058836125,1.4225598375000001,2.1343772175,0.00017814145425000002
1.887594225,1.4328173000000002,2.19746111,0.00021566642750000002
1.9646000887499997,1.4430747625000002,2.2605450025,0.00025319140075
2.0416059525,1.453332225,2.323628895,0.000290716374
2.11861181625,1.4635896875,2.3867127875,0.00032824134725
1.720444776,1.4668776280000002,1.9936089520000002,0.0001784770809
1.7702537175,1.2635937325,2.1214534350000003,0.00040268785825000003
1.8411477112499999,1.2986359687500002,2.1761773091666665,0.00018429504387500002
1.912041705,1.333678205,2.2309011833333336,0.00022797360675000004
1.98293569875,1.36872044125,2.2856250575,0.000271652169625
2.0538296925,1.4037626775,2.340348931666667,0.00031533073250000006
2.12472368625,1.43880491375,2.3950728058333333,0.00035900929537500004
1.785028735,1.205843845,2.04213959,0.0003204565674166667
1.7998037525,1.1480939575,1.9628257450000002,0.00036157221283333337
1.8075555275,1.38144517,1.9724921,0.00039290905849999997
1.8722325529166666,1.3968455,2.052042863333333,0.0001826652439166667
1.9369095783333332,1.41224583,2.1315936266666666,0.00022471400683333331
2.00158660375,1.42764616,2.21114439,0.00026676276975
2.0662636291666665,1.44304649,2.2906951533333335,0.00030881153266666667
2.130940654583333,1.45844682,2.3702459166666667,0.0003508602955833333
1.772640118125,1.4573785375,1.90008694,0.000196968342875
1.8098966083333332,1.28441147,1.9428320333333335,0.0003171969675
1.8122376891666665,1.1873777699999999,1.913171966666667,0.000355053013
1.7224142749999998,1.3464337199999998,1.9395908533333333,0.0008109857261666667
2.002675355,1.4850634624999999,2.08883238,0.00018482520675
2.05091093625,1.482259384375,2.179073455,0.00015166866243750002
2.0991465175,1.47945530625,2.26931453,0.000162720843875
2.1473820987499996,1.4766512281250002,2.3595556049999997,0.0001737730253125
1.9650560380000002,1.4061195839999998,2.047768284,0.00026043777894999996
1.927436721,1.3271757055,2.006704188,0.00024153463589999998
1.889817404,1.248231827,1.9656400920000001,0.00022263149285
1.8521980869999999,1.1692879485,1.924575996,0.0002037283498
2.395415125,1.4137958425,2.4569240225,0.00031460869325
2.5350625516666665,1.4347200183333333,2.559970298333334,0.0007313163418333333
2.6175559758333335,1.4657091991666666,2.547321994166667,0.0005902862856666667
2.40425234875,1.35826991375,2.4987357262500005,0.00033323029525
2.2675349725,1.327234415,2.529082775,0.0002008487445
2.23157632625,1.4005407825,2.4894397274999998,0.00017073261275
2.1914063712500003,1.3014196875,2.5485606174999997,0.00015488070575
2.23095721375,1.43128208625,2.51849621625,0.000189933653875
2.3264611975,1.39801803,2.55139935,0.00026632375025
2.26103943875,1.4359325900000002,2.500598015,0.000203470115625
2.34119838375,1.35541351,2.4881261,0.000241764055625
2.162064028,1.0050303931999998,0.8988191386,0.00029998606585
2.1499353285,1.1001448924,0.88543277245,0.0003813963257
2.137806629,1.1952593916,0.8720464063,0.00046280658555000005
2.1256779294999997,1.2903738907999998,0.85866004015,0.0005442168454
2.20135796,1.0621315435,1.0050628303333333,0.0003773929751666667
2.1794057775,1.142970755125,0.96511554125,0.00045680155975000005
2.157453595,1.22380996675,0.9251682521666666,0.0005362101443333334
2.1355014125,1.3046491783749998,0.8852209630833333,0.0006156187289166668
2.1863139620000003,1.0459378358,1.0710332656,0.00031913314555
2.168122779,1.13082547435,1.0145933676999999,0.0004196904851
2.149931596,1.2157131129,0.9581534697999999,0.00052024782465
2.1317404129999997,1.3006007514499998,0.9017135719,0.0006208051642
1.9453663049999999,1.036590317,0.9161308631666667,0.0024190779355000003
1.9114389424999998,1.1564292885,1.00556755275,0.004195206411500001
1.9245937683333332,1.0753939136666666,1.0291520785000001,0.002471659903833334
1.903152308333333,1.193299529,1.0820037151666668,0.0022043008638333336
1.8948656741666667,1.2301697695,1.1584398775833333,0.0031997536376666674
1.839200655,1.124241389,0.9589781575,0.010560745537166667
1.7669623675000001,1.0920534895,0.91238876225,0.007377975974333334
1.978809038333333,1.2327823223333332,0.9521362598333334,0.0015441193411666668
2.0461791341666666,1.3091353561666665,0.8987049669166667,0.002869662876333334
1.9955528975,1.1070305095,1.1243438009999998,0.0008871368605000001
1.97322815875,1.01017683675,1.1003324654999997,0.00124851175525
1.94106596875,1.18703525975,1.1796099205,0.0010479924752500001
2.007428565,1.025443831,1.1965306539999998,0.0006365368841666667
2.0250519806250002,1.1766449796249998,1.0545762692499998,0.000385716069625
2.05455106375,1.24625944975,0.9848087374999999,0.0005528563332500001
2.0840501468749997,1.315873919875,0.9150412057499999,0.0007199965968750001
1.78325756125,1.027240541875,1.2582001725,0.004403227077
1.8080554625,1.0895872085,1.10656084425,0.0056143222274999995
1.87947944125,1.00145518625,1.091440987125,0.0036121044387499995
1.75403538625,1.10385363925,1.177903842125,0.00575468064875
1.84731725125,1.17831360925,1.170718442125,0.0034115851587499997
1.770278335,1.0796800023333333,1.0263070184999998,0.0110337841425
1.7325012075000001,1.0697727961666668,0.94605319275,0.008324053185
1.8921694175,1.0401884295000001,1.2253370925,0.0023062526765
1.79609236375,1.0791542497500002,1.23729196625,0.00410064587325
1.88937422875,1.1536142197500001,1.23010656625,0.00175755038325
1.7152165474999999,1.31094548,1.2480084325,0.0047091174375
1.80089779375,1.288992745,1.2414422362500002,0.00295898276375
1.7689017066666666,1.3897716383333334,1.2404751600000001,0.0019252474329166669
1.8277403733333335,1.3284058241666667,1.2376756,0.0026416467758333334
1.7723825,1.4368255516666668,1.34391314,0.0011165521196666668
1.82948077,1.3519327808333335,1.2893945900000001,0.0010242561493333333
1.8584924925,1.05245298,2.501937745,0.00012465803399999998
1.773541031875,1.0927829574999999,2.4461325087500003,0.000159241986
1.944087585,1.1268369733333332,2.5239713166666666,0.00011416112266666667
2.0296826775,1.2012209666666667,2.5460048883333335,0.00011940957833333333
2.8492083950000002,1.4145011099999998,1.9921429166666667,0.00041093858683333335
2.8293668225,1.3184398599999998,1.9818999783333333,0.0005051757226666666
2.781598925,1.4494672125,2.52012811,0.0011846907523333332
2.8562909350000005,1.2011697175,2.49579080875,0.0010909155298750002
2.7513562833333336,1.4134417283333334,2.5573675424999998,0.0010785123925000002
1.7586765814285714,1.4192018671428572,2.516567197142857,0.00018076099725
1.8347893760714284,1.4628411653571427,2.5528331753571427,0.000197830089
1.727920799888889,1.49963412,2.480745952222222,0.00030530956325000005
1.7651674257142855,1.4828847814285715,2.4213734357142855,0.00026443465146428575
2.7900858525,1.076324165,1.5497777750000001,0.00023074246199999998
2.708069772083333,1.0206225715,1.5431648341666666,0.00015046909866666666
2.8046460654166663,1.1688840491666665,1.5717353658333333,0.00020218285783333334
2.8192062783333336,1.2614439333333332,1.5936929566666667,0.00020789477866666665
2.8337664912500005,1.3540038174999998,1.6156505475,0.00021360669949999997
2.848326704166667,1.4465637016666666,1.6376081383333334,0.00021931862033333334
2.4901906414285713,1.0171256060714287,1.1750118699999998,0.00022581691382142857
2.4274170728571427,1.0785194033928571,1.120055504,0.00023305802164285715
2.364643504285714,1.1399132007142856,1.065099138,0.00024029912946428573
2.3018699357142856,1.2013069980357143,1.010142772,0.0002475402372857143
2.239096367142857,1.2627007953571427,0.9551864059999999,0.0002547813451071428
2.1763227985714284,1.3240945926785714,0.9002300400000001,0.00026202245292857143
2.232034165,1.0739948348333335,1.105703167,0.00026321535324999996
2.2024129312499996,1.151868223625,1.0405957937499999,0.000285535126875
2.1727916975,1.2297416124166667,0.9754884205,0.00030785490049999996
2.1431704637499998,1.3076150012083332,0.9103810472499999,0.00033017467412499994
2.7229846125,1.1288674475,1.7134156225000001,0.00026533948775
2.652152072083333,1.06440864025,1.6795297070833335,0.00015623526962500002
2.7843153083333334,1.0590093336666666,1.7057377483333336,0.0003642939205833333
2.7518314916666666,1.160037835,1.799496095,0.00029958079658333334
2.7806783708333334,1.1912082225,1.8855765675,0.0002824601421666667
2.753877116,1.229430652,1.7070371620000002,0.00021024464714999999
2.7847696195000005,1.3299938564999998,1.7006587015,0.0002240183573
2.815662123,1.430557061,1.694280241,0.00023779206745000003
2.082324385,1.0642283694999999,1.232788551,0.0005182688045
2.0170759366666666,1.1318322496666666,1.2334843806666667,0.0009786549948333334
1.9518274883333335,1.1994361298333334,1.2341802103333332,0.0007484618996666666
2.088569354,1.1284803736,1.1552855756,0.0002785144057
2.094814323,1.1927323776999998,1.0777826002,0.0003384530054
2.1010592919999995,1.2569843818,1.0002796248,0.00039839160510000006
2.107304261,1.3212363858999998,0.9227766494,0.00045833020480000005
2.591728985,1.1928729859999998,1.3385006935,0.00018194362924999998
2.5427723825,1.1177465889999998,1.3671005995833332,0.000142335959875
2.4938157800000003,1.0426201919999998,1.3957005056666665,0.00015025749374999997
2.6393486758333333,1.2660080666666664,1.3956711312499999,0.00019404971904166666
2.686968366666667,1.339143147333333,1.4528415689999998,0.00019162850108333333
2.7345880575,1.412278228,1.5100120067499998,0.000189207283125
2.7822077483333336,1.4854133086666665,1.5671824445,0.00018678606516666664
2.68896923,1.1567394847999999,1.3342216848,0.00017903940425
2.786209475,1.1206059836,1.3299426761,0.0001797654605
2.5234175914285717,1.220389472285714,1.2680396907142855,0.00021334263789285715
2.455106197857143,1.2479059585714283,1.1975786879285715,0.00020810946978571429
2.386794804285714,1.2754224448571427,1.127117685142857,0.00020287630167857145
2.3184834107142858,1.302938931142857,1.0566566823571426,0.00019764313357142855
2.250172017142857,1.3304554174285712,0.9861956795714284,0.00019240996546428571
2.181860623571428,1.3579719037142857,0.9157346767857143,0.00018717679735714288
2.2938911925,1.2565816184999998,1.3179432910000002,0.00043957731475
2.294710828,1.1536882156,1.3563746588,0.00019544700375
2.2955304634999996,1.0507948127,1.3948060266,0.0002564795815
2.192063154375,1.259196216375,1.2971764782500002,0.0010165303961875002
2.0902351162499997,1.26181081425,1.2764096655000001,0.000824212702375
1.9884070781249998,1.264425412125,1.25564285275,0.0006318950085625
2.3668356846875,1.3034693499374999,1.3633907946250001,0.00022685923421875
2.439780176875,1.3503570813749999,1.40883829825,0.0002572475314375
2.5127246690625,1.3972448128125,1.4542858018750002,0.00028763582865625
2.5856691612500002,1.44413254425,1.4997333055,0.000318024125875
2.6586136534375,1.4910202756875,1.5451808091249999,0.00034841242309375
2.2578228,1.2823629727999997,1.2234093676000002,0.00026277610775
2.2217544074999998,1.3081443271,1.1288754442000002,0.0003069764095
2.185686015,1.3339256813999998,1.0343415208,0.00035117671125
2.1496176224999997,1.3597070356999998,0.9398075974,0.00039537701300000004
2.1545048925,1.0501827735,2.2485992625,0.0001902824915
2.20412093125,1.0326753017499999,2.35036646125,0.00014884916325
2.0865196679999998,1.0582150328,2.17558179,0.0002615292359
2.0185344435,1.0662472921,2.1025643174999997,0.00024371754979999997
1.950549219,1.0742795514,2.029546845,0.00022590586370000002
1.8825639945,1.0823118107,1.9565293725,0.0002080941776
2.2048625618749997,1.115839327625,2.292662659375,0.00021047389362499998
2.25522023125,1.18149588175,2.33672605625,0.00020374342625
2.3055779006250003,1.247152435875,2.380789453125,0.000197012958875
2.2301419975,1.2693572325,2.4737054125,0.000143537336
2.2380069883333333,1.1846274316666667,2.4665148283333336,0.00011945633533333333
2.2458719791666666,1.0998976308333335,2.459324244166667,0.00013149683566666666
2.21287983875,1.37160219125,2.46175104625,0.0001420769085
2.0948027975,1.2137410025,2.338370175,0.00015907147625
2.1477808549999997,1.147549945,2.3762913366666667,0.00012463438208333333
2.2007589125,1.0813588875,2.4142124983333333,0.00014185292916666666
2.128407758333333,1.3004430516666667,2.3755123433333334,0.00014676814608333334
2.1620127191666665,1.3871451008333333,2.4126545116666667,0.00015291981116666666
2.038757992,1.189061616,2.24739852,0.00025528703285
1.9827131864999998,1.1643822295,2.1564268650000002,0.0002312331437
1.926668381,1.139702843,2.06545521,0.00020717925455
1.8706235754999998,1.1150234565,1.974483555,0.0001831253654
2.10504028375,1.24467298125,2.4532043175,0.000133992071625
2.1549672475,1.2230420100000001,2.3025737725,0.00018614439975
2.187890488333333,1.1537506166666667,2.3524270683333333,0.00013365868991666664
2.2208137291666668,1.0844592233333334,2.402280364166667,0.00015990154483333331
2.1685173916666667,1.3066437233333335,2.351648075,0.00015579245391666665
2.1820675358333332,1.3902454366666668,2.4007223775,0.00017096842683333332
2.0982358345833334,1.2009256866666669,2.2327301270833337,0.00026380816829166666
2.0415044216666667,1.1788093633333334,2.162886481666667,0.0002482754145833333
1.98477300875,1.15669304,2.09304283625,0.000232742660875
1.9280415958333332,1.1345767166666667,2.0231991908333335,0.00021720990716666666
1.8713101829166665,1.1124603933333335,1.9533555454166665,0.00020167715345833332
2.2219566883333335,1.2529643366666667,2.343333465,0.00020685104058333333
2.288946129166667,1.2828866633333333,2.3840931575,0.00019649772016666666
2.19610810125,1.047866274875,2.51303237875,0.000109228545375
2.12687850125,1.178084839875,2.5709847787499998,0.000109976961375
2.282064795,1.212564585,2.52966702,0.00019254858300000002
2.2679008825,1.1138662075,2.49090034,0.000149982209
2.3190001825,1.2626867874999999,2.477259935,0.000204876472
2.1986712825000003,1.2440847725,2.54885274,0.000150730625
2.24056076875,1.09068548375,2.5282107312499997,0.000137130171125
1.816211045,1.006249330125,1.8541136375,0.00048215374187500005
1.854112685,1.013366124625,1.8239174325,0.00036875278724999997
1.760103248,1.088721894,2.5309719079999997,0.000110940229
1.8488968784999997,1.1354426605,2.5402385460000003,0.000112967791
1.9376905089999998,1.1821634269999999,2.549505184,0.000114995353
2.0264841395,1.2288841934999999,2.5587718219999998,0.00011702291500000002
1.813852173,1.1950619168499999,2.4907291515,0.0001194946844
1.914327372,1.2219095978999999,2.516498921,0.0001247856931
2.014802571,1.2487572789499999,2.5422686905000003,0.00013007670180000002
1.7157069424999998,1.0653427825000001,2.4762656675000003,0.00013291459775
1.795621108,1.1073952180000002,2.4946202260000003,0.00011371305315
1.8755352734999997,1.1494476535000002,2.5129747845000003,0.00011851343929999999
1.955449439,1.191500089,2.531329343,0.00012331382545
2.0353636045,1.2335525245,2.5496839015,0.0001281142116
2.771741728055556,1.1624142275,1.0406383594444442,0.0002236421093888889
2.6777142283333335,1.194281965,1.0127291186666665,0.00022617526108333335
2.583686728611111,1.2261497024999999,0.9848198778888888,0.00022870841277777777
2.489659228888889,1.25801744,0.9569106371111109,0.00023124156447222222
2.3956317291666664,1.2898851775,0.9290013963333332,0.00023377471616666668
2.3016042294444445,1.321752915,0.9010921555555556,0.0002363078678611111
2.207576729722222,1.3536206524999999,0.8731829147777777,0.00023884101955555558
2.799841585,1.0258698465,0.90627689725,0.00026383329174999997
2.714055040625,1.0708221644375,0.89865149434375,0.00022423299171875
2.62826849625,1.115774482375,0.8910260914375,0.00022989017743749998
2.5424819518749997,1.1607268003125,0.88340068853125,0.00023554736315624999
2.4566954075,1.20567911825,0.8757752856250001,0.000241204548875
2.370908863125,1.2506314361875,0.8681498827187499,0.00024686173459375
2.2851223187499996,1.295583754125,0.8605244798125,0.00025251892031249995
2.6190705814285713,1.0280146848571428,0.9214844403571428,0.0002225449910357143
2.5348170228571427,1.0875936357142857,0.9087826459642856,0.00022651417607142858
2.450563464285714,1.1471725865714286,0.8960808515714286,0.00023048336110714285
2.3663099057142856,1.2067515374285713,0.8833790571785713,0.00023445254614285713
2.282056347142857,1.266330488285714,0.8706772627857142,0.0002384217311785714
2.1978027885714284,1.325909439142857,0.8579754683928571,0.0002423909162142857
2.8451161975,1.07327310825,2.186564565,0.0008134441815
2.7558648887499997,1.027304880625,2.1913841375,0.00058579036325
2.85186400875,1.114342059125,2.2876954675,0.0009068399257500001
2.8332525483333333,1.1229749421666666,2.114928723333333,0.00048228236116666667
2.8213888991666667,1.1726767760833334,2.0432928816666664,0.0006478632713333333
2.8550090775,1.06568422475,2.3547063175,0.0010224789206250001
2.2357882575000003,1.1986422985,1.498280855,0.0005142964555
2.147125565625,1.187414501375,1.5153666237499999,0.000516663390625
2.05846287375,1.17618670425,1.5324523925,0.00051587441225
1.969800181875,1.1649589071250002,1.5495381612499999,0.000515085433875
2.2482284800000003,1.1073367596,1.50064471,0.0002103908319
2.2606687025000003,1.0160312207,1.503008565,0.0002863672378
2.1484859531250002,1.215741726375,1.43242965125,0.001035210181375
2.06118364875,1.23284115425,1.3665784475,0.00086157227275
1.973881344375,1.249940582125,1.30072724375,0.000687934364125
2.3159956165625,1.2527724449375002,1.5211861631249999,0.0002361991268125
2.396202975625,1.306902591375,1.54409147125,0.000275927316625
2.4764103346875004,1.3610327378125,1.566996779375,0.0003156555064375
2.5566176937500003,1.41516288425,1.5899020875,0.00035538369625
2.6368250528125,1.4692930306875,1.612807395625,0.00039511188606250003
2.46652481,1.1874769485,1.682476105,0.00029125979575
2.3689602566666665,1.1818526420833335,1.6631674091666666,0.0004797536067916667
2.2713957033333334,1.1762283356666667,1.6438587133333336,0.00044205484458333333
2.17383115,1.1706040292500002,1.6245500174999998,0.00040435608237499997
2.0762665966666667,1.1649797228333334,1.6052413216666666,0.00036665732016666667
1.9787020433333335,1.1593554164166666,1.5859326258333335,0.00032895855795833336
2.4328177220000002,1.0984044796,1.64800091,0.00016578349995
2.399110634,1.0093320107000001,1.613525715,0.00019715257389999998
2.5522749200000003,1.1962023638750001,1.7547713387500001,0.0003103410371875
2.63802503,1.2049277792500002,1.8270665725000002,0.000303980623375
2.72377514,1.213653194625,1.89936180625,0.0002976202095625
2.535011863333333,1.2615113687500001,1.6823173075,0.000212269080125
2.603498916666667,1.3355457890000002,1.6821585100000003,0.00022806722325
2.67198597,1.40958020925,1.6819997125000001,0.000243865366375
2.7404730233333336,1.4836146295000001,1.681840915,0.0002596635095
2.16298975875,1.0358179926875,1.643787014375,0.00046039146168749996
2.0690390025000003,1.075122365125,1.61806598625,0.000403330554375
1.97508824625,1.1144267375625,1.592344958125,0.0003462696470625
2.3358811914285713,1.028780047357143,1.7126721849999997,0.00031277392082142857
2.414821867857143,1.0610464744642858,1.7558363275,0.00030884639064285714
2.4937625442857145,1.0933129015714287,1.7990004699999997,0.0003049188604642857
2.5727032207142857,1.1255793286785716,1.8421646125,0.00030099133028571427
2.6516438971428573,1.1578457557857142,1.885328755,0.00029706380010714284
2.730584573571429,1.1901121828928571,1.9284928974999997,0.0002931362699285714
2.02422145,1.0062890495,1.4131261149999998,0.00059298794525
1.9765267966666666,1.055436403,1.4642920533333332,0.0005426308944166667
1.9288321433333335,1.1045837565,1.5154579916666666,0.0005678094198333333
1.9783406466666666,1.0932060363333336,1.3537094233333333,0.0010035613750833334
1.9324598433333335,1.1801230231666668,1.2942927316666666,0.0007982746601666666
1.9415430525000001,1.07131626875,1.5483559108333331,0.00039771252366666666
2.0782643875,1.4344083075,1.5414736875,0.00051360654175
2.012555421666667,1.3408492416666666,1.5498571016666665,0.0005161704265833334
1.9468464558333334,1.2472901758333335,1.5582405158333332,0.0005148884841666666
1.9961902880000002,1.484562374,1.569753242,0.00020804512515
2.030343050625,1.3925662331250002,1.4648242756249998,0.0010350377029375
1.98242171375,1.35072415875,1.38817486375,0.000861227315875
1.934500376875,1.308882084375,1.3115254518750001,0.0006874169288124999
2.1781622303125,1.4590677028125,1.5589798915625,0.00023611288759374998
2.2780600731250003,1.4837270981250001,1.576486095625,0.0002757548381875
1.8872311425,1.0157214405000001,1.6843057575000002,0.000535763421
1.8841843162499998,1.08472627525,1.62546484375,0.000526607895
1.85090495625,1.05303275525,1.78390882875,0.0004075521715
2.2114999358333334,1.4757776870833335,1.7340758008333332,0.000481858782625
2.145427446666667,1.411368371666667,1.7005854266666667,0.00044626519625
2.0793549575,1.3469590562500002,1.6670950525,0.000410671609875
2.0132824683333332,1.2825497408333335,1.6336046783333331,0.0003750780235
1.9472099791666668,1.2181404254166668,1.6001143041666668,0.000339484437125
1.7657182825,1.39042911,1.4825096750000002,0.0009386348225
1.8041913516666668,1.3115297766666667,1.5105477600000001,0.0006578465201666667
1.8426644208333334,1.2326304433333335,1.538585845,0.0007982406713333334
1.741262184375,1.4641164925,1.5326001212500002,0.000333399783875
1.8060052016666668,1.34929941,1.3999651300000002,0.0011187770008333335
1.8462921208333334,1.30816971,1.317420585,0.0010287059116666666
1.7787286925,1.10305097625,1.6844564975,0.00128338550525
1.82993309125,1.1283910431250002,1.62554021375,0.000900418937125
1.79641352625,1.027015700625,1.67094631375,0.001220689592625
1.7966537312500002,1.096697523125,1.78398419875,0.000781363213625
1.90748474,1.0438108160000001,1.52572709625,0.0008645328967499999
1.8803495474999998,1.054899559875,1.5652935675000001,0.0009453774947499999
1.9240553074999998,1.4050344525,1.8680391925,0.00027903417875
1.913325853125,1.342208616875,1.7926853768750002,0.0004578478214375
1.9025963987499999,1.27938278125,1.71733156125,0.000398243273875
1.8918669443749998,1.216556945625,1.6419777456249998,0.0003386387263125
1.8600149531249999,1.4750704993750001,1.8217472593750001,0.0001684996229375
1.8875631283333332,1.3001376583333333,1.8731967616666667,0.00027923867425
1.8510709491666666,1.1952408641666667,1.8783543308333335,0.00027913642649999995
1.9824204178571427,1.4458701007142858,1.9353406621428573,0.0002007380138214286
2.0407855282142857,1.4867057489285713,2.002642131785714,0.00021378737464285713
2.097992425416667,1.48811112875,1.8710812508333334,0.00048149285412500003
2.054621438333333,1.4212351250000002,1.8101897866666667,0.00044553333925
2.01125045125,1.35435912125,1.7492983224999998,0.000409573824375
1.9678794641666668,1.2874831175,1.6884068583333334,0.00037361430950000004
1.9245084770833334,1.22060711375,1.6275153941666667,0.000337654794625
1.7572782033333332,1.3032144916666666,1.5764440916666667,0.0008220054335
1.8192078466666666,1.2284728008333334,1.571534010833333,0.001126558498
1.8747279350000001,1.100290416,1.3479127924999998,0.00203314410625
1.8779327125,1.127010763,1.45726836125,0.001275298237625
1.7873716225,1.109205243,1.29857981625,0.0039640915881249995
1.8806534875,1.183665213,1.29139441625,0.0016209960981249999
1.9268785900000003,1.0209504353333334,1.3455766483333331,0.0010185392994166665
1.86509791,1.075097055125,1.4781765675,0.001577879441375
1.77453682,1.057291535125,1.3194880225,0.0042666727918750005
1.7737486375,1.2486644674999998,1.3741035199999998,0.00237948089725
1.82744306375,1.20119778875,1.470363725,0.0014484666331250002
1.724919995,1.3176985383333333,1.3979581033333333,0.0020575496724166667
1.73688197375,1.18339226875,1.31167518,0.004137259983625
1.8301638387499999,1.25785223875,1.30448978,0.0017941644936250003
1.7922582025,1.194961325,1.51978597375,0.001694705003125
1.7971872675,1.1690698425,1.6525842425,0.0008831727346249999
1.7639079075000001,1.1373763225,1.8110282275,0.0007641170111249999
1.74475638,1.2733218483333333,1.6477976066666664,0.0007489587668333334
1.812946935,1.2135264791666667,1.6072107683333332,0.0009804651646666666
1.7289354799999999,1.30141616,1.7516989125,0.0004871180305
1.779669483333333,1.2521878100000001,1.6900072516666667,0.0005073409228333334
1.8304034866666665,1.2029594600000002,1.628315590833333,0.0004972294766666667
1.7574832433333332,1.2310587966666666,1.795636575,0.00034859995816666667
1.7860310066666667,1.1607014333333332,1.8395742375,0.00041785899433333335
2.2185057387500002,1.00346272225,2.5295727875000003,0.0001377067535
2.26295840625,1.046281931125,2.54475114,0.00016560837924999998
2.2864702912499997,1.003721198375,2.3655827675000003,0.00013262887825
2.328386601875,1.0724081725624999,2.31548711875,0.000202363751125
2.3375695912500003,1.1525417783749998,2.3519423625,0.00018752314125000002
2.346752580625,1.2326753841875,2.38839760625,0.000172682531375
2.2094140625,1.01106862675,2.136876435,0.00020082319325
2.130447004,1.0269237154,2.086203528,0.00026363737625
2.0514799454999997,1.04277880405,2.0355306210000004,0.0002479338305
1.9725128870000002,1.0586338927,1.9848577139999999,0.00023223028475
1.8935458285,1.07448898135,1.934184807,0.000216526739
2.246044439375,1.0865037175624999,2.2088705387500003,0.0002131090690625
2.28267481625,1.161938808375,2.2808646425,0.000209013777125
2.3193051931250004,1.2373738991875,2.35285874625,0.0002049184851875
1.8852165775,1.040749526375,1.913218028125,0.0002185500505625
2.300786585,1.02566278,1.7932935975,0.00029299979375000003
2.2168567660000003,1.051276446,1.7479596640000001,0.00047256185395
2.132926947,1.076890112,1.7026257305,0.0004276713389
2.048997128,1.102503778,1.657291797,0.00038278082385000004
1.965067309,1.128117444,1.6119578635,0.0003378903088
2.3855763625,1.0584487516666667,1.8230208379166668,0.00031275117479166666
2.47036614,1.0912347233333333,1.8527480783333332,0.00030880089858333336
2.5551559175,1.124020695,1.88247531875,0.000304850622375
2.639945695,1.1568066666666668,1.9122025591666665,0.0003009003461666667
2.7247354725000004,1.1895926383333333,1.9419297995833331,0.0002969500699583334
1.99507914,1.0463464666666666,1.7030461849999998,0.0004395214665
1.938108315,1.1000387883333334,1.6348350575,0.000361590564
1.9728929000000002,1.0252174533333334,1.8086755083333332,0.0002807805018333333
1.8937358350000002,1.0577807616666666,1.8460937041666667,0.0002822200816666666
1.8958743208333333,1.0313363412499998,1.8727661066666668,0.00023048756933333333
2.5668098329999998,1.0426066361,1.8561604045000002,0.0002689169938
2.647714972,1.1025306274,1.8946592830000002,0.0002450247652
2.728620111,1.1624546187,1.9331581615,0.00022113253660000003
2.31078216375,1.01256803225,2.51951834875,0.00021241566325
1.7318121850000001,1.0081617336250002,2.408889993125,0.000159635939125
2.0773565475,1.00479686125,2.48545003,0.0001112482205
2.1655467587499997,1.009982345625,2.468791845,0.00010933202775
2.089996955,1.0950662275,2.5129795066666665,0.00010969118483333334
2.1026373625,1.18533559375,2.5405089833333334,0.00011046970266666666
1.8935939675000002,1.05444812625,2.442095815,0.00012708675425
1.7998671381250002,1.0942793171875,2.40125106125,0.0001598491660625
1.9674885683333334,1.1281670708333333,2.4840766966666665,0.00011497069608333333
2.0413831691666666,1.2018860154166666,2.5260575783333334,0.00012102872516666667
1.9266403750000003,1.00919876875,2.05912543875,0.00022206315124999998
1.8706095725000003,1.049771419375,1.971318669375,0.000193424265875
2.0190793575,1.0513521565,2.3182739325,0.00015272133525
2.0972985616666664,1.0392907143333332,2.3628938416666667,0.00012251766841666665
2.1755177658333333,1.0272292721666667,2.407513750833333,0.00013761950183333334
1.9781792399999998,1.0591505392,2.231321526,0.00025401700465
1.9372791225,1.0669489219,2.1443691195,0.0002286930873
1.896379005,1.0747473046,2.057416713,0.00020336916995
1.8554788875,1.0825456873,1.9704643065,0.0001780452526
2.051145495,1.1261030909999998,2.401528775,0.00012351555641666666
2.0832116325,1.2008540255,2.4847836174999998,0.00013811844583333334
1.8353167775,1.1010034215,2.2749197175,0.000168559869
1.8544524916666667,1.008766203,2.3064170483333335,0.00013299723433333332
1.830132275625,1.098338583625,2.177067763125,0.00025164565875
1.82494777375,1.09567374575,2.07921580875,0.0002239503955
1.819763271875,1.093008907875,1.981363854375,0.00019625513225
1.7297734016666668,1.1385932443333333,2.276185411666667,0.00017003326966666667
1.905307025625,1.144653806125,2.348199403125,0.0001238244675
1.97529727375,1.1883041907499998,2.42147908875,0.000138736268
2.045287521875,1.2319545753749999,2.4947587743749997,0.00015364806850000001
2.7081154575,1.0601562775,1.85489148,0.00029052087675
2.75882035375,1.14126744375,1.91327426,0.00027743058962500003
2.69029511375,1.0009069810625,1.88934786625,0.000304558927375
2.7300384925000003,1.074730857375,1.9167842575,0.00029241640375
2.76978187125,1.1485547336875002,1.94422064875,0.000280273880125
2.6227930415,1.01862453155,1.8787674205,0.00026933774209999997
2.685037111,1.0865425577,1.909730627,0.00024565588765
2.7472811805,1.15446058385,1.9406938335000001,0.00022197403319999999
1.7236374799999998,1.022868638125,1.22556513875,0.0092226043525
2.305847285,1.14358383325,2.1359065475000003,0.00023297541349999999
2.39706524,1.1998795654999999,2.167277395,0.00026817695716666663
2.488283195,1.25617529775,2.1986482425,0.0002505761853333333
2.3477288762499997,1.0723656856875,2.1032404981250004,0.00017042783487499998
2.3896104675,1.001147538125,2.0705744487500004,0.00019127702775
2.2239691991666666,1.1347105393749999,2.093840772916667,0.00027161333725000004
2.1420911133333336,1.1258372454999999,2.0517749983333338,0.0002638857525
2.0602130275,1.1169639516249998,2.0097092237500003,0.00025615816775
1.9783349416666667,1.10809065775,1.9676434491666668,0.00024843058299999995
1.8964568558333332,1.099217363875,1.9255776745833333,0.00024070299824999997
2.32254338,1.1999922188333332,2.232221981666667,0.00022246137849999998
2.3392394750000003,1.2564006044166667,2.3285374158333334,0.00022771839599999998
2.6322534075,1.093724384,2.1007805475,0.00027754859175
2.6146693216666668,1.1666399326666665,2.1438600616666665,0.00028303468324999997
2.597085235833333,1.2395554813333334,2.186939575833333,0.00028029163749999995
2.5792934883333336,1.0153866703333332,2.0689344816666666,0.00019223529191666664
2.64943349375,1.0375305184999999,2.14849212875,0.000317842568375
2.6913440216666666,1.136609126,2.0577393783333333,0.00030365049791666665
2.7504346358333334,1.179493868,2.0146982091666668,0.0002905995448333333
2.435884385,1.13682299825,1.9433856025000003,0.00031737754774999996
2.4717885762500003,1.1807350061875,2.015043974375,0.00029367768368749995
2.5076927675,1.2246470141249999,2.08670234625,0.00030157763837499997
2.54359695875,1.2685590220625,2.158360718125,0.0003094775930625
2.448380806666667,1.0441190798333333,1.9640045183333337,0.00020551161058333332
2.356634828571429,1.1392384427857143,1.8895625064285717,0.0004888702516785714
2.2773852721428574,1.1416538873214286,1.8357394103571432,0.00046028813435714287
2.198135715714286,1.1440693318571429,1.7819163142857146,0.0004317060170357142
2.118886159285714,1.1464847763928572,1.7280932182142859,0.0004031238997142857
2.0396366028571427,1.1489002209285715,1.6742701221428575,0.00037454178239285714
1.9603870464285713,1.1513156654642858,1.6204470260714285,0.0003459596650714285
2.52929460125,1.1582119011875,1.9504534618750002,0.0003168704751875
2.6227048175,1.1796008041250001,1.9575213212500002,0.000317039499375
2.71611503375,1.2009897070625,1.964589180625,0.00031720852356249997
2.187147765,1.1038143632500002,1.9213493175000003,0.0003080374155
2.265618442,1.1455456966000002,1.983083272,0.0002902296663
2.344089119,1.1872770299500002,2.0448172265,0.00029468160360000004
2.422559796,1.2290083633,2.106551181,0.00029913354089999996
2.5010304729999997,1.27073969665,2.1682851355,0.00030358547820000004
2.25870423625,1.0425385831875,1.942322575625,0.000189193335375
2.12594571,1.1137977126,1.85040424,0.00047556937829999995
2.064743655,1.12378106195,1.7794591625,0.00043368638759999997
2.0035416,1.1337644113,1.708514085,0.0003918033969
1.942339545,1.14374776065,1.6375690075000002,0.00034992040620000005
2.09400551625,1.1004467899375001,1.9118899631250001,0.00028651504537499997
2.0008632675,1.097079216625,1.90243060875,0.00029368916875
1.9077210187500002,1.0937116433125,1.892971254375,0.00030086329212500003
2.36591637,1.44750279,2.360954525,0.000207821806
2.4371112966666666,1.4024922033333334,2.3173093799999998,0.0002597924213333333
2.5083062233333333,1.3574816166666666,2.273664235,0.00023380711366666665
2.280767025,1.46067497,2.4053756025,0.0001742191435
2.2364082925,1.2973678100000001,2.24704513,0.00023073487325
2.3507725783333333,1.3024022166666667,2.2413697833333335,0.0002674301104166667
2.4651368641666664,1.3074366233333334,2.235694436666667,0.00024908249183333336
2.2228114216666666,1.3561942566666667,2.31462898,0.00017065594508333334
2.209214550833333,1.4150207033333335,2.3822128300000003,0.00020069540916666667
2.1661033720833336,1.2628638533333334,2.1864562583333336,0.00027123991387500003
2.095798451666667,1.2283598966666667,2.1258673866666666,0.00026313890575
2.02549353125,1.1938559400000002,2.065278515,0.000255037897625
1.9551886108333334,1.1593519833333334,2.004689643333333,0.00024693688950000003
1.8848836904166666,1.1248480266666667,1.9441007716666665,0.000238835881375
2.29617193125,1.3050884,2.3359489900000003,0.000223969617125
2.23057717,1.39188656,2.2256192875,0.00022335594625
2.317808165,1.3720326775000002,2.226719238125,0.0002701722833125
2.4050391600000003,1.352178795,2.22781918875,0.000254566837625
2.492270155,1.3323249124999998,2.228919139375,0.0002389613919375
2.213097425,1.432866855,2.3377079837499997,0.000181986213625
2.1612441033333334,1.3416294783333333,2.168601389583333,0.00027001009270833336
2.0919110366666667,1.2913723966666668,2.1115834916666665,0.00026067926341666667
2.02257797,1.241115315,2.05456559375,0.000251348434125
1.9532449033333332,1.1908582333333333,1.9975476958333334,0.00024201760483333332
1.8839118366666665,1.1406011516666668,1.9405297979166665,0.00023268677554166668
2.2645884733333332,1.49155237,2.263462685,0.00019957775074999997
2.1519571225,1.31185755,2.0048261,0.00031756491825
2.2374659279999998,1.311980246,2.049864698,0.00029213516684999997
2.3229747334999997,1.312102942,2.094903296,0.0002984926047
2.4084835389999997,1.3122256380000001,2.1399418939999997,0.00030485004255
2.4939923444999996,1.3123483340000002,2.1849804919999998,0.00031120748040000003
2.0977931959999996,1.2802322620000002,1.917185666,0.00047747487884999997
2.0436292695,1.2486069739999999,1.8295452319999999,0.00043749738869999994
1.989465343,1.216981686,1.7419047979999998,0.00039751989854999996
1.9353014165,1.1853563980000001,1.654264364,0.0003575424084
2.067612534375,1.25647918,1.97449755,0.0002888969210625
1.9832679462499998,1.20110081,1.944169,0.000298452920125
1.898923358125,1.1457224400000001,1.91384045,0.0003080089191875
2.1880879139999996,1.3876628380000002,2.0716907759999996,0.00021366390605
2.2242187055,1.463468126,2.138555452,0.00023963915910000003
2.72856295,1.1678993257499999,2.1966765525,0.00049021284875
2.65403205,1.240185177875,2.21334782125,0.000387995288875
2.6975882650000003,1.0746179893749999,2.19644013125,0.000424174696875
2.7935873850000004,1.1616551678749998,2.29275146125,0.000745224259375
2.7690441000000003,1.195138967875,2.08416679625,0.000403457149875
2.4920242999999997,1.4532155974999998,2.3821737775000003,0.00039075428525
2.5357627249999997,1.38284331375,2.30609643375,0.00033826600712499996
2.561366,1.4677098583333332,2.433007081666667,0.00071181569375
2.6307077,1.4822041191666666,2.4838403858333336,0.0005512849894999999
2.423979935,1.3830122937499998,2.4035133137500004,0.00030397932312499997
2.5767471775,1.43001153875,2.27039557625,0.00035736362775
2.3692652275,1.46181023,2.0687596225,0.00034022601925000004
2.4393438683333333,1.4120304966666666,2.1225127783333333,0.0003039271590833333
2.509422509166667,1.3622507633333334,2.1762659341666666,0.00032207658916666665
2.3082492603125,1.4233003400000002,2.0059926609375,0.00049529907528125
2.2472332931250003,1.38479045,1.9432256993750001,0.00047314578156249995
2.1862173259375,1.34628056,1.8804587378125,0.00045099248784375004
2.12520135875,1.30777067,1.81769177625,0.000428839194125
2.0641853915625,1.26926078,1.7549248146875,0.00040668590040625
2.003169424375,1.2307508900000002,1.6921578531249999,0.0003845326066875001
1.9421534571874999,1.1922409999999999,1.6293908915625,0.00036237931296875006
2.415636835,1.1247897732499998,2.2780619875,0.00018999414175
2.470258273333333,1.1873501921666665,2.2620476883333334,0.0002538498665833333
2.5248797116666664,1.2499106110833331,2.2460333891666666,0.00022192200416666665
2.43007103875,1.0582701406875,2.209857078125,0.0001596825169375
2.3616702133333334,1.0882491255,2.3360858783333334,0.00013494193725
2.307703591666667,1.05170847775,2.3941097691666666,0.00016246803949999998
2.3857862025000003,1.2187993816249998,2.35145741875,0.000203599251375
2.42583692,1.001273169,2.2366965425,0.00019426529975
2.47705833,1.1050057893333334,2.234470725,0.00025527358591666667
2.52827974,1.2087384096666667,2.2322449075,0.00022476944283333333
2.36847027,1.0059047226666666,2.308508915,0.00013636565658333333
2.31110362,1.0105362763333334,2.3803212875,0.00016531547816666666
2.73757118,1.4641719750000002,2.00561136,0.00029223386075
2.68488117,1.4136049933333334,2.0804139366666665,0.0002879297729166667
2.63219116,1.3630380116666667,2.1552165133333334,0.00029008181683333337
2.76155587,1.3835741866666669,1.9942932533333333,0.00030854558758333336
2.7855405600000003,1.3029763983333333,1.9829751466666665,0.0003003897241666667
2.536902755,1.330066055,1.862455845,0.0003291006215
2.54755235375,1.32566729875,1.95434665625,0.000296608452125
2.5582019525,1.3212685425,2.0462374675,0.00030743917525
2.56885155125,1.3168697862499998,2.13812827875,0.00031826989837499997
2.443222002857143,1.3048753485714286,1.8201941428571429,0.0004905449765
2.3495412507142857,1.2796846421428572,1.7779324407142856,0.00046363758400000003
2.2558604985714283,1.2544939357142857,1.7356707385714287,0.00043673019149999997
2.1621797464285715,1.2293032292857142,1.6934090364285714,0.00040982279899999996
2.068498994285714,1.2041125228571428,1.6511473342857146,0.0003829154065
1.9748182421428568,1.1789218164285715,1.608885632142857,0.00035600801399999994
2.62777692,1.2941702400000001,1.8988562433333334,0.0003208345078333333
2.7186510850000003,1.258274425,1.9352566416666668,0.0003249675646666666
2.60501163,1.390389538,1.82626934,0.0002229968739
2.673120505,1.4507130209999999,1.7900828350000002,0.0002495228108
2.50547424,1.4470101,1.9043530825000001,0.00034242159025
2.5239809675,1.4133753325,1.985769584375,0.0002999386943125
2.542487695,1.379740565,2.06718608625,0.000314099659625
2.5609944225,1.3461057975,2.1486025881249997,0.0003282606249375
2.42743214625,1.41035022625,1.8621369384375002,0.00049557352165625
2.3493900525,1.3736903525,1.8199207943750002,0.00047369467431249997
2.27134795875,1.33703047875,1.7777046503125,0.00045181582696875004
2.193305865,1.300370605,1.73548850625,0.000429936979625
2.11526377125,1.26371073125,1.6932723621875,0.00040805813228124996
2.0372216775,1.2270508575,1.651056218125,0.0003861792849375
1.95917958375,1.19039098375,1.6088400740625,0.00036430043759375005
2.5798688179999996,1.4839447739999998,1.8597871300000002,0.00022566106765
2.7945634725,1.43075925,2.1395097975,0.0006217395564999999
2.722876031666667,1.3913298433333332,2.169679561666667,0.0003977650048333333
2.6511885908333332,1.3519004366666665,2.199849325833333,0.0005097522806666666
2.799550731666667,1.3612990366666666,2.083558878333333,0.00041838081949999997
2.8045379908333334,1.2918388233333333,2.0276079591666667,0.0005200601879999999
2.83826363,1.297073305,2.2019048925,0.0007793021424999999
2.75200947,1.30220588,2.2112762916666666,0.0004502858668333333
2.6657553099999998,1.307338455,2.2206476908333332,0.0006147940046666666
2.848437725,1.2262421575,2.29536563125,0.0008897689062499999
2.82389444,1.2597259575000002,2.08678096625,0.00054800179675
2.7671945100000004,1.4993391925,2.28026396,0.00076065079325
2.704630056666667,1.437049805,2.26351567,0.0004440687504166666
2.642065603333333,1.3747604174999999,2.24676738,0.0006023597718333333
2.744812806666667,1.4984589216666666,2.365067203333333,0.00083511452975
2.7224311033333333,1.4975786508333333,2.4498704466666665,0.0007978826614999999
2.8108946675000004,1.3656532475,2.342659055,0.00091821337925
2.7337634950000003,1.3479258416666666,2.3051124,0.0004965896124166666
2.6566323225,1.3301984358333332,2.2675657449999997,0.0007074014958333333
2.8347532437500003,1.26053212875,2.3657427125,0.000959224524625
2.7739462450000003,1.4093349583333334,2.4066639333333333,0.00088763539175
2.7369978225000002,1.4530166691666668,2.4706688116666666,0.0009029243855
1.8057011362500002,1.0014687097500001,1.9018509087500002,0.000375471945625
1.84564335,1.0277111718333334,1.9661876458333334,0.00023582447350000002
1.73436550625,1.07797545025,1.97696663375,0.00034637632587499996
1.7390021075,1.0102860470000001,2.1427436775,0.00021746652975
1.7641943283333332,1.0369720546666668,2.056333085,0.0002587161245833333
1.7893865491666667,1.0636580623333334,1.9699224925,0.00023809132716666668
1.7309757775,1.0222333815,1.40423748,0.007557048864749999
1.7810296816666669,1.0660659576666667,1.4583662966666666,0.0028639845342499997
1.8310835858333334,1.1098985338333334,1.5124951133333333,0.005210516699499999
1.71549554375,1.0701767257500001,1.32674216,0.006726043967375
1.783706575,1.1336594898749999,1.5139447475,0.003980907783124999
1.820317015,1.067089790125,1.53645436625,0.0034451199431249995
1.7147964225,1.0718029585,1.5633128875,0.006260101849749999
1.79796695625,1.11276703425,1.56496840875,0.0033887771093749994
1.76444739125,1.01139169175,1.61037450875,0.0037090477648749997
1.77632288625,1.0227147108749999,1.8487518575,0.00075954170125
1.7429914312500001,1.047268977875,1.92260184875,0.000628300200875
1.7658129775,1.0179340905,1.89648912875,0.0006528599050000001
1.7597330962500002,1.00381445075,1.7055931375,0.0014592781677500001
1.75997330125,1.07349627325,1.8186310225,0.00101995178875
1.7207555162500001,1.092728397625,1.9019086062500001,0.0007177357946250001
1.7272274775,1.114175072625,1.84567505125,0.00100270558625
2.48540845625,1.0212792015,2.402522835,0.000279700617875
2.5370180325,1.017050304375,2.37053159125,0.000311040706625
2.44314301,1.06052891825,2.3347451699999997,0.00022722332849999996
2.4885957233333333,1.1445096221666666,2.2998364766666666,0.0002662595955
2.5340484366666667,1.2284903260833333,2.2649277833333334,0.00024674146199999997
2.34843999,1.037848374125,2.3934394149999996,0.00016731958174999998
2.432942925,1.1840455225,2.376110615,0.00022295217049999997
2.5062220374999997,1.24825827625,2.3030648525,0.00025436494975
2.3732076066666665,1.1277529583333332,2.40145163,0.00014592794683333332
2.313472288333333,1.0714603941666667,2.426792645,0.00018444005866666665
2.3944392475000003,1.2484272562499998,2.4004817325000003,0.00022007826574999998
2.3888948549999998,1.167596905,2.4870166200000003,0.0002356731055
2.4657464324999996,1.1316655725,2.44222674,0.00025854193125
2.3213159125,1.0913823675,2.46957514,0.00017154447025
2.3724152125,1.2402029474999998,2.4559347350000005,0.00022643873325
2.4298621425,1.0538076597500001,2.51117182,0.00030358359774999995
2.48623007625,1.074770949875,2.45430434,0.00029249717737499996
2.34179955625,1.034487744875,2.48165274,0.00020549971637499998
2.421011051666667,1.1180972931666668,2.5653289166666666,0.0003256355119166666
2.5312141487499997,1.017182708625,2.30600267875,0.00026863224562500003
2.5655215975,1.0620632915,2.2072255025,0.00026872591824999995
2.55405980375,1.07889876575,2.30233118125,0.00027506833762499996
2.5701814483333334,1.1455325376666665,2.214823365,0.0002800937920833333
2.5748412991666667,1.2290017838333331,2.2224212275,0.00027440985516666663
2.49805218,1.0214147715,2.2230223424999997,0.00023776403024999997
2.520325095,1.05857450575,2.3102296012499997,0.000259587393625
2.5252018366666666,1.1184335243333332,2.2253545916666666,0.00026977316274999995
2.552351493333333,1.2154522771666665,2.227686840833333,0.0002537685965
2.55205405,1.0664473922500002,2.56413597,0.00049608552925
2.54732603,1.0810908161250001,2.480786415,0.000388748143125
2.66183114,1.1362382332499998,2.3031215074999998,0.00048139017525
2.6022145749999996,1.115986236625,2.3502791837499997,0.000381400466125
2.620666145,1.2243546316249998,2.2665702987499996,0.000383583952125
2.66422236,1.058787443125,2.2496626087499996,0.000419763360125
2.7602214800000002,1.1458246216249999,2.34597393875,0.000740812922625
2.5004729625,1.2879795425,2.5076516275,0.00042690574625
2.52153548625,1.19185689125,2.4525442437500002,0.000354158251625
2.5669984416666667,1.3575524883333334,2.5166589816666667,0.00072386618075
2.6335239208333334,1.4271254341666668,2.5256663358333333,0.0005753859634999999
2.42820426625,1.30039426625,2.46625223875,0.00032205505362499997
2.59711522,1.226208985,2.56743598,0.0005919605462500001
2.569856615,1.1609716125,2.48243642,0.0004366856516250001
2.6314266133333333,1.3163721166666666,2.556515216666667,0.0007788844474166667
2.6657380066666665,1.4065352483333333,2.5455944533333335,0.0006854224968333334
2.5445210325,1.3044281599999998,2.3967456225,0.00041418481125
2.5435595212499997,1.2000812,2.39709124125,0.000347797784125
2.56201109125,1.308449595,2.31338235625,0.00034998127012500003
2.596363821666667,1.3685182333333332,2.4427216449999998,0.0007196258690833333
2.6482066108333333,1.4326083066666666,2.4886976675,0.0005669053401666667
2.45022830125,1.308618575,2.41079923625,0.00031569458612500003
2.7256273024999995,1.0163994595,2.372552695,0.0007203990955
2.6341126562499997,1.05606684975,2.3849947775,0.00050090492625
2.79211956125,1.08590523475,2.3806895325,0.0008603173827500001
2.59176176875,1.0188469746250002,2.4015756875,0.00043698125874999996
2.7109409575,1.2033925975,2.496231795,0.0007578540965
2.62676948375,1.1495634187500001,2.4468343275,0.00051963242675
2.78477638875,1.1794018037499998,2.4425290825,0.0008790448832500001
2.7073104383333333,1.3011611916666666,2.5090457600000002,0.0008341822975
2.7036799191666665,1.3989297858333334,2.521859725,0.000796018197
2.6701900949999997,1.2650786649999999,2.3877390025,0.0006099426385
2.6063940525,1.1804064525,2.39258793125,0.00044567669775
2.6248456224999996,1.2887748475,2.30887904625,0.00044786018375
2.7644009575,1.2102448375,2.38828268625,0.0008050891542500001
2.6801431966666667,1.3422852366666667,2.436717231666667,0.0007848784781666667
2.690096298333333,1.4194918083333334,2.4856954608333335,0.0006974105583333333
2.7446000574999996,1.03749698625,2.4894993325,0.0008502208494999999
2.6435990337499997,1.0666156131250002,2.44346809625,0.0005658158032499999
2.80160593875,1.0964539981249999,2.43916285125,0.00092522825975
2.60124814625,1.029395738,2.4600490062500002,0.00050189213575
2.7572348116666667,1.0363137913333333,1.920335015,0.0003363660895833333
2.7833800308333334,1.1293462006666668,1.9459960275000001,0.00035603072816666663
2.717174291666667,1.0466543825,2.0046386333333333,0.00033172987358333334
2.7633497708333334,1.13451649625,1.9881478366666667,0.0003467582961666667
2.8526248933333336,1.0488562775,1.95105648,0.00045545979108333335
2.8310750716666666,1.13561744375,1.9613567600000001,0.0005942181311666667
2.812564373333333,1.0591968686666666,2.0353600983333333,0.0004508235750833333
2.8110448116666666,1.1407877393333334,2.0035085691666668,0.0005849456991666666
